3 0.5263888888888889 0.5950424382716049 0.09027777777777776 0.14320987654320988
3 0.3625 0.7955246913580247 0.0625 0.11604938271604937
3 0.18871527777777777 0.9118827160493828 0.06805555555555555 0.09876543209876543
3 0.1171875 0.6597029320987654 0.125 0.19753086419753085
0 0.08385416666666666 0.361304012345679 0.07083333333333333 0.09135802469135802
0 0.9654513888888889 0.6658371913580247 0.06527777777777778 0.11604938271604937
0 0.6611111111111111 0.38950617283950617 0.04722222222222222 0.07901234567901234
0 0.4322916666666667 0.5637731481481482 0.07083333333333333 0.0962962962962963
0 0.17326388888888888 0.38418209876543213 0.07777777777777777 0.1308641975308642
0 0.45138888888888895 0.11452546296296295 0.06527777777777778 0.1259259259259259
0 0.5380208333333333 0.41525848765432094 0.06666666666666667 0.10864197530864197