0 0.4423611111111111 0.9032021604938272 0.1222222222222222 0.1876543209876543
0 0.9586805555555555 0.6275077160493827 0.04861111111111111 0.09876543209876543
0 0.9770833333333334 0.6916666666666667 0.041666666666666664 0.13333333333333333
0 0.9769097222222222 0.47818287037037044 0.04444444444444444 0.14074074074074075
0 0.8666666666666666 0.2209297839506173 0.08333333333333333 0.10123456790123457
0 0.7052083333333333 0.20136959876543212 0.07916666666666666 0.1308641975308642
0 0.5696180555555556 0.20621141975308638 0.0611111111111111 0.10617283950617282
0 0.6152777777777778 0.21633873456790123 0.08055555555555555 0.13580246913580246
0 0.3348958333333333 0.32677469135802467 0.10416666666666666 0.11604938271604937
0 0.3628472222222222 0.16458333333333333 0.05694444444444444 0.06666666666666667
0 0.14253472222222224 0.3358217592592593 0.08194444444444444 0.11851851851851851
0 0.049305555555555554 0.29189814814814813 0.08611111111111111 0.0962962962962963