3 0.763888888888889 0.7481674382716049 0.06527777777777778 0.14320987654320988
3 0.5 0.8426697530864198 0.0875 0.1728395061728395
0 0.9324652777777779 0.5061342592592593 0.06805555555555555 0.11851851851851851
0 0.8989583333333334 0.45407021604938275 0.06666666666666667 0.09876543209876543
0 0.9229166666666666 0.4094135802469136 0.05833333333333333 0.09382716049382715
0 0.6130208333333333 0.0611304012345679 0.041666666666666664 0.0691358024691358
0 0.49722222222222223 0.27685185185185185 0.05694444444444444 0.1037037037037037
0 0.6444444444444445 0.9136381172839506 0.07638888888888888 0.16790123456790124
0 0.5678819444444445 0.9626929012345679 0.07638888888888888 0.0691358024691358
0 0.5690972222222223 0.7470871913580247 0.06944444444444445 0.11604938271604937
0 0.5572916666666667 0.8745563271604938 0.05833333333333333 0.12098765432098765
0 0.4036458333333333 0.8711033950617283 0.07916666666666666 0.12345679012345678
0 0.390625 0.756712962962963 0.075 0.1259259259259259
0 0.32743055555555556 0.8226851851851851 0.09861111111111111 0.17037037037037037
0 0.2185763888888889 0.7066358024691357 0.07777777777777777 0.1382716049382716