3 0.5633680555555556 0.3912422839506173 0.0736111111111111 0.10123456790123457
3 0.6324652777777777 0.40713734567901233 0.09305555555555554 0.1580246913580247
3 0.7173611111111111 0.3907021604938271 0.09722222222222222 0.1876543209876543
1 0.7293402777777778 0.10787037037037037 0.05555555555555556 0.14074074074074075
1 0.8131944444444444 0.5805555555555555 0.07638888888888888 0.31111111111111106
3 0.5791666666666667 0.531520061728395 0.13333333333333333 0.2567901234567901
3 0.5013888888888889 0.7151041666666667 0.14027777777777778 0.3333333333333333
0 0.7722222222222223 0.9095293209876543 0.13194444444444445 0.17530864197530863
0 0.6050347222222222 0.7932677469135803 0.11944444444444444 0.22716049382716047
0 0.5604166666666667 0.9478202160493827 0.13333333333333333 0.09876543209876543
0 0.39288194444444446 0.9028742283950617 0.11388888888888889 0.19012345679012346
1 0.21944444444444447 0.6907600308641976 0.10138888888888889 0.32839506172839505
0 0.39131944444444444 0.6265817901234568 0.15138888888888888 0.24691358024691357
0 0.16944444444444445 0.9050925925925926 0.2013888888888889 0.18518518518518517
0 0.08211805555555554 0.7914737654320987 0.1611111111111111 0.2641975308641975
3 0.5013888888888889 0.24367283950617283 0.14027777777777778 0.21234567901234563
3 0.4298611111111111 0.13375771604938272 0.09722222222222222 0.09876543209876543
3 0.2326388888888889 0.08719135802469136 0.06527777777777778 0.04938271604938271
3 0.2611111111111111 0.024112654320987654 0.05972222222222222 0.04197530864197531
3 0.34444444444444444 0.13383487654320986 0.06388888888888888 0.08641975308641975