0 0.7979166666666667 0.16786265432098765 0.15833333333333333 0.2419753086419753
0 0.8463541666666666 0.5542824074074074 0.13333333333333333 0.2148148148148148
0 0.5892361111111111 0.3623263888888889 0.09722222222222222 0.17777777777777776
0 0.5520833333333333 0.20630787037037038 0.06666666666666667 0.14074074074074075
3 0.548611111111111 0.2984760802469136 0.05972222222222222 0.09382716049382715
3 0.9354166666666666 0.10736882716049383 0.08333333333333333 0.12098765432098765
3 0.23402777777777778 0.10835262345679011 0.08055555555555555 0.11358024691358024
3 0.27586805555555555 0.9193672839506173 0.0611111111111111 0.10123456790123457
3 0.3975694444444445 0.266724537037037 0.06388888888888888 0.07407407407407407
3 0.5137152777777778 0.5962770061728395 0.06805555555555555 0.14567901234567898
3 0.23038194444444446 0.6605902777777778 0.07638888888888888 0.15555555555555553