1 0.0970486111111111 0.8797839506172839 0.13472222222222222 0.2345679012345679
2 0.17118055555555553 0.8708719135802468 0.12361111111111109 0.16049382716049382
2 0.18333333333333332 0.9437114197530864 0.11666666666666665 0.10617283950617282
2 0.08854166666666666 0.6980902777777778 0.10833333333333332 0.15555555555555553
1 0.17708333333333331 0.3974151234567901 0.12916666666666665 0.11358024691358024
0 0.096875 0.4812307098765432 0.125 0.1530864197530864
0 0.16961805555555556 0.5697916666666667 0.08611111111111111 0.13333333333333333
0 0.24253472222222222 0.5817129629629629 0.09444444444444444 0.1259259259259259
0 0.22100694444444446 0.4718557098765432 0.10138888888888889 0.1530864197530864
0 0.16336805555555553 0.7103395061728395 0.1361111111111111 0.14567901234567898
0 0.3164930555555555 0.5177469135802469 0.08611111111111111 0.16049382716049382
0 0.3006944444444445 0.7633294753086419 0.11388888888888889 0.21728395061728395
0 0.37430555555555556 0.7395640432098766 0.08611111111111111 0.21975308641975308
2 0.36822916666666666 0.5833719135802469 0.09583333333333333 0.16049382716049382
2 0.4489583333333333 0.4637345679012346 0.12916666666666665 0.20246913580246914
1 0.40625 0.3779513888888889 0.1125 0.17777777777777776
1 0.48298611111111106 0.7670138888888889 0.17222222222222222 0.37777777777777777
1 0.5112847222222222 0.6869598765432099 0.06944444444444445 0.28641975308641976
2 0.5951388888888889 0.6413773148148147 0.12777777777777777 0.22962962962962963
2 0.6774305555555555 0.7451774691358024 0.11111111111111112 0.2716049382716049
0 0.7435763888888889 0.8828125 0.14027777777777778 0.2
2 0.6381944444444445 0.5093557098765432 0.11388888888888889 0.1530864197530864
2 0.6875 0.4133101851851852 0.1 0.17037037037037037
2 0.8545138888888889 0.27685185185185185 0.11527777777777777 0.1037037037037037
0 0.7833333333333333 0.6834104938271605 0.14166666666666666 0.254320987654321
0 0.8585069444444444 0.5807677469135802 0.1388888888888889 0.22716049382716047
1 0.9118055555555555 0.42349537037037044 0.08611111111111111 0.14074074074074075
2 0.9251736111111111 0.6048611111111111 0.05972222222222222 0.22222222222222224
2 0.968923611111111 0.6676890432098765 0.05972222222222222 0.21975308641975308
2 0.7699652777777778 0.3398726851851852 0.10555555555555556 0.17037037037037037
2 0.8217013888888889 0.4447916666666667 0.09027777777777776 0.13333333333333333
2 0.9663194444444445 0.46221064814814816 0.06388888888888888 0.0962962962962963
0 0.8972222222222221 0.12800925925925927 0.08194444444444444 0.11851851851851851
0 0.95625 0.2900270061728395 0.075 0.14567901234567898
1 0.9654513888888889 0.16215277777777776 0.06527777777777778 0.15555555555555553
2 0.5074652777777777 0.10326003086419752 0.09305555555555554 0.12839506172839504