1 0.38298611111111114 0.39427083333333335 0.08472222222222223 0.06666666666666667
2 0.08836805555555556 0.7585841049382716 0.0611111111111111 0.0765432098765432
1 0.1125 0.07833719135802468 0.0375 0.11604938271604937
3 0.30364583333333334 0.6759452160493827 0.06666666666666667 0.09876543209876543
0 0.4796875 0.16886574074074073 0.0375 0.08148148148148147
0 0.523611111111111 0.2010223765432099 0.04722222222222222 0.08641975308641975
3 0.6159722222222223 0.24994212962962964 0.04444444444444444 0.059259259259259255
0 0.8574652777777778 0.24124228395061728 0.05555555555555556 0.10123456790123457
0 0.9697916666666666 0.2976466049382716 0.05833333333333333 0.0765432098765432
1 0.9831597222222221 0.37627314814814816 0.03194444444444444 0.0962962962962963
0 0.7046875 0.4413387345679013 0.075 0.13580246913580246
1 0.5215277777777778 0.9244020061728395 0.10555555555555556 0.14567901234567898
3 0.6682291666666667 0.7951003086419753 0.05833333333333333 0.08395061728395062
1 0.5965277777777778 0.6462770061728395 0.09305555555555554 0.14567901234567898
3 0.7588541666666667 0.9497106481481481 0.08333333333333333 0.0962962962962963
0 0.6743055555555555 0.1273341049382716 0.03611111111111111 0.0765432098765432
1 0.9661458333333334 0.12299382716049383 0.041666666666666664 0.12098765432098765
2 0.5425347222222222 0.4033950617283951 0.05694444444444444 0.05679012345679012