0 0.12465277777777777 0.14205246913580247 0.05555555555555556 0.07160493827160494
0 0.1814236111111111 0.3164158950617284 0.07222222222222222 0.12345679012345678
0 0.21597222222222223 0.254224537037037 0.04444444444444444 0.07407407407407407
0 0.22777777777777777 0.07650462962962963 0.043055555555555555 0.059259259259259255
0 0.39600694444444445 0.1054591049382716 0.05138888888888889 0.0765432098765432
0 0.4256944444444445 0.0601466049382716 0.05138888888888889 0.0765432098765432
0 0.4331597222222222 0.1626929012345679 0.04444444444444444 0.0691358024691358
0 0.47100694444444446 0.20462962962962963 0.02638888888888889 0.059259259259259255
0 0.39565972222222223 0.3564621913580247 0.05694444444444444 0.11604938271604937
0 0.2420138888888889 0.46986882716049383 0.07777777777777777 0.12098765432098765
0 0.17638888888888887 0.5609953703703704 0.09027777777777776 0.14074074074074075
0 0.12604166666666666 0.05694444444444444 0.05833333333333333 0.08888888888888888
0 0.2984375 0.4805555555555555 0.05 0.11111111111111112
0 0.818576388888889 0.2749614197530864 0.05277777777777778 0.10617283950617282
1 0.5894097222222222 0.4251929012345679 0.05694444444444444 0.0691358024691358
1 0.6236111111111111 0.9210069444444444 0.08472222222222223 0.08888888888888888
3 0.878125 0.09837962962962962 0.0625 0.059259259259259255