0 0.20872395833333335 0.0615162037037037 0.039322916666666666 0.0824074074074074
3 0.5807291666666667 0.5583912037037038 0.017708333333333333 0.04490740740740741
2 0.932421875 0.755613425925926 0.06484375 0.08935185185185185
3 0.580078125 0.6611111111111111 0.04765625 0.08472222222222223
0 0.5545572916666667 0.7998842592592592 0.04348958333333333 0.08101851851851852
0 0.633984375 0.9346643518518519 0.04921875 0.07870370370370369
0 0.5993489583333333 0.8697916666666666 0.04244791666666666 0.09583333333333333
0 0.8529947916666666 0.2905671296296296 0.04973958333333333 0.09675925925925925
0 0.874609375 0.6770833333333333 0.05234375 0.09166666666666666
0 0.4786458333333333 0.4189236111111111 0.041666666666666664 0.08472222222222223
0 0.5010416666666667 0.49745370370370373 0.03958333333333333 0.0699074074074074
0 0.33307291666666666 0.4920717592592593 0.04427083333333333 0.08101851851851852
0 0.38450520833333335 0.18912037037037038 0.04088541666666666 0.09074074074074073
0 0.24309895833333334 0.47494212962962956 0.029947916666666664 0.059259259259259255
0 0.13111979166666668 0.4883680555555555 0.04348958333333333 0.0736111111111111