0 0.6325520833333333 0.43622685185185184 0.03697916666666666 0.07870370370370369
0 0.5072916666666667 0.13998842592592592 0.04583333333333333 0.07685185185185185
0 0.5953125 0.2664930555555555 0.071875 0.1361111111111111
0 0.5666666666666667 0.3825810185185185 0.042708333333333334 0.062037037037037036
0 0.7658854166666667 0.3491898148148148 0.06927083333333332 0.10462962962962963
0 0.6802083333333333 0.6269097222222222 0.05416666666666666 0.11944444444444444
0 0.016927083333333332 0.48310185185185184 0.03072916666666666 0.07870370370370369
0 0.06953125 0.5690393518518518 0.0546875 0.1037037037037037
0 0.20833333333333334 0.472337962962963 0.03229166666666666 0.050925925925925916
0 0.17708333333333331 0.962673611111111 0.051041666666666666 0.07222222222222222
0 0.22838541666666665 0.9506944444444445 0.05989583333333333 0.08888888888888888
0 0.28932291666666665 0.9154513888888889 0.06302083333333333 0.12777777777777777
0 0.38984375 0.4418402777777778 0.0578125 0.08055555555555555
3 0.3809895833333333 0.3708912037037037 0.06510416666666666 0.0824074074074074
1 0.8442708333333334 0.6943287037037037 0.13541666666666666 0.1074074074074074
1 0.4846354166666667 0.890451388888889 0.14114583333333333 0.07777777777777777
1 0.3138020833333333 0.9572916666666667 0.11197916666666666 0.08333333333333333
1 0.4768229166666667 0.25069444444444444 0.07864583333333333 0.08888888888888888
1 0.6692708333333333 0.5083912037037037 0.05416666666666666 0.1074074074074074