1 0.425 0.1511574074074074 0.16875 0.1398148148148148
2 0.2294270833333333 0.5025462962962963 0.14947916666666666 0.21759259259259256
3 0.925 0.8986689814814814 0.084375 0.11296296296296296
3 0.46796875 0.6539930555555555 0.0640625 0.1361111111111111
3 0.4361979166666667 0.5994212962962963 0.05052083333333333 0.09259259259259259
3 0.3888020833333333 0.7266203703703703 0.09322916666666667 0.16574074074074072
3 0.28515625 0.7605324074074075 0.0890625 0.11481481481481481
3 0.13307291666666665 0.8070023148148149 0.09114583333333333 0.10462962962962963
3 0.8971354166666666 0.6002893518518518 0.12864583333333332 0.1537037037037037
3 0.74140625 0.5131365740740741 0.1046875 0.14814814814814814
3 0.5705729166666667 0.10769675925925926 0.10989583333333333 0.1935185185185185
3 0.26822916666666663 0.08391203703703703 0.07083333333333333 0.09907407407407406
0 0.5598958333333333 0.27586805555555555 0.13229166666666664 0.1861111111111111
0 0.5354166666666667 0.5655092592592592 0.13645833333333332 0.2185185185185185
0 0.5848958333333333 0.6900462962962963 0.07291666666666666 0.11759259259259258
3 0.95546875 0.39971064814814816 0.0609375 0.0962962962962963
3 0.8229166666666666 0.809837962962963 0.06458333333333333 0.07592592592592592