0 0.29704861111111114 0.5463155864197531 0.034722222222222224 0.03950617283950617
0 0.02378472222222222 0.7574266975308641 0.04444444444444444 0.06172839506172839
0 0.20173611111111112 0.6050347222222222 0.04722222222222222 0.04444444444444444
0 0.403125 0.5185378086419753 0.05 0.08395061728395062
0 0.6211805555555555 0.45175540123456787 0.04861111111111111 0.0691358024691358
0 0.5810763888888889 0.5746141975308642 0.04027777777777777 0.06172839506172839
0 0.3798611111111111 0.6014274691358025 0.04722222222222222 0.07160493827160494
0 0.4496527777777778 0.7512924382716049 0.08055555555555555 0.14320987654320988
0 0.5600694444444445 0.8203703703703704 0.06388888888888888 0.14074074074074075
0 0.30746527777777777 0.9304012345679012 0.11805555555555555 0.13580246913580246
3 0.6428819444444445 0.7960841049382716 0.05138888888888889 0.0765432098765432
3 0.6317708333333333 0.9054591049382716 0.05416666666666666 0.0765432098765432
3 0.7244791666666667 0.6242091049382716 0.05833333333333333 0.0765432098765432
3 0.8236111111111111 0.4414737654320987 0.05972222222222222 0.06419753086419752
3 0.71875 0.49081790123456787 0.05 0.0691358024691358
1 0.28958333333333336 0.6254436728395062 0.07916666666666666 0.07901234567901234