0 0.8291666666666666 0.9325231481481481 0.05208333333333333 0.07129629629629629
0 0.728125 0.9691550925925926 0.04375 0.06018518518518519
0 0.975 0.7865162037037037 0.04375 0.05740740740740741
0 0.9354166666666666 0.6956018518518519 0.03958333333333333 0.0537037037037037
0 0.93046875 0.6543402777777778 0.0453125 0.05555555555555556
0 0.8713541666666667 0.7054976851851852 0.04895833333333333 0.045370370370370366
0 0.5580729166666667 0.8052662037037036 0.03802083333333333 0.05740740740740741
0 0.4807291666666667 0.8876157407407407 0.03020833333333333 0.05648148148148148
0 0.32578125 0.8733217592592591 0.0671875 0.09351851851851851
0 0.4666666666666667 0.7652199074074074 0.04583333333333333 0.06481481481481481
0 0.13645833333333332 0.7451967592592592 0.041666666666666664 0.04351851851851852
0 0.39973958333333337 0.6356481481481482 0.024479166666666666 0.046296296296296294
0 0.4809895833333333 0.6124421296296296 0.03697916666666666 0.03425925925925925
0 0.5307291666666667 0.5589699074074075 0.03333333333333333 0.03981481481481482
0 0.6166666666666667 0.5299189814814815 0.02395833333333333 0.03796296296296296
0 0.6315104166666667 0.5521412037037037 0.025520833333333333 0.032407407407407406
0 0.6825520833333333 0.6234953703703703 0.024479166666666666 0.04074074074074074
0 0.6684895833333333 0.5125 0.03697916666666666 0.05
0 0.4393229166666667 0.5019675925925926 0.02239583333333333 0.03518518518518519
0 0.4036458333333333 0.44733796296296297 0.03854166666666666 0.050925925925925916
0 0.3455729166666667 0.4283564814814815 0.028645833333333332 0.03796296296296296
0 0.3067708333333333 0.4315393518518518 0.026041666666666664 0.028703703703703703
0 0.26588541666666665 0.5146412037037037 0.02239583333333333 0.032407407407407406
0 0.23828125 0.42384259259259255 0.0296875 0.03518518518518519
0 0.26302083333333337 0.3941550925925926 0.022916666666666665 0.03518518518518519
0 0.19479166666666667 0.4969328703703703 0.02708333333333333 0.04074074074074074
0 0.11354166666666668 0.5075810185185186 0.03333333333333333 0.037037037037037035
0 0.11822916666666668 0.47476851851851853 0.02708333333333333 0.037037037037037035
1 0.5635416666666667 0.5873842592592593 0.07083333333333333 0.04351851851851852
1 0.584375 0.9213541666666666 0.11875 0.10833333333333332
3 0.23802083333333335 0.640451388888889 0.06041666666666666 0.07777777777777777
3 0.6518229166666667 0.6813078703703703 0.06302083333333333 0.06574074074074074
3 0.7627604166666667 0.6516782407407408 0.04739583333333333 0.05648148148148148
3 0.33307291666666666 0.36846064814814816 0.04114583333333333 0.046296296296296294
3 0.06380208333333333 0.8108217592592591 0.049479166666666664 0.0685185185185185