1 0.4291666666666667 0.8475115740740741 0.11458333333333333 0.19814814814814813
1 0.92734375 0.6751157407407408 0.1453125 0.15648148148148147
1 0.6388020833333333 0.295775462962963 0.10260416666666665 0.10092592592592593
0 0.4877604166666667 0.6827546296296296 0.04427083333333333 0.059259259259259255
0 0.60859375 0.36377314814814815 0.0578125 0.07129629629629629
0 0.8158854166666666 0.28425925925925927 0.034895833333333334 0.04351851851851852
0 0.7065104166666667 0.07262731481481481 0.034895833333333334 0.054629629629629625
0 0.5643229166666667 0.1308449074074074 0.034895833333333334 0.06481481481481481
0 0.5921875 0.11730324074074075 0.034375 0.05648148148148148
0 0.4161458333333333 0.20949074074074076 0.03854166666666666 0.05648148148148148
0 0.121875 0.4942708333333333 0.03125 0.041666666666666664
0 0.05651041666666666 0.36278935185185185 0.04739583333333333 0.07870370370370369
0 0.11432291666666668 0.15497685185185187 0.04114583333333333 0.0537037037037037
3 0.484375 0.17853009259259262 0.03125 0.03518518518518519
3 0.8307291666666666 0.12841435185185185 0.06458333333333333 0.1037037037037037
3 0.4354166666666667 0.4013888888888889 0.05833333333333333 0.07777777777777777