0 0.24427083333333335 0.8151041666666666 0.026041666666666664 0.03333333333333333
0 0.20416666666666666 0.9344907407407407 0.03958333333333333 0.05648148148148148
0 0.2947916666666667 0.8068287037037036 0.03333333333333333 0.05740740740740741
0 0.4932291666666667 0.7217592592592592 0.03333333333333333 0.04351851851851852
0 0.7408854166666667 0.553587962962963 0.034895833333333334 0.050925925925925916
1 0.5958333333333333 0.9021990740740741 0.09166666666666666 0.04814814814814815
0 0.6622395833333333 0.920949074074074 0.04010416666666666 0.04814814814814815
0 0.7078125 0.84375 0.0375 0.05
0 0.4057291666666667 0.9494212962962963 0.05208333333333333 0.06759259259259259
0 0.54453125 0.6942708333333333 0.0359375 0.041666666666666664
0 0.665625 0.6909143518518518 0.034375 0.0537037037037037
0 0.4963541666666667 0.8343171296296296 0.03958333333333333 0.059259259259259255