3 0.5597222222222222 0.696875 0.05694444444444444 0.2
0 0.45190972222222225 0.25981867283950616 0.08194444444444444 0.07901234567901234
0 0.2545138888888889 0.3474151234567901 0.07777777777777777 0.11358024691358024
0 0.2614583333333333 0.5874807098765432 0.11666666666666665 0.1530864197530864
0 0.43142361111111105 0.29542824074074076 0.07222222222222222 0.08148148148148147
0 0.4456597222222222 0.4093364197530864 0.06944444444444445 0.10617283950617282
0 0.39895833333333336 0.6647762345679012 0.07916666666666666 0.13580246913580246
0 0.49027777777777776 0.6340084876543209 0.06805555555555555 0.10864197530864197
0 0.5550347222222223 0.4111496913580247 0.05694444444444444 0.11604938271604937
1 0.507638888888889 0.4601851851851852 0.04027777777777777 0.17037037037037037
0 0.6939236111111111 0.23564814814814813 0.05972222222222222 0.0962962962962963
0 0.6383680555555555 0.3869598765432099 0.0611111111111111 0.08641975308641975
0 0.701388888888889 0.3965856481481481 0.06527777777777778 0.0962962962962963
0 0.6085069444444444 0.5284143518518518 0.07638888888888888 0.1037037037037037
0 0.6088541666666667 0.4523341049382716 0.05833333333333333 0.0765432098765432
0 0.7119791666666667 0.5055555555555555 0.08333333333333333 0.11111111111111112
0 0.6909722222222222 0.6221643518518518 0.06944444444444445 0.1037037037037037
0 0.7036458333333333 0.8380594135802468 0.10416666666666666 0.16049382716049382
1 0.6355902777777778 0.6511188271604939 0.06805555555555555 0.12098765432098765
0 0.39861111111111114 0.9370563271604938 0.10972222222222221 0.12098765432098765
0 0.5135416666666667 0.9478202160493827 0.09583333333333333 0.09876543209876543