2 0.11440972222222223 0.6105709876543209 0.05694444444444444 0.10864197530864197
3 0.6454861111111111 0.658275462962963 0.08472222222222223 0.1259259259259259
3 0.7541666666666667 0.5792824074074074 0.12083333333333332 0.2148148148148148
3 0.6607638888888889 0.4364969135802469 0.10277777777777777 0.16049382716049382
0 0.9395833333333334 0.050366512345679015 0.11666666666666665 0.09135802469135802
0 0.648611111111111 0.07314814814814814 0.08472222222222223 0.0962962962962963
0 0.5826388888888889 0.14616126543209879 0.05277777777777778 0.06419753086419752
0 0.7850694444444445 0.9180748456790123 0.12638888888888888 0.1580246913580247
0 0.640451388888889 0.8823109567901234 0.09027777777777776 0.18024691358024691
0 0.5625 0.7737461419753087 0.0875 0.1506172839506173
0 0.9086805555555555 0.4268325617283951 0.1361111111111111 0.2567901234567901
0 0.5532986111111111 0.2748263888888889 0.07222222222222222 0.17777777777777776
0 0.20763888888888887 0.8563850308641975 0.07777777777777777 0.12839506172839504
0 0.22083333333333335 0.6961033950617284 0.07916666666666666 0.12345679012345678
0 0.5491319444444445 0.5419945987654321 0.07638888888888888 0.1308641975308642
0 0.4111111111111111 0.556712962962963 0.07222222222222222 0.1259259259259259
0 0.42690972222222223 0.339525462962963 0.06944444444444445 0.1259259259259259
0 0.26041666666666663 0.33310185185185187 0.05833333333333333 0.1037037037037037
0 0.3951388888888889 0.06286651234567901 0.06527777777777778 0.09135802469135802