0 0.5133680555555555 0.13510802469135802 0.11111111111111112 0.18271604938271604
0 0.40069444444444446 0.21633873456790123 0.10138888888888889 0.13580246913580246
0 0.4725694444444445 0.3192322530864197 0.15138888888888888 0.1728395061728395
0 0.6175347222222223 0.24251543209876542 0.13194444444444445 0.19753086419753085
0 0.6505208333333333 0.3588155864197531 0.15416666666666665 0.23950617283950618
0 0.20104166666666665 0.25983796296296297 0.12083333333333332 0.1259259259259259
0 0.10208333333333333 0.41660879629629627 0.14166666666666666 0.1925925925925926
0 0.13333333333333333 0.6351466049382716 0.14166666666666666 0.2765432098765432
1 0.18472222222222223 0.3599922839506173 0.13194444444444445 0.10123456790123457
2 0.2954861111111111 0.14025848765432097 0.07222222222222222 0.10864197530864197
1 0.36944444444444446 0.07833719135802468 0.07638888888888888 0.11604938271604937
1 0.23038194444444446 0.6142168209876543 0.07638888888888888 0.17530864197530863
2 0.5399305555555556 0.5056712962962963 0.1611111111111111 0.1925925925925926
0 0.8729166666666666 0.17995756172839505 0.18333333333333332 0.2567901234567901
1 0.937673611111111 0.26263503086419754 0.1222222222222222 0.32839506172839505
1 0.9020833333333333 0.8285108024691358 0.19166666666666665 0.3382716049382716
0 0.8840277777777779 0.5928047839506172 0.23055555555555554 0.3012345679012346
0 0.7053819444444445 0.8285108024691358 0.28888888888888886 0.3382716049382716