0 0.842578125 0.9538773148148149 0.07890625 0.09212962962962963
3 0.85859375 0.8053819444444444 0.0734375 0.08888888888888888
0 0.39986979166666664 0.7642939814814815 0.03411458333333333 0.06296296296296296
0 0.7239583333333333 0.6247106481481481 0.04791666666666666 0.0962962962962963
0 0.5682291666666667 0.6803819444444444 0.03645833333333333 0.06388888888888888
0 0.731640625 0.30746527777777777 0.03203125 0.05555555555555556
0 0.7122395833333333 0.5231481481481481 0.03072916666666666 0.07129629629629629
0 0.6265625 0.43396990740740743 0.034375 0.052314814814814814
0 0.690625 0.34108796296296295 0.028125 0.06342592592592591
0 0.5809895833333333 0.13055555555555556 0.021354166666666667 0.04861111111111111
0 0.559375 0.17314814814814813 0.025 0.033796296296296297
0 0.4725260416666667 0.23072916666666665 0.02005208333333333 0.03333333333333333
0 0.4970052083333333 0.24097222222222223 0.019010416666666665 0.03194444444444444
0 0.4515625 0.2611689814814815 0.025 0.03796296296296296
0 0.38841145833333335 0.3857638888888889 0.02682291666666666 0.04027777777777777
0 0.39309895833333336 0.43211805555555555 0.023697916666666666 0.04861111111111111