3 0.26336805555555554 0.827488425925926 0.1361111111111111 0.2518518518518518
0 0.49045138888888895 0.6099537037037037 0.10277777777777777 0.2074074074074074
0 0.3246527777777778 0.6006558641975308 0.11805555555555555 0.1950617283950617
0 0.31909722222222225 0.4495756172839506 0.10694444444444444 0.16790123456790124
0 0.4276041666666667 0.4387924382716049 0.09583333333333333 0.14320987654320988
0 0.4328125 0.33763503086419755 0.0875 0.12839506172839504
0 0.38159722222222225 0.27586805555555555 0.06944444444444445 0.11111111111111112
0 0.34930555555555554 0.36896219135802466 0.09861111111111111 0.11604938271604937
0 0.4557291666666667 0.23302469135802467 0.08333333333333333 0.11604938271604937
0 0.5414930555555555 0.33379629629629626 0.11111111111111112 0.1925925925925926
0 0.6163194444444444 0.24735725308641973 0.08888888888888888 0.1728395061728395
0 0.6331597222222223 0.41726466049382716 0.09444444444444444 0.1876543209876543
0 0.6159722222222223 0.7611882716049383 0.11944444444444444 0.20987654320987653
0 0.749826388888889 0.7344714506172839 0.14027777777777778 0.2345679012345679
0 0.70625 0.5409529320987654 0.15 0.19753086419753085
0 0.7550347222222222 0.3760030864197531 0.14444444444444443 0.23950617283950618
0 0.8684027777777779 0.4974729938271604 0.15555555555555553 0.254320987654321
0 0.579861111111111 0.9560378086419753 0.1222222222222222 0.08395061728395062
0 0.7777777777777778 0.943383487654321 0.14305555555555555 0.10864197530864197
0 0.8215277777777779 0.8616705246913581 0.10555555555555556 0.18271604938271604
0 0.9456597222222222 0.8671296296296296 0.10694444444444444 0.25925925925925924
0 0.32569444444444445 0.25225694444444446 0.06388888888888888 0.08888888888888888
0 0.3628472222222222 0.19099151234567902 0.06944444444444445 0.09135802469135802
0 0.4375 0.10185185185185186 0.0625 0.1037037037037037
0 0.19722222222222224 0.445775462962963 0.10694444444444444 0.1259259259259259
0 0.24079861111111112 0.372241512345679 0.07222222222222222 0.09135802469135802