3 0.2920138888888889 0.38393132716049383 0.06527777777777778 0.12098765432098765
0 0.5708333333333333 0.7848186728395061 0.041666666666666664 0.07901234567901234
0 0.5946180555555556 0.7586612654320988 0.03611111111111111 0.06419753086419752
0 0.6078125 0.7177083333333333 0.0375 0.06666666666666667
0 0.6805555555555556 0.5543016975308641 0.03611111111111111 0.06172839506172839
0 0.3145833333333333 0.26261574074074073 0.05416666666666666 0.08148148148148147
0 0.32222222222222224 0.6501350308641975 0.05694444444444444 0.12839506172839504
0 0.2899305555555555 0.7909336419753086 0.0611111111111111 0.1506172839506173
0 0.8548611111111111 0.9582561728395061 0.04722222222222222 0.07901234567901234
0 0.71875 0.7631944444444445 0.05 0.08888888888888888
0 0.584375 0.9645833333333333 0.075 0.06666666666666667
0 0.4104166666666667 0.9563657407407407 0.05833333333333333 0.08148148148148147
0 0.0923611111111111 0.6450617283950617 0.1597222222222222 0.19012345679012346