0 0.17708333333333331 0.20266203703703703 0.06666666666666667 0.07407407407407407
0 0.1326388888888889 0.2429591049382716 0.07777777777777777 0.0765432098765432
0 0.3079861111111111 0.06657021604938271 0.04722222222222222 0.09876543209876543
0 0.7442708333333333 0.5086033950617284 0.07916666666666666 0.12345679012345678
0 0.701388888888889 0.5862461419753087 0.09027777777777776 0.1506172839506173
0 0.8065972222222222 0.6028549382716049 0.10694444444444444 0.14320987654320988
0 0.773263888888889 0.7302662037037038 0.11527777777777777 0.2074074074074074
0 0.8170138888888889 0.4970293209876543 0.09027777777777776 0.17530864197530863
0 0.7340277777777777 0.41238425925925926 0.08055555555555555 0.11851851851851851
0 0.68125 0.4637924382716049 0.075 0.14320987654320988
0 0.6137152777777778 0.5056520061728395 0.08055555555555555 0.14567901234567898
0 0.5854166666666667 0.2899305555555555 0.05833333333333333 0.11111111111111112
0 0.5934027777777777 0.19675925925925924 0.06805555555555555 0.11851851851851851
0 0.5526041666666667 0.17102623456790123 0.05833333333333333 0.13580246913580246
0 0.275 0.38526234567901235 0.1375 0.1580246913580247
0 0.19288194444444445 0.2882137345679012 0.08888888888888888 0.13580246913580246
0 0.09027777777777778 0.4170138888888889 0.14305555555555555 0.17777777777777776
0 0.721875 0.2993827160493827 0.075 0.09876543209876543
0 0.5300347222222223 0.41238425925925926 0.08194444444444444 0.11851851851851851
0 0.40069444444444446 0.3202932098765432 0.07638888888888888 0.1530864197530864
0 0.46701388888888895 0.5345293209876543 0.07777777777777777 0.17530864197530863
0 0.40694444444444444 0.5105902777777778 0.07638888888888888 0.15555555555555553
0 0.2569444444444445 0.5640625 0.12638888888888888 0.2
0 0.09253472222222223 0.5517168209876543 0.16944444444444445 0.17530864197530863
0 0.9065972222222222 0.943383487654321 0.11944444444444444 0.10864197530864197
0 0.41475694444444444 0.9180748456790123 0.17638888888888887 0.1580246913580247
0 0.3545138888888889 0.8210069444444444 0.20277777777777778 0.28888888888888886
0 0.2267361111111111 0.9117476851851851 0.20972222222222223 0.17037037037037037
3 0.07569444444444444 0.3146797839506173 0.08888888888888888 0.10123456790123457
3 0.26875 0.7630787037037037 0.125 0.2074074074074074
3 0.8612847222222222 0.6586419753086419 0.10694444444444444 0.21728395061728395
1 0.6607638888888889 0.6599537037037038 0.07777777777777777 0.2074074074074074
1 0.6135416666666667 0.6582561728395062 0.12083333333333332 0.27901234567901234