3 0.909765625 0.1798611111111111 0.02890625 0.07222222222222222
3 0.8076822916666666 0.4372106481481482 0.046614583333333334 0.08379629629629629
3 0.7705729166666667 0.35416666666666663 0.056770833333333326 0.12083333333333332
1 0.665234375 0.5824652777777778 0.03359375 0.11805555555555555
1 0.6171875 0.9424189814814815 0.040625 0.11296296296296296
3 0.3751302083333333 0.8507523148148148 0.028385416666666663 0.029629629629629627
3 0.23880208333333336 0.45630787037037035 0.021354166666666667 0.04074074074074074
3 0.4447916666666667 0.17829861111111112 0.020833333333333332 0.04722222222222222
3 0.11770833333333333 0.3009837962962963 0.057291666666666664 0.055092592592592596
0 0.5205729166666667 0.382349537037037 0.05989583333333333 0.11157407407407408
0 0.4733072916666667 0.8294560185185185 0.06223958333333333 0.08703703703703704