0 0.48993055555555554 0.3257908950617284 0.08611111111111111 0.12345679012345678
0 0.4526041666666667 0.49446373456790127 0.07083333333333333 0.13580246913580246
0 0.9342013888888889 0.23742283950617282 0.12777777777777777 0.21234567901234563
0 0.7925347222222222 0.3062114197530864 0.14444444444444443 0.3061728395061728
0 0.6543402777777778 0.2971257716049383 0.11805555555555555 0.20987654320987653
0 0.7020833333333333 0.4957561728395062 0.15416666666666665 0.27901234567901234
0 0.9022569444444445 0.5070408950617284 0.15138888888888888 0.32345679012345674
0 0.409375 0.9474922839506172 0.1375 0.10123456790123457
0 0.5652777777777778 0.4974344135802469 0.10555555555555556 0.16049382716049382
0 0.546875 0.4093557098765432 0.1 0.1530864197530864
0 0.5220486111111111 0.20179398148148148 0.09722222222222222 0.16296296296296295