2 0.7458333333333333 0.3912422839506173 0.06666666666666667 0.10123456790123457
0 0.5276041666666667 0.16469907407407408 0.09583333333333333 0.14814814814814814
0 0.4835069444444445 0.26419753086419756 0.08888888888888888 0.12839506172839504
0 0.4583333333333333 0.1632908950617284 0.07916666666666666 0.12345679012345678
0 0.40121527777777777 0.2532793209876543 0.08055555555555555 0.17530864197530863
0 0.3116319444444445 0.2623070987654321 0.07638888888888888 0.1308641975308642
0 0.5881944444444445 0.2820601851851852 0.08888888888888888 0.17037037037037037
0 0.6973958333333333 0.2640432098765432 0.11666666666666665 0.1530864197530864
0 0.7071180555555555 0.5888117283950617 0.09861111111111111 0.19012345679012346
0 0.5821180555555555 0.6376543209876543 0.09861111111111111 0.17530864197530863
0 0.5059027777777778 0.7488425925925926 0.08055555555555555 0.18518518518518517
0 0.4442708333333333 0.6426697530864198 0.06666666666666667 0.1728395061728395
0 0.5699652777777777 0.9307291666666666 0.10555555555555556 0.13333333333333333
0 0.42795138888888895 0.9114197530864198 0.11527777777777777 0.1728395061728395
0 0.08454861111111112 0.8060570987654321 0.08472222222222223 0.1308641975308642
3 0.12586805555555555 0.5640239197530864 0.0611111111111111 0.10617283950617282
3 0.590625 0.466358024691358 0.1125 0.18271604938271604
3 0.4145833333333333 0.4296103395061728 0.11666666666666665 0.21234567901234563
3 0.36527777777777776 0.366087962962963 0.05555555555555556 0.1259259259259259
3 0.35138888888888886 0.5160108024691358 0.06527777777777778 0.1382716049382716
3 0.810763888888889 0.5906057098765432 0.09027777777777776 0.1530864197530864
2 0.66875 0.7226851851851852 0.1 0.17037037037037037
1 0.7706597222222222 0.31589506172839504 0.09444444444444444 0.2567901234567901
1 0.6069444444444445 0.7852623456790123 0.10138888888888889 0.1580246913580247