0 0.5493055555555555 0.8572916666666666 0.0611111111111111 0.13333333333333333
0 0.6097222222222223 0.8883873456790123 0.06944444444444445 0.1580246913580247
0 0.7730902777777777 0.7225887345679013 0.09305555555555554 0.13580246913580246
0 0.871875 0.8972800925925926 0.125 0.18518518518518517
0 0.8930555555555555 0.24760802469135804 0.12361111111111109 0.18271604938271604
0 0.6819444444444445 0.21057098765432097 0.06388888888888888 0.10864197530864197
0 0.656076388888889 0.3331983024691358 0.09027777777777776 0.1382716049382716
0 0.5765625 0.2492283950617284 0.075 0.12345679012345678
0 0.6203125 0.6192901234567901 0.0625 0.11358024691358024
0 0.5012152777777777 0.4208333333333333 0.03055555555555555 0.06666666666666667
0 0.5322916666666667 0.4773341049382716 0.03333333333333333 0.0765432098765432
0 0.5119791666666667 0.5264274691358024 0.03333333333333333 0.07160493827160494
0 0.4774305555555555 0.5324266975308641 0.03611111111111111 0.06172839506172839