3 0.5708333333333333 0.7794560185185185 0.029166666666666664 0.037037037037037035
0 0.4782552083333333 0.40839120370370374 0.031510416666666666 0.04490740740740741
0 0.8654947916666667 0.22609953703703703 0.03411458333333333 0.06157407407407407
0 0.9126302083333334 0.3587384259259259 0.047135416666666666 0.07685185185185185
3 0.9680989583333334 0.5263310185185185 0.045572916666666664 0.08703703703703704
0 0.7760416666666667 0.8326967592592591 0.03333333333333333 0.05601851851851851
0 0.780078125 0.9645833333333333 0.02890625 0.06666666666666667
0 0.7229166666666667 0.921412037037037 0.03020833333333333 0.07407407407407407
0 0.392578125 0.3294560185185185 0.03828125 0.062037037037037036
3 0.606640625 0.7671875 0.03828125 0.0375
0 0.4475260416666667 0.9266203703703704 0.051302083333333325 0.09074074074074073
0 0.37265625 0.9674189814814815 0.0484375 0.06296296296296296
0 0.412890625 0.8392939814814815 0.04453125 0.06296296296296296
3 0.11796875 0.725462962962963 0.0671875 0.10092592592592593