0 0.522265625 0.9506365740740741 0.10390625 0.09814814814814814
3 0.533984375 0.3056134259259259 0.07421875 0.11435185185185184
3 0.53125 0.3951388888888889 0.03125 0.05277777777777778
3 0.560546875 0.4010416666666667 0.02734375 0.05833333333333333
3 0.89609375 0.25214120370370374 0.0546875 0.09490740740740741
0 0.198046875 0.8943865740740741 0.13046875 0.21064814814814814
0 0.4622395833333333 0.2660300925925926 0.08072916666666666 0.13518518518518519
0 0.5140625 0.13738425925925926 0.06875 0.1310185185185185
0 0.6044270833333333 0.32013888888888886 0.08697916666666666 0.15277777777777776
0 0.6036458333333333 0.06302083333333333 0.05416666666666666 0.10416666666666666
0 0.7083333333333333 0.08773148148148148 0.051041666666666666 0.08796296296296295