0 0.7550347222222222 0.3871913580246914 0.03194444444444444 0.04938271604938271
3 0.043402777777777776 0.47280092592592593 0.043055555555555555 0.05185185185185185
3 0.17118055555555556 0.43159722222222224 0.03611111111111111 0.04444444444444444
3 0.7696180555555555 0.31657021604938274 0.0611111111111111 0.09876543209876543
0 0.3164930555555555 0.5739583333333333 0.04861111111111111 0.06666666666666667
0 0.4840277777777778 0.6856481481481482 0.043055555555555555 0.0962962962962963
0 0.54375 0.7833333333333333 0.0375 0.06666666666666667
0 0.7470486111111111 0.8428047839506172 0.04722222222222222 0.10123456790123457
0 0.3199652777777778 0.3876929012345679 0.043055555555555555 0.0691358024691358
0 0.11232638888888888 0.34253472222222225 0.04027777777777777 0.04444444444444444
3 0.4182291666666667 0.7178626543209876 0.03333333333333333 0.04197530864197531