3 0.5748263888888889 0.9202932098765432 0.09027777777777776 0.1530864197530864
0 0.48315972222222225 0.34641203703703705 0.04444444444444444 0.07407407407407407
0 0.3998263888888889 0.6142554012345679 0.04027777777777777 0.0691358024691358
3 0.9447916666666666 0.7750771604938271 0.10833333333333332 0.1876543209876543
3 0.8430555555555556 0.5282600308641976 0.08611111111111111 0.12839506172839504
3 0.826388888888889 0.7795910493827161 0.10277777777777777 0.16543209876543208
0 0.43142361111111105 0.6145061728395061 0.034722222222222224 0.07901234567901234
0 0.4451388888888889 0.5574266975308642 0.02777777777777778 0.06172839506172839
0 0.4479166666666667 0.880883487654321 0.05833333333333333 0.10864197530864197
0 0.4911458333333333 0.877025462962963 0.05416666666666666 0.1259259259259259
0 0.507986111111111 0.6338348765432099 0.04722222222222222 0.08641975308641975
0 0.6185763888888889 0.6715084876543209 0.06527777777777778 0.10864197530864197
0 0.5456597222222223 0.3945216049382716 0.04444444444444444 0.0765432098765432
0 0.5659722222222222 0.3017554012345679 0.04444444444444444 0.0691358024691358
0 0.6986111111111111 0.29388503086419754 0.05972222222222222 0.12839506172839504
0 0.9121527777777778 0.38470293209876544 0.13055555555555556 0.19753086419753085
0 0.6769097222222222 0.7748842592592593 0.06944444444444445 0.11851851851851851