0 0.10572916666666665 0.2743827160493827 0.05833333333333333 0.09876543209876543
0 0.17829861111111112 0.3239776234567901 0.05972222222222222 0.11358024691358024
0 0.21840277777777778 0.3447723765432099 0.05555555555555556 0.08641975308641975
2 0.15069444444444444 0.2746141975308642 0.03888888888888888 0.06172839506172839
2 0.1951388888888889 0.24870756172839506 0.05277777777777778 0.05679012345679012
2 0.23975694444444445 0.20439814814814813 0.06388888888888888 0.0962962962962963
2 0.26614583333333336 0.2507716049382716 0.05416666666666666 0.0765432098765432
0 0.08263888888888889 0.5728202160493827 0.05277777777777778 0.09876543209876543
2 0.13385416666666666 0.5624614197530864 0.05833333333333333 0.10617283950617282
1 0.17708333333333331 0.6414158950617284 0.10416666666666666 0.12345679012345678
1 0.1954861111111111 0.7110725308641975 0.09722222222222222 0.12839506172839504
0 0.37083333333333335 0.38958333333333334 0.041666666666666664 0.06666666666666667
0 0.34357638888888886 0.6488233024691358 0.07777777777777777 0.1382716049382716
1 0.3560763888888889 0.35281635802469136 0.07777777777777777 0.04938271604938271
0 0.36180555555555555 0.2353009259259259 0.04861111111111111 0.05185185185185185
2 0.3560763888888889 0.28489583333333335 0.06527777777777778 0.06666666666666667
2 0.3550347222222222 0.5095871913580247 0.04444444444444444 0.11604938271604937
2 0.3798611111111111 0.5734760802469137 0.034722222222222224 0.09382716049382715
1 0.40798611111111105 0.6511188271604939 0.04722222222222222 0.32098765432098764
2 0.5003472222222223 0.7205439814814815 0.10694444444444444 0.16296296296296295
2 0.4723958333333333 0.5906635802469136 0.07916666666666666 0.09382716049382715
2 0.4932291666666667 0.5116319444444445 0.07083333333333333 0.08888888888888888
0 0.5654513888888889 0.5628858024691358 0.07777777777777777 0.1382716049382716
0 0.5220486111111111 0.44938271604938274 0.05972222222222222 0.09876543209876543
2 0.49392361111111105 0.39558256172839507 0.05972222222222222 0.05679012345679012
0 0.4958333333333333 0.34205246913580245 0.05416666666666666 0.07160493827160494
3 0.4378472222222222 0.22700617283950617 0.06944444444444445 0.07901234567901234
3 0.5274305555555555 0.14353780864197532 0.0611111111111111 0.08395061728395062
0 0.4638888888888889 0.26738040123456785 0.05277777777777778 0.0691358024691358
0 0.5354166666666667 0.29182098765432096 0.05833333333333333 0.10864197530864197
0 0.545138888888889 0.3791473765432099 0.05277777777777778 0.08641975308641975
0 0.5881944444444445 0.34847608024691357 0.06388888888888888 0.09382716049382715
0 0.5814236111111111 0.43605324074074076 0.04722222222222222 0.08148148148148147
0 0.624826388888889 0.44320987654320987 0.06527777777777778 0.08641975308641975
1 0.6402777777777777 0.492554012345679 0.06805555555555555 0.09135802469135802
2 0.3704861111111111 0.05150462962962963 0.05972222222222222 0.059259259259259255
1 0.6444444444444445 0.6360918209876543 0.07638888888888888 0.17530864197530863
1 0.6706597222222223 0.6750578703703705 0.09444444444444444 0.14074074074074075
1 0.6706597222222223 0.757349537037037 0.06944444444444445 0.07407407407407407
1 0.726388888888889 0.4554976851851852 0.11527777777777777 0.17037037037037037
2 0.7458333333333333 0.7058256172839507 0.10416666666666666 0.16790123456790124
2 0.7631944444444445 0.8327160493827159 0.11388888888888889 0.16543209876543208
2 0.8211805555555556 0.7019483024691358 0.08611111111111111 0.1382716049382716
2 0.896701388888889 0.6954668209876542 0.10277777777777777 0.17530864197530863
0 0.7461805555555555 0.9304012345679012 0.09861111111111111 0.13580246913580246
0 0.8373263888888889 0.8847029320987655 0.10277777777777777 0.19753086419753085
0 0.9404513888888889 0.915528549382716 0.11527777777777777 0.16543209876543208
2 0.9725694444444445 0.853028549382716 0.05138888888888889 0.16543209876543208
2 0.8854166666666666 0.33418209876543215 0.08333333333333333 0.1308641975308642