2 0.6090277777777777 0.5785108024691358 0.08055555555555555 0.1382716049382716
0 0.8550347222222221 0.8241512345679013 0.09444444444444444 0.13580246913580246
0 0.7859375 0.5056327160493828 0.075 0.09876543209876543
0 0.9118055555555555 0.0655864197530864 0.08611111111111111 0.10617283950617282
0 0.8866319444444445 0.14619984567901234 0.11388888888888889 0.1580246913580247
0 0.9635416666666666 0.21041666666666664 0.07083333333333333 0.13333333333333333
0 0.17864583333333334 0.1656057098765432 0.10416666666666666 0.1530864197530864
0 0.38003472222222223 0.1706983024691358 0.09444444444444444 0.1382716049382716
0 0.46336805555555555 0.22201003086419754 0.09861111111111111 0.12839506172839504
0 0.562673611111111 0.3052469135802469 0.10972222222222221 0.16049382716049382
0 0.6571180555555556 0.2933256172839506 0.11111111111111112 0.16790123456790124