0 0.6390625 0.3896412037037037 0.040625 0.05740740740740741
0 0.6809895833333333 0.2841435185185185 0.03697916666666666 0.062037037037037036
0 0.63828125 0.2861689814814815 0.0265625 0.03796296296296296
0 0.08072916666666666 0.4255787037037037 0.03645833333333333 0.05740740740740741
0 0.7125 0.3671875 0.046875 0.075
0 0.615625 0.3322337962962963 0.03125 0.04259259259259259
0 0.7122395833333333 0.29369212962962965 0.043229166666666666 0.059259259259259255
0 0.7651041666666667 0.3324074074074074 0.02395833333333333 0.03981481481481482
0 0.5919270833333333 0.4528935185185185 0.043229166666666666 0.08703703703703704
0 0.4661458333333333 0.30792824074074077 0.029166666666666664 0.05648148148148148
3 0.13515625 0.6751736111111111 0.0703125 0.09722222222222222
0 0.20234375 0.6971064814814815 0.0546875 0.08796296296296295
0 0.27369791666666665 0.6718171296296296 0.034895833333333334 0.059259259259259255
0 0.27239583333333334 0.7517939814814815 0.05416666666666666 0.08796296296296295
3 0.4770833333333333 0.6693865740740741 0.07291666666666666 0.09814814814814814
1 0.5635416666666667 0.5136574074074074 0.10520833333333332 0.1648148148148148
1 0.6140625 0.6382523148148148 0.184375 0.12962962962962962
3 0.9033854166666666 0.6907986111111111 0.13177083333333334 0.1472222222222222
3 0.6859375 0.4259837962962963 0.040625 0.06759259259259259
3 0.684375 0.538599537037037 0.05625 0.07407407407407407
3 0.634375 0.46695601851851853 0.059375 0.08703703703703704