0 0.34869791666666666 0.4854166666666667 0.028645833333333332 0.04583333333333333
0 0.480859375 0.29878472222222224 0.02109375 0.04444444444444444
0 0.384375 0.42800925925925926 0.028125 0.04351851851851852
0 0.434375 0.386400462962963 0.025 0.050925925925925916
0 0.6372395833333333 0.02743055555555556 0.024479166666666666 0.03611111111111111
0 0.614453125 0.06903935185185185 0.02578125 0.0412037037037037
0 0.5604166666666667 0.25300925925925927 0.02708333333333333 0.04351851851851852
0 0.6623697916666667 0.2821180555555555 0.04348958333333333 0.0736111111111111
0 0.6717447916666667 0.4572916666666667 0.03411458333333333 0.05833333333333333
0 0.6920572916666667 0.5184606481481482 0.04973958333333333 0.07129629629629629
0 0.6873697916666667 0.6395833333333333 0.05598958333333333 0.09166666666666666
0 0.4688802083333333 0.752199074074074 0.047135416666666666 0.09814814814814814
0 0.4236979166666667 0.7652777777777777 0.034895833333333334 0.09305555555555554
0 0.38151041666666663 0.7434606481481482 0.03177083333333333 0.033796296296296297
0 0.3421875 0.899074074074074 0.0375 0.08564814814814814
0 0.2755208333333333 0.6383101851851852 0.026041666666666664 0.05787037037037037
0 0.25625 0.7173611111111111 0.021875 0.04722222222222222
0 0.21328125 0.8168981481481481 0.0171875 0.046296296296296294