1 0.8116319444444444 0.13958333333333334 0.08888888888888888 0.06666666666666667
0 0.5361111111111111 0.5619598765432099 0.034722222222222224 0.08641975308641975
0 0.6840277777777778 0.5845100308641975 0.08055555555555555 0.12839506172839504
0 0.6128472222222222 0.32299382716049385 0.05694444444444444 0.12098765432098765
0 0.7161458333333333 0.13794367283950618 0.05416666666666666 0.07901234567901234
0 0.47378472222222223 0.20374228395061728 0.05694444444444444 0.10123456790123457
0 0.25555555555555554 0.23481867283950617 0.0611111111111111 0.07901234567901234
0 0.19149305555555557 0.29378858024691357 0.0611111111111111 0.09382716049382715
0 0.2673611111111111 0.522337962962963 0.07222222222222222 0.1259259259259259
0 0.3553819444444445 0.3789930555555555 0.05138888888888889 0.11111111111111112
3 0.41944444444444445 0.9538194444444444 0.08888888888888888 0.08888888888888888
3 0.5809027777777778 0.7474151234567901 0.06805555555555555 0.11358024691358024
3 0.8647569444444445 0.4140239197530864 0.07638888888888888 0.10617283950617282
3 0.7909722222222222 0.33325617283950615 0.06944444444444445 0.07901234567901234
3 0.3704861111111111 0.5504436728395061 0.04722222222222222 0.07901234567901234
3 0.5555555555555556 0.45842978395061723 0.04861111111111111 0.10123456790123457