3 0.8840277777777779 0.6246334876543209 0.09305555555555554 0.10864197530864197
0 0.13072916666666665 0.3562114197530864 0.07083333333333333 0.10617283950617282
0 0.517361111111111 0.18053626543209877 0.04722222222222222 0.06419753086419752
0 0.03350694444444444 0.7256944444444444 0.06388888888888888 0.08888888888888888
0 0.13003472222222223 0.9541473765432098 0.08194444444444444 0.08641975308641975
0 0.8192708333333334 0.9370563271604938 0.14166666666666666 0.12098765432098765
0 0.7911458333333333 0.6111496913580247 0.07916666666666666 0.11604938271604937
0 0.9473958333333334 0.2969907407407407 0.05416666666666666 0.08148148148148147
0 0.8798611111111111 0.2804591049382716 0.07222222222222222 0.0765432098765432
0 0.9098958333333333 0.3904128086419753 0.07916666666666666 0.08395061728395062
0 0.7743055555555556 0.38506944444444446 0.0611111111111111 0.08888888888888888
0 0.6607638888888889 0.4339891975308642 0.05277777777777778 0.06172839506172839
0 0.6600694444444445 0.49961419753086417 0.03888888888888888 0.06172839506172839
0 0.5756944444444445 0.48366126543209875 0.05138888888888889 0.06419753086419752
0 0.5621527777777777 0.6217592592592592 0.09305555555555554 0.11851851851851851
0 0.4267361111111111 0.7942901234567901 0.08472222222222223 0.11358024691358024
0 0.24652777777777776 0.7460069444444445 0.08055555555555555 0.08888888888888888