0 0.11770833333333333 0.4645061728395062 0.041666666666666664 0.07901234567901234
0 0.27239583333333334 0.5555362654320988 0.05416666666666666 0.06419753086419752
0 0.353125 0.5215856481481482 0.075 0.0962962962962963
0 0.19079861111111113 0.8328703703703704 0.07222222222222222 0.14074074074074075
0 0.2857638888888889 0.7906057098765432 0.09027777777777776 0.1530864197530864
0 0.36701388888888886 0.8879050925925925 0.10277777777777777 0.18518518518518517
0 0.15833333333333333 0.9538194444444444 0.05416666666666666 0.08888888888888888
0 0.22743055555555552 0.9797839506172841 0.0611111111111111 0.0345679012345679
1 0.5600694444444445 0.8076003086419753 0.03888888888888888 0.08395061728395062
1 0.4258680555555555 0.6442901234567902 0.03611111111111111 0.11358024691358024
0 0.728125 0.12465277777777777 0.1 0.15555555555555553
0 0.921701388888889 0.04386574074074074 0.12777777777777777 0.08148148148148147
0 0.9034722222222221 0.22260802469135804 0.13194444444444445 0.18271604938271604
3 0.6402777777777777 0.8355516975308642 0.043055555555555555 0.06172839506172839
3 0.796875 0.7680362654320987 0.0375 0.06419753086419752