0 0.7428819444444444 0.1439429012345679 0.03888888888888888 0.0691358024691358
0 0.19322916666666665 0.5933256172839506 0.07083333333333333 0.16790123456790124
1 0.20017361111111112 0.792920524691358 0.09722222222222222 0.18271604938271604
0 0.6854166666666667 0.9541473765432098 0.09583333333333333 0.08641975308641975
0 0.7708333333333333 0.8073881172839507 0.07916666666666666 0.16790123456790124
0 0.7211805555555555 0.5464506172839506 0.09861111111111111 0.16790123456790124
0 0.4722222222222222 0.3969328703703704 0.10694444444444444 0.14074074074074075
0 0.968923611111111 0.2613233024691358 0.05972222222222222 0.1382716049382716
0 0.8899305555555556 0.2736304012345679 0.04861111111111111 0.0691358024691358
0 0.8590277777777778 0.31286651234567897 0.05555555555555556 0.09135802469135802
0 0.6680555555555555 0.13053626543209879 0.04861111111111111 0.06419753086419752
0 0.6993055555555555 0.1853202160493827 0.0611111111111111 0.09876543209876543
0 0.7067708333333333 0.26591435185185186 0.041666666666666664 0.1037037037037037
0 0.8977430555555556 0.1720679012345679 0.04861111111111111 0.0691358024691358