0 0.39305555555555555 0.5339891975308642 0.03611111111111111 0.06172839506172839
0 0.6416666666666667 0.4721450617283951 0.03333333333333333 0.05679012345679012
0 0.5663194444444445 0.6333333333333333 0.03888888888888888 0.06666666666666667
3 0.79375 0.8241319444444445 0.075 0.08888888888888888
3 0.428125 0.9709104938271604 0.0625 0.05432098765432099
3 0.4835069444444445 0.9138503086419754 0.06388888888888888 0.08395061728395062
1 0.4296875 0.8798032407407407 0.0625 0.08148148148148147
1 0.6048611111111111 0.9560378086419753 0.07222222222222222 0.08395061728395062
0 0.7227430555555555 0.44747299382716055 0.03611111111111111 0.05432098765432099
0 0.6875 0.5152391975308641 0.0375 0.06172839506172839
0 0.8206597222222222 0.6747106481481482 0.05694444444444444 0.0962962962962963
0 0.4333333333333333 0.7622878086419753 0.041666666666666664 0.08395061728395062
0 0.5326388888888889 0.7993827160493827 0.05277777777777778 0.09876543209876543