0 0.10642361111111112 0.7493441358024692 0.1472222222222222 0.20493827160493824
0 0.0875 0.9117476851851851 0.15 0.17037037037037037
0 0.07951388888888888 0.5212962962962963 0.12777777777777777 0.1925925925925926
0 0.18107638888888888 0.5412808641975309 0.11527777777777777 0.1950617283950617
0 0.25121527777777775 0.6888310185185185 0.13055555555555556 0.23703703703703702
0 0.2421875 0.9032021604938272 0.125 0.1876543209876543
2 0.3421875 0.7847993827160493 0.125 0.23209876543209873
0 0.32934027777777775 0.5521219135802469 0.10555555555555556 0.16049382716049382
0 0.28888888888888886 0.41963734567901234 0.10277777777777777 0.1580246913580247
0 0.23958333333333331 0.3267168209876543 0.10416666666666666 0.17530864197530863
0 0.33784722222222224 0.30746527777777777 0.08194444444444444 0.15555555555555553
0 0.3663194444444445 0.23533950617283947 0.08888888888888888 0.14567901234567898
0 0.4149305555555555 0.38551311728395066 0.08611111111111111 0.16790123456790124
0 0.4618055555555555 0.11066743827160494 0.08611111111111111 0.14320987654320988
0 0.5020833333333333 0.2066358024691358 0.09166666666666666 0.1382716049382716
0 0.5161458333333333 0.3008873456790123 0.09166666666666666 0.1580246913580247
0 0.49670138888888893 0.461670524691358 0.10277777777777777 0.18271604938271604
0 0.43159722222222224 0.5910300925925925 0.10694444444444444 0.18518518518518517
0 0.4404513888888889 0.8608796296296296 0.12777777777777777 0.25925925925925924
0 0.5673611111111111 0.8660493827160494 0.1222222222222222 0.23209876543209873
0 0.6024305555555556 0.3590277777777778 0.09861111111111111 0.15555555555555553
0 0.6067708333333333 0.4908564814814815 0.10416666666666666 0.16296296296296295
0 0.5956597222222222 0.6479359567901234 0.10694444444444444 0.18024691358024691
0 0.6986111111111111 0.7416280864197531 0.13472222222222222 0.23950617283950618