0 0.3954861111111111 0.07536651234567901 0.05972222222222222 0.09135802469135802
3 0.8522569444444444 0.8874035493827159 0.10138888888888889 0.16543209876543208
1 0.5805555555555555 0.34643132716049385 0.08611111111111111 0.12098765432098765
0 0.6244791666666667 0.4444444444444445 0.05833333333333333 0.08888888888888888
0 0.7463541666666667 0.8091820987654321 0.08333333333333333 0.1308641975308642
0 0.6319444444444444 0.7294945987654321 0.07638888888888888 0.1308641975308642
0 0.4996527777777778 0.6812307098765432 0.10555555555555556 0.1530864197530864
0 0.5524305555555555 0.5366512345679013 0.08611111111111111 0.13580246913580246
0 0.44305555555555554 0.5410108024691358 0.08611111111111111 0.1382716049382716
0 0.43194444444444446 0.4217592592592593 0.07638888888888888 0.11851851851851851
0 0.5159722222222223 0.23574459876543213 0.06944444444444445 0.1308641975308642
0 0.07708333333333332 0.20408950617283947 0.09166666666666666 0.14567901234567898
0 0.3453125 0.37687114197530863 0.0875 0.1506172839506173
0 0.3368055555555555 0.636670524691358 0.12361111111111109 0.18271604938271604