0 0.4263020833333333 0.14930555555555555 0.027604166666666662 0.0611111111111111
0 0.13151041666666666 0.28912037037037036 0.06614583333333332 0.11574074074074074
0 0.707421875 0.36440972222222223 0.04921875 0.08194444444444444
0 0.7345052083333333 0.3332175925925926 0.04088541666666666 0.07268518518518519
0 0.8885416666666666 0.3514467592592593 0.09270833333333332 0.1310185185185185
0 0.93671875 0.22760416666666666 0.1015625 0.12083333333333332
0 0.8428385416666666 0.22204861111111113 0.038802083333333334 0.05972222222222222
0 0.8807291666666666 0.2195023148148148 0.02708333333333333 0.054629629629629625
0 0.7342447916666667 0.2689236111111111 0.02786458333333333 0.04722222222222222
0 0.72890625 0.19039351851851852 0.0328125 0.04953703703703703
0 0.7854166666666667 0.15260416666666668 0.03333333333333333 0.04583333333333333
0 0.5182291666666667 0.5460648148148148 0.042708333333333334 0.07962962962962963
3 0.9119791666666666 0.602199074074074 0.10208333333333333 0.17314814814814813