0 0.08072916666666666 0.29189814814814813 0.08333333333333333 0.0962962962962963
0 0.465625 0.5403549382716049 0.0875 0.14320987654320988
0 0.4260416666666667 0.2908950617283951 0.04583333333333333 0.05679012345679012
0 0.4756944444444445 0.34996141975308637 0.06388888888888888 0.10617283950617282
0 0.5902777777777778 0.6642939814814814 0.09305555555555554 0.16296296296296295
0 0.45954861111111106 0.9180748456790123 0.10972222222222221 0.1580246913580247
0 0.6645833333333333 0.5500578703703705 0.09166666666666666 0.14074074074074075
0 0.6890625 0.7719907407407407 0.0875 0.08148148148148147
0 0.5380208333333333 0.1398341049382716 0.05416666666666666 0.0765432098765432
0 0.5458333333333333 0.21722608024691356 0.06666666666666667 0.09382716049382715
0 0.6069444444444445 0.16105324074074073 0.05138888888888889 0.08148148148148147
0 0.6321180555555556 0.27413194444444444 0.0736111111111111 0.08888888888888888
0 0.65 0.3906057098765432 0.0875 0.1530864197530864
1 0.31197916666666664 0.48084490740740743 0.08333333333333333 0.2148148148148148