0 0.07795138888888889 0.9671296296296296 0.07777777777777777 0.059259259259259255
0 0.31006944444444445 0.7126157407407407 0.03888888888888888 0.08148148148148147
0 0.601736111111111 0.960474537037037 0.04722222222222222 0.07407407407407407
0 0.40434027777777776 0.7312885802469136 0.05555555555555556 0.09382716049382715
0 0.8444444444444444 0.8513503086419754 0.05138888888888889 0.08395061728395062
0 0.8010416666666667 0.8204282407407406 0.04583333333333333 0.08148148148148147
0 0.6142361111111111 0.6689429012345679 0.034722222222222224 0.0691358024691358
0 0.6 0.7064429012345679 0.0375 0.0691358024691358
0 0.3715277777777778 0.6562114197530864 0.05555555555555556 0.10617283950617282
0 0.043402777777777776 0.7913387345679013 0.06805555555555555 0.13580246913580246
0 0.17413194444444444 0.6696180555555555 0.07638888888888888 0.11111111111111112
0 0.41597222222222224 0.5214891975308642 0.03194444444444444 0.06172839506172839
0 0.4010416666666667 0.47280092592592593 0.03333333333333333 0.05185185185185185
0 0.3638888888888889 0.43817515432098764 0.02777777777777778 0.04197530864197531
0 0.33715277777777775 0.4450038580246914 0.03055555555555555 0.04938271604938271
0 0.28802083333333334 0.46687885802469137 0.029166666666666664 0.04938271604938271
0 0.2626736111111111 0.46367669753086416 0.034722222222222224 0.06172839506172839