0 0.08697916666666666 0.16246141975308642 0.15833333333333333 0.3061728395061728
0 0.225 0.09110725308641975 0.15 0.1728395061728395
0 0.22760416666666666 0.28423996913580246 0.14583333333333331 0.2716049382716049
0 0.35138888888888886 0.22764274691358022 0.15277777777777776 0.22716049382716047
2 0.2671875 0.43954475308641977 0.1625 0.1728395061728395
1 0.44375 0.26010802469135796 0.225 0.38271604938271603
1 0.5951388888888889 0.28520447530864196 0.2652777777777778 0.41728395061728396
1 0.7583333333333333 0.4258680555555555 0.30416666666666664 0.5111111111111111
0 0.9520833333333334 0.2846836419753086 0.09166666666666666 0.35061728395061725
2 0.5133680555555555 0.7151427469135803 0.2611111111111111 0.4271604938271604
2 0.796701388888889 0.7902199074074074 0.36527777777777776 0.4148148148148148