0 0.25277777777777777 0.4142554012345679 0.14305555555555555 0.2691358024691358
0 0.3076388888888889 0.21448688271604938 0.12777777777777777 0.23209876543209873
0 0.4493055555555555 0.13034336419753084 0.11111111111111112 0.1950617283950617
0 0.5473958333333333 0.14836033950617283 0.11666666666666665 0.21234567901234563
0 0.6675347222222222 0.21998456790123458 0.10694444444444444 0.20246913580246914
0 0.4375 0.5806520061728395 0.175 0.345679012345679
0 0.6607638888888889 0.5844907407407407 0.14027777777777778 0.2814814814814815
0 0.8010416666666667 0.7872106481481481 0.15833333333333333 0.2962962962962963
0 0.9520833333333334 0.5277391975308643 0.09166666666666666 0.2617283950617284
1 0.35625 0.11057098765432098 0.075 0.10864197530864197
3 0.5510416666666667 0.39579475308641976 0.10833333333333332 0.1728395061728395
3 0.7541666666666667 0.4812692901234568 0.14583333333333331 0.24691358024691357
3 0.8225694444444445 0.4026041666666667 0.10138888888888889 0.13333333333333333
3 0.9234375 0.17964891975308642 0.0875 0.10617283950617282
3 0.734548611111111 0.1734182098765432 0.08472222222222223 0.1530864197530864
1 0.5368055555555555 0.27037037037037037 0.09861111111111111 0.14074074074074075
1 0.6378472222222222 0.3279320987654321 0.15694444444444444 0.1308641975308642
1 0.603125 0.8087191358024691 0.2125 0.20493827160493824