1 0.15850694444444444 0.30129243827160496 0.07638888888888888 0.14320987654320988
1 0.17881944444444445 0.6757716049382716 0.10138888888888889 0.2765432098765432
1 0.1203125 0.6873456790123457 0.0875 0.22469135802469134
1 0.19913194444444443 0.8883294753086419 0.1638888888888889 0.21728395061728395
0 0.29496527777777776 0.9199652777777778 0.09305555555555554 0.15555555555555553
2 0.6645833333333333 0.9437114197530864 0.16666666666666666 0.10617283950617282
2 0.5527777777777778 0.8712384259259259 0.10555555555555556 0.2518518518518518
2 0.4717013888888889 0.9671296296296296 0.14027777777777778 0.059259259259259255
2 0.46805555555555556 0.827488425925926 0.09861111111111111 0.2518518518518518
0 0.4244791666666667 0.7119405864197531 0.12083333333333332 0.23950617283950618
1 0.3512152777777778 0.6287808641975309 0.18055555555555552 0.1950617283950617
0 0.35434027777777777 0.5103587962962963 0.10555555555555556 0.1925925925925926
1 0.23472222222222222 0.4030478395061728 0.14444444444444443 0.21234567901234563
1 0.26753472222222224 0.4695408950617284 0.11944444444444444 0.12345679012345678
1 0.36788194444444444 0.29085648148148147 0.12638888888888888 0.16296296296296295
2 0.5666666666666667 0.550096450617284 0.07083333333333333 0.2345679012345679
0 0.5088541666666667 0.5575810185185185 0.10833333333333332 0.23703703703703702
0 0.4835069444444445 0.4374807098765432 0.10138888888888889 0.1530864197530864
0 0.4295138888888889 0.35690586419753084 0.07777777777777777 0.1950617283950617
2 0.6435763888888889 0.25995370370370374 0.11527777777777777 0.2074074074074074
2 0.5611111111111111 0.28499228395061726 0.07222222222222222 0.10123456790123457
0 0.48611111111111105 0.30474537037037036 0.09722222222222222 0.14074074074074075
0 0.5659722222222222 0.1785108024691358 0.09444444444444444 0.1382716049382716
0 0.4635416666666667 0.18871527777777777 0.09583333333333333 0.15555555555555553
1 0.3833333333333333 0.18699845679012345 0.14166666666666666 0.18024691358024691
1 0.3055555555555555 0.1349922839506173 0.0611111111111111 0.10123456790123457