0 0.4015625 0.18078703703703702 0.0375 0.07407407407407407
0 0.8756944444444444 0.9190586419753087 0.08888888888888888 0.1506172839506173
0 0.415625 0.5951967592592593 0.0625 0.11851851851851851
0 0.509548611111111 0.21747685185185187 0.04722222222222222 0.1037037037037037
0 0.88125 0.07536651234567901 0.0625 0.09135802469135802
0 0.25625 0.2326003086419753 0.05 0.08395061728395062
0 0.25677083333333334 0.14016203703703703 0.041666666666666664 0.07407407407407407
0 0.17829861111111112 0.4262731481481482 0.05972222222222222 0.0962962962962963
3 0.8034722222222221 0.857445987654321 0.06944444444444445 0.10864197530864197
3 0.796701388888889 0.7150848765432098 0.06527777777777778 0.08641975308641975
3 0.1798611111111111 0.7911458333333333 0.05972222222222222 0.06666666666666667