0 0.618923611111111 0.06977237654320986 0.04722222222222222 0.08641975308641975
0 0.7569444444444444 0.3570216049382716 0.06388888888888888 0.0765432098765432
0 0.9600694444444444 0.5947916666666667 0.07638888888888888 0.13333333333333333
0 0.8310763888888889 0.7200617283950617 0.11527777777777777 0.19012345679012346
0 0.634548611111111 0.2958526234567901 0.05972222222222222 0.11358024691358024
0 0.5439236111111111 0.17118055555555556 0.07222222222222222 0.11111111111111112
0 0.5 0.29033564814814816 0.075 0.0962962962962963
0 0.4359375 0.20316358024691356 0.0625 0.09382716049382715
0 0.42361111111111105 0.11919367283950617 0.05972222222222222 0.07901234567901234
0 0.3515625 0.32208719135802466 0.075 0.11604938271604937
0 0.3451388888888889 0.11097608024691356 0.06527777777777778 0.09382716049382715