0 0.10416666666666666 0.5378086419753086 0.10833333333333332 0.1506172839506173
2 0.4833333333333333 0.2287422839506173 0.07916666666666666 0.10123456790123457
2 0.47152777777777777 0.4091820987654321 0.10555555555555556 0.1308641975308642
2 0.3807291666666667 0.40399305555555554 0.08333333333333333 0.11111111111111112
1 0.3298611111111111 0.363695987654321 0.09722222222222222 0.10864197530864197
0 0.3114583333333333 0.539525462962963 0.12916666666666665 0.1259259259259259
0 0.35885416666666664 0.7206404320987654 0.10833333333333332 0.19753086419753085
2 0.021006944444444443 0.8487461419753087 0.03888888888888888 0.1506172839506173
2 0.29635416666666664 0.8861111111111111 0.17083333333333334 0.22222222222222224
2 0.22517361111111112 0.581809413580247 0.09722222222222222 0.16049382716049382
1 0.29618055555555556 0.6165895061728395 0.1611111111111111 0.14567901234567898
2 0.4649305555555555 0.5629822530864198 0.11111111111111112 0.1728395061728395
2 0.5604166666666667 0.6597029320987654 0.12083333333333332 0.19753086419753085
2 0.7 0.7109567901234568 0.1625 0.24691358024691357
2 0.8371527777777779 0.6272376543209877 0.16805555555555554 0.2419753086419753
2 0.9144097222222222 0.8623649691358025 0.16944444444444445 0.2716049382716049
2 0.8583333333333334 0.40055941358024694 0.15416666666666665 0.16049382716049382
2 0.6472222222222223 0.3093557098765432 0.10694444444444444 0.1530864197530864
1 0.9645833333333333 0.6350694444444445 0.06666666666666667 0.28888888888888886
1 0.9121527777777778 0.5132716049382716 0.14305555555555555 0.2765432098765432
1 0.7713541666666667 0.23342978395061728 0.13333333333333333 0.10123456790123457
2 0.8715277777777779 0.1601658950617284 0.10555555555555556 0.12345679012345678
2 0.703298611111111 0.08589891975308642 0.07222222222222222 0.10617283950617282