3 0.4484375 0.7737461419753087 0.075 0.1506172839506173
0 0.9111111111111111 0.10623070987654319 0.08472222222222223 0.1530864197530864
0 0.8387152777777779 0.33402777777777776 0.08055555555555555 0.15555555555555553
0 0.7796875 0.5133873456790123 0.075 0.1580246913580247
0 0.8315972222222221 0.6334104938271604 0.13194444444444445 0.254320987654321
0 0.8597222222222222 0.9307291666666666 0.13194444444444445 0.13333333333333333
0 0.7133680555555555 0.7595293209876542 0.0736111111111111 0.17530864197530863
0 0.6680555555555555 0.6906828703703705 0.0736111111111111 0.14074074074074075
0 0.5921875 0.6224151234567901 0.0625 0.11358024691358024
0 0.6057291666666667 0.9304012345679012 0.08333333333333333 0.13580246913580246
0 0.5630208333333333 0.9712384259259259 0.041666666666666664 0.05185185185185185
0 0.5119791666666667 0.9359760802469136 0.05833333333333333 0.09382716049382715
0 0.45868055555555554 0.9775655864197532 0.04861111111111111 0.03950617283950617
0 0.4822916666666667 0.7043209876543209 0.07083333333333333 0.10864197530864197
0 0.5296875 0.5828510802469136 0.05 0.09382716049382715
0 0.5418402777777778 0.4727430555555555 0.06805555555555555 0.11111111111111112
0 0.4666666666666667 0.5912422839506173 0.05833333333333333 0.10123456790123457
0 0.4722222222222222 0.4853973765432099 0.05694444444444444 0.08641975308641975
0 0.44027777777777777 0.40744598765432094 0.06805555555555555 0.10864197530864197
0 0.3993055555555555 0.47085262345679013 0.0611111111111111 0.11358024691358024
0 0.3975694444444445 0.5686342592592593 0.06388888888888888 0.11851851851851851
0 0.34496527777777775 0.44666280864197533 0.05555555555555556 0.08395061728395062
0 0.30520833333333336 0.3322723765432099 0.05416666666666666 0.08641975308641975
0 0.25798611111111114 0.3228973765432099 0.04722222222222222 0.08641975308641975
0 0.2821180555555555 0.45432098765432094 0.0611111111111111 0.10864197530864197
3 0.3125 0.5609760802469136 0.0625 0.09382716049382715
0 0.3199652777777778 0.6438850308641976 0.06805555555555555 0.12839506172839504
0 0.26927083333333335 0.6928047839506173 0.05416666666666666 0.10123456790123457
0 0.2484375 0.7709297839506173 0.05 0.10123456790123457
0 0.22170138888888888 0.8896797839506172 0.05277777777777778 0.10123456790123457
0 0.3555555555555555 0.9409143518518519 0.0611111111111111 0.1037037037037037
0 0.2539930555555555 0.9649112654320987 0.04861111111111111 0.06419753086419752
0 0.30364583333333334 0.9857831790123457 0.041666666666666664 0.024691358024691357
0 0.2013888888888889 0.7650077160493828 0.05277777777777778 0.09876543209876543
0 0.225 0.6743827160493827 0.0625 0.09876543209876543
0 0.25277777777777777 0.5443672839506173 0.06805555555555555 0.10123456790123457
0 0.20954861111111112 0.5875385802469136 0.05972222222222222 0.09382716049382715
0 0.17690972222222223 0.7387731481481482 0.05694444444444444 0.0962962962962963
0 0.12708333333333333 0.6961033950617284 0.06666666666666667 0.12345679012345678
0 0.1640625 0.5625385802469136 0.05 0.09382716049382715
0 0.20607638888888888 0.4809606481481482 0.05277777777777778 0.0962962962962963
0 0.12239583333333333 0.8126350308641974 0.05416666666666666 0.12839506172839504
0 0.1717013888888889 0.8632137345679013 0.05277777777777778 0.13580246913580246
0 0.10989583333333333 0.9816743827160493 0.05416666666666666 0.03209876543209876
0 0.12604166666666666 0.9106481481481481 0.05833333333333333 0.0962962962962963