1 0.4762152777777778 0.518287037037037 0.03055555555555555 0.07407407407407407
1 0.5109375 0.49542824074074077 0.075 0.08148148148148147
1 0.9402777777777779 0.7454475308641976 0.11805555555555555 0.12839506172839504
0 0.09270833333333332 0.07175925925925926 0.10416666666666666 0.11851851851851851
0 0.31909722222222225 0.2515432098765432 0.08194444444444444 0.1530864197530864
0 0.34392361111111114 0.6154128086419753 0.04722222222222222 0.08395061728395062
3 0.4098958333333333 0.6429591049382716 0.05416666666666666 0.0765432098765432
3 0.3373263888888889 0.8938850308641975 0.09027777777777776 0.12839506172839504
3 0.6444444444444445 0.7499614197530864 0.07638888888888888 0.10617283950617282
0 0.7213541666666667 0.7229938271604939 0.07083333333333333 0.12098765432098765
0 0.6548611111111111 0.5068672839506172 0.04722222222222222 0.10123456790123457
0 0.8314236111111111 0.5318672839506172 0.09722222222222222 0.10123456790123457
0 0.6697916666666667 0.35455246913580246 0.04583333333333333 0.07160493827160494
0 0.7130208333333333 0.27708333333333335 0.05416666666666666 0.06666666666666667