1 0.66875 0.08960262345679013 0.125 0.11358024691358024
1 0.3368055555555555 0.7009837962962963 0.36111111111111105 0.5925925925925926
2 0.662326388888889 0.1814621913580247 0.14027777777777778 0.11604938271604937
0 0.545138888888889 0.23159722222222223 0.16527777777777777 0.2444444444444444
0 0.621875 0.3634837962962963 0.1375 0.1925925925925926
0 0.7236111111111111 0.2934220679012346 0.1222222222222222 0.20246913580246914
0 0.4442708333333333 0.562962962962963 0.19166666666666665 0.3259259259259259
0 0.7100694444444444 0.7987654320987654 0.2638888888888889 0.39753086419753086
1 0.5628472222222223 0.647608024691358 0.13194444444444445 0.38271604938271603
1 0.7286458333333333 0.5821180555555555 0.22916666666666666 0.31111111111111106
1 0.7881944444444444 0.366724537037037 0.18888888888888888 0.274074074074074
0 0.8475694444444445 0.5728009259259259 0.15138888888888888 0.2518518518518518
0 0.8958333333333334 0.3049961419753086 0.07916666666666666 0.1506172839506173
1 0.9296875 0.4732831790123456 0.1375 0.22469135802469134
0 0.9751736111111111 0.6338734567901234 0.04722222222222222 0.18024691358024691
0 0.9652777777777779 0.8315972222222221 0.06805555555555555 0.2444444444444444