0 0.3140625 0.5293016975308642 0.0375 0.06172839506172839
0 0.36354166666666665 0.5813657407407408 0.04583333333333333 0.08148148148148147
0 0.11458333333333333 0.7364583333333333 0.041666666666666664 0.06666666666666667
0 0.3314236111111111 0.9246141975308643 0.034722222222222224 0.06172839506172839
0 0.28802083333333334 0.7023341049382716 0.029166666666666664 0.0765432098765432
0 0.43107638888888894 0.43144290123456785 0.04027777777777777 0.0691358024691358
0 0.5868055555555556 0.6547260802469136 0.04861111111111111 0.09382716049382715
0 0.6118055555555555 0.3980516975308642 0.03611111111111111 0.06172839506172839
0 0.9095486111111111 0.672145061728395 0.034722222222222224 0.05679012345679012
0 0.9564236111111111 0.9775655864197532 0.08472222222222223 0.03950617283950617
0 0.5262152777777778 0.9418981481481481 0.08055555555555555 0.0962962962962963
3 0.5911458333333333 0.9645833333333333 0.06666666666666667 0.06666666666666667
3 0.6458333333333333 0.8852430555555555 0.07916666666666666 0.11111111111111112
3 0.39583333333333337 0.49459876543209874 0.05416666666666666 0.06419753086419752