2 0.7809027777777777 0.11304012345679011 0.11805555555555555 0.11358024691358024
1 0.8734375 0.7943287037037037 0.25 0.40740740740740733
1 0.06493055555555555 0.7626929012345679 0.12361111111111109 0.4691358024691358
1 0.8295138888888889 0.4921103395061728 0.2777777777777778 0.21234567901234563
0 0.968923611111111 0.44772376543209874 0.05972222222222222 0.2641975308641975
1 0.3107638888888889 0.603491512345679 0.12777777777777777 0.491358024691358
2 0.38506944444444446 0.4176118827160494 0.15138888888888888 0.23209876543209873
1 0.44357638888888895 0.2748263888888889 0.22777777777777777 0.17777777777777776
1 0.5730902777777778 0.5513503086419753 0.26805555555555555 0.4839506172839506
0 0.18715277777777778 0.6408564814814814 0.21805555555555553 0.36296296296296293
0 0.1638888888888889 0.41138117283950615 0.21527777777777776 0.27901234567901234
1 0.11527777777777777 0.2921103395061728 0.11805555555555555 0.21234567901234563
0 0.07378472222222222 0.16792052469135804 0.14444444444444443 0.18271604938271604
1 0.19166666666666665 0.12040895061728393 0.07083333333333333 0.2345679012345679
0 0.6199652777777778 0.25578703703703703 0.18055555555555552 0.274074074074074
2 0.9277777777777778 0.14286265432098766 0.14305555555555555 0.2419753086419753
1 0.8222222222222222 0.27035108024691357 0.3069444444444444 0.2938271604938271
0 0.2536458333333333 0.11678240740740739 0.11666666666666665 0.2148148148148148
1 0.42430555555555555 0.1044945987654321 0.0736111111111111 0.1308641975308642