0 0.4041666666666667 0.1834104938271605 0.03333333333333333 0.05432098765432099
0 0.42256944444444444 0.24928626543209878 0.03888888888888888 0.06419753086419752
0 0.30729166666666663 0.3493634259259259 0.03333333333333333 0.05185185185185185
0 0.103125 0.4443479938271605 0.0375 0.05432098765432099
0 0.23541666666666666 0.5007716049382716 0.04583333333333333 0.0765432098765432
0 0.3949652777777778 0.5958333333333333 0.043055555555555555 0.06666666666666667
0 0.3265625 0.6327739197530864 0.075 0.10617283950617282
1 0.9092013888888889 0.9027777777777779 0.17777777777777776 0.15555555555555553
1 0.3909722222222222 0.9114197530864198 0.08194444444444444 0.1728395061728395
1 0.5015625 0.6353395061728395 0.0875 0.14567901234567898
1 0.7434027777777777 0.8097029320987655 0.13055555555555556 0.19753086419753085