3 0.8213541666666666 0.23234953703703703 0.05833333333333333 0.07407407407407407
3 0.075 0.7239776234567901 0.1375 0.11358024691358024
3 0.3263888888888889 0.14525462962962962 0.04027777777777777 0.059259259259259255
3 0.4491319444444445 0.23234953703703703 0.03888888888888888 0.07407407407407407
0 0.2032986111111111 0.555787037037037 0.04722222222222222 0.07407407407407407
0 0.11527777777777777 0.16294367283950617 0.043055555555555555 0.07901234567901234
0 0.20711805555555554 0.0990354938271605 0.03611111111111111 0.05432098765432099
0 0.94375 0.07700617283950617 0.05 0.07901234567901234
0 0.8661458333333334 0.14807098765432097 0.05416666666666666 0.10864197530864197
0 0.553125 0.2525077160493827 0.0625 0.09876543209876543
0 0.5090277777777777 0.42027391975308637 0.06805555555555555 0.10617283950617282
0 0.3012152777777778 0.8745756172839506 0.11805555555555555 0.16790123456790124
0 0.29670138888888886 0.395679012345679 0.05277777777777778 0.09135802469135802