1 0.9260416666666667 0.7941550925925925 0.14583333333333331 0.18518518518518517
3 0.540798611111111 0.6874614197530864 0.07222222222222222 0.10617283950617282
3 0.8833333333333334 0.09537037037037037 0.09166666666666666 0.14074074074074075
3 0.7631944444444445 0.44619984567901233 0.11388888888888889 0.1580246913580247
3 0.6647569444444444 0.2554012345679012 0.08888888888888888 0.13580246913580246
3 0.5760416666666667 0.15578703703703703 0.04583333333333333 0.07407407407407407
3 0.43246527777777777 0.22544367283950617 0.043055555555555555 0.07901234567901234
0 0.7456597222222222 0.25509259259259254 0.09444444444444444 0.18518518518518517
0 0.47795138888888894 0.47175925925925927 0.07777777777777777 0.11851851851851851
0 0.6585069444444445 0.4032793209876543 0.08888888888888888 0.17530864197530863
0 0.36701388888888886 0.3555748456790123 0.09027777777777776 0.1580246913580247
0 0.29027777777777775 0.8266203703703704 0.08055555555555555 0.14074074074074075