1 0.8527777777777779 0.1497878086419753 0.2930555555555555 0.2839506172839506
0 0.6890625 0.5480902777777777 0.2 0.3555555555555555
2 0.4890625 0.8242283950617283 0.2 0.32345679012345674
2 0.5696180555555556 0.3445987654320987 0.12361111111111109 0.2641975308641975
1 0.33090277777777777 0.8794560185185185 0.14305555555555555 0.23703703703703702
1 0.4383680555555555 0.6061921296296295 0.27361111111111114 0.25925925925925924
2 0.3951388888888889 0.4601851851851852 0.10277777777777777 0.17037037037037037
1 0.40815972222222224 0.33699845679012347 0.23194444444444443 0.18024691358024691
1 0.25833333333333336 0.3625 0.09166666666666666 0.2
1 0.09045138888888889 0.6005979938271604 0.16527777777777777 0.254320987654321
2 0.16961805555555554 0.215625 0.12361111111111109 0.2
2 0.1296875 0.8709104938271605 0.1125 0.254320987654321
2 0.27152777777777776 0.6208140432098765 0.10555555555555556 0.21975308641975308