0 0.5669270833333333 0.2837384259259259 0.04635416666666666 0.06435185185185185
0 0.6983072916666667 0.47783564814814816 0.04348958333333333 0.05879629629629629
3 0.9540364583333334 0.796412037037037 0.03307291666666666 0.08657407407407407
3 0.81015625 0.4775462962962963 0.0359375 0.08009259259259259
3 0.783984375 0.2171875 0.04296875 0.0625
3 0.7770833333333333 0.9103587962962963 0.08229166666666667 0.10509259259259258
3 0.5266927083333333 0.36788194444444444 0.04088541666666666 0.06388888888888888
0 0.8494791666666666 0.3583333333333333 0.05833333333333333 0.12916666666666665
0 0.7563802083333333 0.12100694444444444 0.03463541666666666 0.05138888888888889
0 0.15703125 0.1759837962962963 0.0359375 0.055092592592592596
0 0.36575520833333336 0.5865162037037037 0.04088541666666666 0.0699074074074074