1 0.2881944444444445 0.9456018518518519 0.06388888888888888 0.1037037037037037
3 0.5519097222222222 0.5316165123456791 0.05694444444444444 0.09135802469135802
3 0.29322916666666665 0.6423804012345679 0.07083333333333333 0.0691358024691358
3 0.34131944444444445 0.9731288580246913 0.06388888888888888 0.04938271604938271
3 0.3951388888888889 0.9538194444444444 0.05277777777777778 0.08888888888888888
3 0.30590277777777775 0.5663966049382716 0.06805555555555555 0.0765432098765432
1 0.6635416666666667 0.7672453703703704 0.10833333333333332 0.14074074074074075
3 0.6109375 0.9199652777777778 0.1125 0.15555555555555553
3 0.5961805555555555 0.39577546296296295 0.08611111111111111 0.1259259259259259
0 0.16614583333333333 0.5498649691358024 0.041666666666666664 0.07160493827160494
0 0.09930555555555556 0.8103202160493828 0.0611111111111111 0.09876543209876543
0 0.5597222222222222 0.6271026234567901 0.08194444444444444 0.11358024691358024
0 0.8213541666666666 0.5717785493827161 0.10833333333333332 0.16543209876543208
0 0.9404513888888889 0.6493248456790124 0.11527777777777777 0.1580246913580247