1 0.4885416666666667 0.7616512345679013 0.05833333333333333 0.13580246913580246
1 0.5588541666666667 0.4721836419753086 0.04583333333333333 0.1506172839506173
1 0.5085069444444444 0.5947916666666667 0.06388888888888888 0.13333333333333333
0 0.4083333333333333 0.6448495370370371 0.041666666666666664 0.07407407407407407
0 0.346875 0.09467592592592593 0.0375 0.05185185185185185
0 0.31354166666666666 0.0865354938271605 0.03333333333333333 0.05432098765432099
0 0.27899305555555554 0.09212962962962963 0.03611111111111111 0.059259259259259255
0 0.3104166666666667 0.30052083333333335 0.03333333333333333 0.06666666666666667
1 0.8295138888888889 0.42719907407407404 0.06527777777777778 0.14814814814814814
0 0.4015625 0.9411651234567902 0.075 0.11358024691358024
0 0.36701388888888886 0.4145061728395062 0.04027777777777777 0.07901234567901234
0 0.5097222222222222 0.21269290123456788 0.04444444444444444 0.0691358024691358