1 0.4770833333333333 0.16219135802469137 0.06666666666666667 0.04938271604938271
1 0.8197916666666666 0.5048996913580247 0.08333333333333333 0.11604938271604937
1 0.9008680555555555 0.7931520061728394 0.12361111111111109 0.14567901234567898
1 0.36597222222222225 0.866087962962963 0.08194444444444444 0.1259259259259259
3 0.7081597222222222 0.8503086419753088 0.09444444444444444 0.1506172839506173
3 0.2515625 0.9185378086419753 0.0625 0.08395061728395062
3 0.638888888888889 0.39174382716049383 0.07777777777777777 0.12098765432098765
3 0.340625 0.621508487654321 0.0625 0.10864197530864197
0 0.5145833333333333 0.6857445987654321 0.06666666666666667 0.1308641975308642
0 0.07673611111111112 0.6747878086419753 0.05972222222222222 0.08395061728395062
0 0.3243055555555555 0.28036265432098767 0.03611111111111111 0.04197530864197531