1 0.9484375 0.7782600308641976 0.1 0.12839506172839504
1 0.4652777777777778 0.47201003086419757 0.09305555555555554 0.12839506172839504
1 0.3763888888888889 0.4261188271604938 0.04027777777777777 0.12098765432098765
1 0.6670138888888889 0.5203317901234568 0.10277777777777777 0.24691358024691357
1 0.5220486111111111 0.8096643518518519 0.17222222222222222 0.1037037037037037
3 0.453125 0.9414930555555555 0.1 0.11111111111111112
0 0.25069444444444444 0.2672260802469136 0.05138888888888889 0.09382716049382715
0 0.28125 0.7203703703703704 0.075 0.14074074074074075
0 0.24114583333333334 0.5083526234567901 0.09166666666666666 0.11358024691358024
0 0.4088541666666667 0.27002314814814815 0.07083333333333333 0.0962962962962963
0 0.4307291666666667 0.15883487654320988 0.04583333333333333 0.08641975308641975
0 0.546701388888889 0.5041666666666667 0.05277777777777778 0.13333333333333333
0 0.5048611111111111 0.33721064814814816 0.04722222222222222 0.0962962962962963
0 0.5689236111111111 0.30943287037037037 0.07222222222222222 0.14074074074074075
0 0.5284722222222222 0.12208719135802468 0.06944444444444445 0.11604938271604937
0 0.43680555555555556 0.039004629629629625 0.03611111111111111 0.059259259259259255
0 0.3741319444444445 0.08819444444444444 0.05138888888888889 0.08888888888888888