0 0.5673611111111111 0.8343364197530864 0.1472222222222222 0.3061728395061728
0 0.25121527777777775 0.8709104938271605 0.18055555555555552 0.254320987654321
0 0.3739583333333333 0.49926697530864195 0.12916666666666665 0.21728395061728395
0 0.18472222222222223 0.6488618827160494 0.14444444444444443 0.23209876543209873
3 0.10694444444444444 0.7683641975308643 0.1638888888888889 0.2617283950617284
3 0.13576388888888888 0.30551697530864197 0.15277777777777776 0.21728395061728395
3 0.28142361111111114 0.286766975308642 0.13472222222222222 0.21728395061728395
3 0.3923611111111111 0.3708719135802469 0.10972222222222221 0.16049382716049382
3 0.3824652777777778 0.674903549382716 0.08055555555555555 0.16543209876543208
3 0.49774305555555554 0.5782407407407407 0.14861111111111108 0.2814814814814815
3 0.41736111111111107 0.7981867283950617 0.1222222222222222 0.19012345679012346
3 0.6574652777777777 0.6605324074074075 0.13055555555555556 0.2148148148148148