0 0.955716723549488 0.4223958333333333 0.061433447098976114 0.08541666666666667
0 0.9014505119453926 0.39479166666666665 0.05290102389078498 0.08958333333333332
0 0.8565593003412969 0.35520833333333335 0.04436860068259386 0.07291666666666666
0 0.8101162542662117 0.3171875 0.05460750853242321 0.075
0 0.8606815273037542 0.1546875 0.04948805460750853 0.0625
0 0.9342630119453925 0.146875 0.05290102389078498 0.06875
0 0.3604042235494881 0.6828125 0.061433447098976114 0.08125
0 0.3765944965870307 0.7619791666666667 0.05631399317406144 0.08958333333333332
0 0.4599722696245734 0.4317708333333333 0.05119453924914676 0.07291666666666666
0 0.5899477389078498 0.6911458333333333 0.058020477815699655 0.08541666666666667
0 0.6395264505119453 0.6765625 0.06655290102389079 0.09375
0 0.5594176621160409 0.7744791666666667 0.07508532423208192 0.08958333333333332
0 0.5271704351535836 0.4552083333333333 0.06996587030716724 0.08541666666666667
0 0.4684940273037543 0.26510416666666664 0.04948805460750853 0.07708333333333332
0 0.5123986774744027 0.184375 0.07167235494880546 0.09375
0 0.8358361774744028 0.9296875 0.07167235494880546 0.0875
0 0.917096843003413 0.9453125 0.09044368600682594 0.09375
0 0.9388278583617747 0.8130208333333334 0.08703071672354949 0.11666666666666665
0 0.9623986774744028 0.7015625 0.07167235494880546 0.125
0 0.8989014505119455 0.5322916666666667 0.06655290102389079 0.08958333333333332
0 0.751471843003413 0.4598958333333333 0.09044368600682594 0.10416666666666666
0 0.756026023890785 0.5802083333333333 0.10580204778156996 0.12291666666666665
0 0.769779223549488 0.23385416666666664 0.061433447098976114 0.09583333333333333
0 0.8673741467576791 0.215625 0.07849829351535836 0.09375