3 0.8139322916666666 0.7175925925925926 0.03723958333333333 0.06018518518518519
3 0.7029947916666667 0.35370370370370374 0.02786458333333333 0.04490740740740741
3 0.7010416666666667 0.9307291666666666 0.03645833333333333 0.05833333333333333
3 0.6684895833333333 0.8877893518518519 0.04635416666666666 0.0662037037037037
3 0.684375 0.5363425925925925 0.034375 0.06018518518518519
3 0.31145833333333334 0.23466435185185186 0.04479166666666666 0.0662037037037037
3 0.479296875 0.39537037037037037 0.02421875 0.04074074074074074
3 0.168359375 0.3232638888888889 0.02734375 0.04027777777777777
3 0.27447916666666666 0.12766203703703702 0.03958333333333333 0.06157407407407407
3 0.2889322916666667 0.04884259259259259 0.04036458333333333 0.04768518518518518
3 0.26640625 0.40324074074074073 0.0390625 0.03148148148148148
3 0.36158854166666665 0.4723958333333333 0.02630208333333333 0.041666666666666664
3 0.3634114583333333 0.6681134259259259 0.04244791666666666 0.039351851851851846
3 0.4376302083333333 0.5105902777777778 0.019010416666666665 0.043055555555555555
3 0.49609375 0.6246527777777777 0.0421875 0.05555555555555556
3 0.5125 0.5473958333333333 0.034375 0.05416666666666666
3 0.5591145833333333 0.4936921296296296 0.043229166666666666 0.08425925925925926