1 0.5842447916666667 0.8453703703703704 0.10286458333333333 0.24074074074074076
3 0.891015625 0.8079282407407407 0.08828125 0.14398148148148146
3 0.8010416666666667 0.7460069444444445 0.11145833333333333 0.08888888888888888
3 0.7227864583333333 0.834664351851852 0.17994791666666665 0.3037037037037037
3 0.560546875 0.7008101851851852 0.10234375 0.10787037037037037
3 0.973046875 0.4708333333333333 0.05234375 0.11666666666666665
3 0.5954427083333333 0.3017939814814815 0.07838541666666667 0.12546296296296294
3 0.6518229166666667 0.23136574074074073 0.07552083333333333 0.08148148148148147
3 0.6765625 0.08732638888888888 0.071875 0.12777777777777777
3 0.34635416666666663 0.09699074074074074 0.03958333333333333 0.05648148148148148
3 0.4260416666666667 0.22771990740740738 0.05208333333333333 0.08981481481481482
3 0.32669270833333336 0.555787037037037 0.06276041666666667 0.08657407407407407
3 0.23255208333333335 0.4331597222222222 0.09947916666666666 0.15694444444444444
3 0.030078125 0.8363425925925926 0.05703125 0.16018518518518518
3 0.08346354166666667 0.5969907407407408 0.06692708333333333 0.09398148148148147
3 0.17604166666666665 0.24855324074074076 0.08958333333333332 0.11898148148148147
3 0.38776041666666666 0.12019675925925925 0.03177083333333333 0.05601851851851851
3 0.27083333333333337 0.1347800925925926 0.05416666666666666 0.06018518518518519
3 0.029296875 0.399537037037037 0.04921875 0.08657407407407407