3 0.9684895833333333 0.7342592592592593 0.033854166666666664 0.0685185185185185
3 0.9459635416666666 0.38935185185185184 0.060677083333333326 0.0662037037037037
3 0.8098958333333334 0.804050925925926 0.041666666666666664 0.07685185185185185
3 0.07473958333333333 0.8644675925925925 0.033854166666666664 0.06018518518518519
0 0.583203125 0.7277199074074074 0.03828125 0.052314814814814814
3 0.62734375 0.8087962962962963 0.0234375 0.04259259259259259
3 0.594140625 0.8593171296296296 0.03203125 0.059259259259259255
3 0.5559895833333333 0.632175925925926 0.049479166666666664 0.10185185185185183
3 0.4796875 0.351099537037037 0.028125 0.06157407407407407
3 0.33919270833333337 0.4925347222222222 0.047135416666666666 0.05694444444444444
3 0.4322916666666667 0.24444444444444446 0.03333333333333333 0.06388888888888888