3 0.5712239583333333 0.41082175925925923 0.023697916666666666 0.04351851851851852
3 0.5388020833333333 0.38836805555555554 0.018229166666666664 0.03611111111111111
3 0.39401041666666664 0.5731481481481482 0.02239583333333333 0.033796296296296297
3 0.5200520833333333 0.5652199074074075 0.03697916666666666 0.07731481481481481
3 0.522265625 0.626099537037037 0.03515625 0.06157407407407407
1 0.4212239583333333 0.685300925925926 0.03307291666666666 0.039351851851851846
3 0.429296875 0.718923611111111 0.02421875 0.034722222222222224
3 0.254296875 0.9112847222222221 0.03984375 0.06944444444444445
3 0.107421875 0.6721064814814814 0.03046875 0.025462962962962958
3 0.06809895833333332 0.7200231481481482 0.04244791666666666 0.046296296296296294
3 0.13997395833333331 0.740162037037037 0.039322916666666666 0.06157407407407407
3 0.098046875 0.7546296296296297 0.01796875 0.02175925925925926
3 0.08216145833333334 0.8217592592592593 0.017447916666666667 0.031018518518518518
3 0.25078125 0.6603009259259259 0.0203125 0.02685185185185185
3 0.20559895833333336 0.6644097222222223 0.029947916666666664 0.03194444444444444