3 0.06158854166666666 0.13969907407407406 0.08880208333333332 0.13564814814814813
3 0.15143229166666666 0.04814814814814815 0.06536458333333332 0.05879629629629629
3 0.306640625 0.11371527777777776 0.05703125 0.06805555555555555
3 0.12734375 0.31516203703703705 0.1015625 0.13657407407407407
3 0.4623697916666667 0.1701388888888889 0.07473958333333333 0.10277777777777777
3 0.5157552083333333 0.10497685185185186 0.05651041666666666 0.0537037037037037
3 0.22369791666666666 0.3920138888888889 0.05989583333333333 0.05277777777777778
3 0.5420572916666667 0.48136574074074073 0.14661458333333333 0.19398148148148148
3 0.769921875 0.24837962962962962 0.05546875 0.09675925925925925
3 0.8973958333333334 0.5380208333333333 0.06979166666666667 0.12916666666666665
3 0.9608072916666666 0.5883101851851852 0.07473958333333333 0.14537037037037037
1 0.43359375 0.5040509259259259 0.0859375 0.17685185185185184
3 0.27239583333333334 0.03292824074074074 0.035416666666666666 0.043981481481481476