3 0.6337239583333333 0.44780092592592596 0.029947916666666664 0.06435185185185185
0 0.44296875 0.24282407407407405 0.0578125 0.08564814814814814
0 0.4729166666666667 0.38483796296296297 0.04583333333333333 0.08842592592592592
0 0.21002604166666666 0.44351851851851853 0.060677083333333326 0.08703703703703704
0 0.20143229166666665 0.609201388888889 0.09348958333333332 0.12777777777777777
0 0.373828125 0.904050925925926 0.05390625 0.10185185185185183
0 0.6421875 0.553761574074074 0.059375 0.09814814814814814
0 0.7854166666666667 0.7383101851851852 0.04583333333333333 0.07037037037037037
0 0.7947916666666667 0.8307291666666666 0.055208333333333325 0.10833333333333332
0 0.5526041666666667 0.8487847222222221 0.04895833333333333 0.09444444444444444
0 0.7135416666666667 0.40057870370370374 0.02395833333333333 0.04490740740740741
0 0.7649739583333333 0.3972800925925926 0.020572916666666666 0.03518518518518519
0 0.8270833333333334 0.4502314814814815 0.019791666666666666 0.03796296296296296