2 0.97421875 0.50234375 0.0515625 0.0578125
3 0.9450520833333333 0.3766203703703704 0.10260416666666665 0.09074074074074073
2 0.7561197916666667 0.5835069444444445 0.02786458333333333 0.02638888888888889
2 0.7063802083333333 0.5555555555555556 0.06588541666666667 0.08611111111111111
2 0.8955729166666666 0.539699074074074 0.056770833333333326 0.06064814814814814
2 0.8272135416666666 0.5478587962962963 0.07630208333333333 0.08009259259259259
2 0.816796875 0.7248842592592593 0.03671875 0.04351851851851852
2 0.8889322916666667 0.8188078703703704 0.07161458333333333 0.11574074074074074
2 0.7677083333333333 0.7458912037037038 0.06979166666666667 0.09490740740740741
2 0.5201822916666667 0.9632523148148149 0.03723958333333333 0.054629629629629625
2 0.431640625 0.42256944444444444 0.04765625 0.05138888888888889
2 0.4911458333333333 0.564699074074074 0.035416666666666666 0.035648148148148144
2 0.096484375 0.21556712962962962 0.03359375 0.04675925925925926
2 0.5553385416666667 0.35225694444444444 0.03567708333333333 0.03888888888888888