2 0.71015625 0.2524884259259259 0.0359375 0.05185185185185185
2 0.6665364583333333 0.24716435185185187 0.029947916666666664 0.0412037037037037
2 0.19075520833333331 0.3629050925925926 0.07838541666666667 0.08518518518518518
2 0.276953125 0.28130787037037036 0.07265625 0.06574074074074074
2 0.296875 0.13697916666666665 0.053125 0.05833333333333333
2 0.4729166666666667 0.2689814814814815 0.07395833333333332 0.10046296296296295
2 0.5125 0.5471643518518519 0.090625 0.1537037037037037
2 0.815234375 0.6585648148148148 0.18359375 0.2671296296296296
2 0.9317708333333334 0.8142939814814815 0.13229166666666664 0.17546296296296296
2 0.953125 0.22627314814814814 0.09375 0.12129629629629628
2 0.61953125 0.2730902777777778 0.0640625 0.09305555555555554
2 0.5665364583333333 0.2359375 0.061197916666666664 0.0875
2 0.23020833333333335 0.1033564814814815 0.035416666666666666 0.050462962962962966
2 0.22369791666666666 0.30162037037037037 0.02239583333333333 0.02824074074074074