3 0.29635416666666664 0.8326388888888889 0.09270833333333332 0.12777777777777777
3 0.11536458333333333 0.8035300925925926 0.09010416666666667 0.08518518518518518
3 0.17916666666666664 0.5914930555555555 0.07083333333333333 0.08611111111111111
3 0.35234375 0.281712962962963 0.0859375 0.07592592592592592
3 0.2484375 0.13622685185185185 0.0875 0.1287037037037037
3 0.33125 0.15167824074074074 0.09375 0.13148148148148148
3 0.4158854166666667 0.2548611111111111 0.05364583333333332 0.07222222222222222
0 0.6796875 0.671875 0.04375 0.075
0 0.6528645833333333 0.6538194444444445 0.03697916666666666 0.06388888888888888
0 0.68359375 0.02378472222222222 0.0359375 0.04444444444444444
0 0.6533854166666667 0.08732638888888888 0.03177083333333333 0.05277777777777778
0 0.6940104166666667 0.1322337962962963 0.02239583333333333 0.04259259259259259
0 0.74609375 0.1130787037037037 0.0203125 0.032407407407407406
0 0.7427083333333333 0.14421296296296296 0.016666666666666666 0.025925925925925925
3 0.6661458333333333 0.05167824074074075 0.022916666666666665 0.03148148148148148
3 0.7296875 0.11950231481481481 0.021875 0.029629629629629627
3 0.7294270833333333 0.1476273148148148 0.021354166666666667 0.029629629629629627
3 0.75859375 0.20931712962962962 0.0171875 0.03425925925925925
0 0.7809895833333333 0.18616898148148148 0.024479166666666666 0.03796296296296296
0 0.7263020833333333 0.1892361111111111 0.011979166666666666 0.02222222222222222
3 0.7854166666666667 0.22337962962962962 0.02395833333333333 0.03425925925925925
3 0.8716145833333334 0.30364583333333334 0.03072916666666666 0.041666666666666664
0 0.82109375 0.2574652777777778 0.0171875 0.03055555555555555
0 0.8450520833333334 0.24809027777777776 0.021354166666666667 0.03055555555555555
0 0.8307291666666666 0.2826388888888889 0.020833333333333332 0.02777777777777778
0 0.81796875 0.3282407407407407 0.0203125 0.03148148148148148
0 0.7559895833333333 0.26041666666666663 0.021354166666666667 0.03333333333333333
0 0.7309895833333333 0.24091435185185187 0.03072916666666666 0.0537037037037037
0 0.7932291666666667 0.10983796296296296 0.014583333333333332 0.025925925925925925
3 0.8901041666666666 0.3716435185185185 0.02395833333333333 0.037037037037037035
3 0.9127604166666666 0.4205439814814815 0.02239583333333333 0.03796296296296296
3 0.9434895833333334 0.5078125 0.024479166666666666 0.05
3 0.9932291666666666 0.4666666666666667 0.011458333333333333 0.03333333333333333
3 0.9872395833333334 0.5116898148148148 0.024479166666666666 0.054629629629629625
3 0.9606770833333333 0.42413194444444446 0.04010416666666666 0.06388888888888888
0 0.91796875 0.38524305555555555 0.0296875 0.03611111111111111
0 0.9700520833333334 0.38020833333333337 0.033854166666666664 0.041666666666666664
0 0.7497395833333333 0.3423611111111111 0.043229166666666666 0.04722222222222222
3 0.7768229166666667 0.3359375 0.025520833333333333 0.025
3 0.7393229166666667 0.4413773148148148 0.03802083333333333 0.054629629629629625
0 0.6778645833333333 0.3492476851851852 0.033854166666666664 0.045370370370370366
0 0.9421875 0.6027199074074074 0.05 0.06481481481481481
0 0.88984375 0.7130208333333333 0.0515625 0.06666666666666667
3 0.8458333333333334 0.6982060185185185 0.04791666666666666 0.062037037037037036
3 0.6489583333333333 0.21388888888888888 0.026041666666666664 0.05277777777777778
3 0.6091145833333333 0.2563078703703704 0.027604166666666662 0.09074074074074073
0 0.6317708333333333 0.25179398148148147 0.035416666666666666 0.06296296296296296
0 0.5825520833333333 0.3446759259259259 0.049479166666666664 0.07685185185185185
0 0.6690104166666667 0.4724537037037037 0.04739583333333333 0.0824074074074074
0 0.6510416666666667 0.5122685185185185 0.03333333333333333 0.062037037037037036
0 0.7786458333333333 0.595486111111111 0.06041666666666666 0.09722222222222222
3 0.7270833333333333 0.585011574074074 0.05416666666666666 0.09814814814814814
3 0.69140625 0.5903935185185185 0.0515625 0.08703703703703704
3 0.721875 0.6533564814814815 0.034375 0.06296296296296296
3 0.5963541666666667 0.5685185185185185 0.02708333333333333 0.062037037037037036
3 0.6192708333333333 0.39739583333333334 0.029166666666666664 0.09166666666666666
3 0.5854166666666667 0.6847800925925925 0.055208333333333325 0.08518518518518518
3 0.4971354166666667 0.375 0.06302083333333333 0.125
0 0.6611979166666667 0.5802662037037037 0.03802083333333333 0.05740740740740741
0 0.6395833333333333 0.6063078703703704 0.041666666666666664 0.09074074074074073
0 0.5510416666666667 0.48917824074074073 0.07708333333333332 0.13148148148148148
0 0.4458333333333333 0.7530092592592592 0.07604166666666666 0.11851851851851851