2 0.2967447916666667 0.500636574074074 0.052864583333333326 0.04814814814814815
2 0.95234375 0.9226273148148149 0.0953125 0.15462962962962962
2 0.9166666666666666 0.8717592592592591 0.11770833333333333 0.14351851851851852
2 0.932421875 0.7597800925925926 0.10546875 0.1726851851851852
2 0.8372395833333334 0.7169560185185185 0.18072916666666666 0.262037037037037
2 0.4673177083333333 0.4541087962962963 0.05651041666666666 0.08009259259259259
2 0.4384114583333333 0.4027777777777778 0.04869791666666666 0.09305555555555554
2 0.39544270833333334 0.4708333333333333 0.05651041666666666 0.09166666666666666
2 0.30885416666666665 0.5292824074074074 0.055208333333333325 0.06481481481481481
2 0.17330729166666664 0.5054398148148148 0.06536458333333332 0.06712962962962962
2 0.835546875 0.20248842592592592 0.05234375 0.05185185185185185
2 0.5725260416666667 0.33472222222222225 0.06380208333333333 0.09444444444444444
2 0.5076822916666667 0.337037037037037 0.06223958333333333 0.07407407407407407
2 0.47421875 0.3091435185185185 0.0453125 0.062037037037037036
2 0.4606770833333333 0.21331018518518516 0.033854166666666664 0.045370370370370366
2 0.5532552083333333 0.21087962962962964 0.028385416666666663 0.059259259259259255
2 0.36080729166666664 0.35746527777777776 0.05598958333333333 0.08055555555555555