2 0.7494791666666667 0.10862268518518518 0.03333333333333333 0.05787037037037037
2 0.23359375 0.3512152777777778 0.0390625 0.05555555555555556
2 0.19596354166666669 0.3908564814814815 0.038802083333333334 0.050462962962962966
2 0.4760416666666667 0.2806134259259259 0.04895833333333333 0.06435185185185185
2 0.5865885416666667 0.17199074074074075 0.038802083333333334 0.043981481481481476
2 0.6278645833333333 0.15636574074074075 0.043229166666666666 0.043981481481481476
2 0.980078125 0.3049189814814815 0.03828125 0.07546296296296295
2 0.8359375 0.4257523148148148 0.084375 0.11712962962962963
2 0.08515625 0.3763310185185185 0.0515625 0.062037037037037036
2 0.13645833333333332 0.7112268518518519 0.09479166666666666 0.1287037037037037
2 0.7575520833333333 0.16099537037037037 0.043229166666666666 0.053240740740740734
2 0.580078125 0.35792824074074076 0.05390625 0.06898148148148148
2 0.44921875 0.4156828703703703 0.0546875 0.09074074074074073
2 0.4065104166666667 0.45815972222222223 0.04739583333333333 0.06944444444444445
1 0.383203125 0.6526041666666667 0.11328125 0.10833333333333332
2 0.4591145833333333 0.7859375 0.08072916666666666 0.1375
2 0.39401041666666664 0.7297453703703705 0.09427083333333333 0.12824074074074074
2 0.82890625 0.562962962962963 0.0921875 0.10092592592592593
2 0.61953125 0.6215277777777778 0.0828125 0.08055555555555555
2 0.5375 0.8390625 0.090625 0.15
2 0.5963541666666667 0.8858217592592592 0.07083333333333333 0.1310185185185185
2 0.6544270833333333 0.938136574074074 0.09010416666666667 0.12314814814814815
2 0.7345052083333333 0.8483217592592591 0.08151041666666667 0.14351851851851852
2 0.769140625 0.765625 0.09140625 0.1375
2 0.8544270833333334 0.8309027777777779 0.06510416666666666 0.10555555555555556
2 0.9390625 0.93671875 0.10625 0.1265625
2 0.9290364583333334 0.4769097222222222 0.08932291666666667 0.10694444444444444
2 0.7459635416666667 0.31828703703703703 0.038802083333333334 0.04907407407407407
2 0.7647135416666667 0.2941550925925926 0.038802083333333334 0.03518518518518519
2 0.760546875 0.2616319444444445 0.05234375 0.05138888888888889