2 0.8553385416666666 0.4451967592592593 0.08255208333333333 0.14351851851851852
2 0.738671875 0.12876157407407407 0.09296875 0.09814814814814814
2 0.4045572916666667 0.9251736111111111 0.07473958333333333 0.1472222222222222
1 0.658203125 0.10989583333333333 0.13515625 0.17916666666666664
2 0.9375 0.9247106481481481 0.0625 0.10879629629629628
2 0.6467447916666667 0.3753472222222222 0.10598958333333333 0.14444444444444443
2 0.6947916666666667 0.5561921296296296 0.10520833333333332 0.13425925925925924
2 0.7584635416666667 0.7006944444444445 0.11692708333333332 0.1638888888888889
2 0.659375 0.7760416666666667 0.1125 0.18333333333333332
2 0.35885416666666664 0.6769097222222222 0.11770833333333333 0.18194444444444444
2 0.05611979166666666 0.32112268518518516 0.05598958333333333 0.08287037037037036