1 0.95390625 0.35659722222222223 0.0921875 0.13194444444444445
2 0.5221354166666667 0.2160300925925926 0.04427083333333333 0.04768518518518518
2 0.5661458333333333 0.3344328703703704 0.04791666666666666 0.053240740740740734
2 0.6305989583333333 0.3368634259259259 0.045572916666666664 0.06435185185185185
2 0.7427083333333333 0.43287037037037035 0.06041666666666666 0.09074074074074073
2 0.8765625 0.09490740740740741 0.053125 0.07731481481481481
2 0.5834635416666667 0.07905092592592593 0.04505208333333333 0.05185185185185185
2 0.27083333333333337 0.2116898148148148 0.04791666666666666 0.06712962962962962
2 0.31380208333333337 0.38859953703703703 0.049479166666666664 0.08657407407407407
2 0.262109375 0.37175925925925923 0.04296875 0.0685185185185185
2 0.6571614583333333 0.6272569444444445 0.06744791666666666 0.11388888888888889
2 0.6001302083333333 0.640162037037037 0.07838541666666667 0.12407407407407407
2 0.4997395833333333 0.8961226851851851 0.058854166666666666 0.13287037037037036
2 0.5684895833333333 0.9100115740740741 0.06822916666666666 0.13564814814814813
2 0.7302083333333333 0.8296875 0.08854166666666666 0.15
2 0.771875 0.7280092592592593 0.071875 0.11851851851851851
3 0.8725260416666666 0.319849537037037 0.11692708333333332 0.17407407407407408
2 0.928125 0.19253472222222223 0.040625 0.05694444444444444
2 0.7145833333333333 0.191724537037037 0.04791666666666666 0.06157407407407407
2 0.4122395833333333 0.03761574074074074 0.03697916666666666 0.043981481481481476
2 0.34609375 0.017534722222222222 0.0390625 0.03194444444444444