2 0.22317708333333336 0.3421296296296296 0.07760416666666667 0.09675925925925925
2 0.27174479166666665 0.25503472222222223 0.03411458333333333 0.05694444444444444
2 0.3234375 0.23524305555555552 0.071875 0.08611111111111111
2 0.04283854166666666 0.3789351851851852 0.05755208333333332 0.05787037037037037
2 0.3375 0.08402777777777778 0.053125 0.05555555555555556
2 0.26341145833333335 0.02725694444444444 0.039322916666666666 0.05138888888888889
2 0.6265625 0.04849537037037037 0.084375 0.09074074074074073
2 0.5526041666666667 0.2647569444444445 0.08645833333333333 0.12638888888888888
2 0.675 0.24832175925925926 0.08125 0.10601851851851851
2 0.7545572916666667 0.2960648148148148 0.07161458333333333 0.10462962962962963
2 0.8049479166666667 0.18883101851851852 0.09739583333333332 0.137037037037037
2 0.8350260416666666 0.10318287037037037 0.09505208333333333 0.10324074074074074
2 0.62578125 0.6264467592592593 0.1328125 0.1935185185185185
2 0.8567708333333334 0.2849537037037037 0.04791666666666666 0.04490740740740741