0 0.9600260416666666 0.6999421296296295 0.07630208333333333 0.12175925925925926
1 0.915625 0.26024305555555555 0.125 0.11111111111111112
2 0.644140625 0.16643518518518519 0.06328125 0.08287037037037036
2 0.48359375 0.95234375 0.0984375 0.0953125
2 0.4024739583333333 0.9048611111111111 0.045572916666666664 0.08472222222222223
3 0.4319010416666667 0.35434027777777777 0.10755208333333333 0.13055555555555556
3 0.376171875 0.5005787037037037 0.08046875 0.1699074074074074
3 0.051953125 0.565162037037037 0.06328125 0.16157407407407406
1 0.4868489583333333 0.8728587962962964 0.09869791666666666 0.06759259259259259
0 0.8158854166666666 0.18582175925925926 0.11927083333333333 0.20601851851851852
0 0.7623697916666667 0.31817129629629626 0.10911458333333332 0.1925925925925926
0 0.9606770833333333 0.2935763888888889 0.07760416666666667 0.17777777777777776
0 0.863671875 0.36701388888888886 0.09921875 0.19027777777777777
0 0.8442708333333334 0.4842013888888889 0.09166666666666666 0.19027777777777777
0 0.768359375 0.4963541666666667 0.08046875 0.14583333333333331
0 0.7595052083333333 0.7780092592592592 0.08463541666666666 0.1310185185185185
0 0.7080729166666667 0.6245949074074074 0.09739583333333332 0.17731481481481481
0 0.6627604166666667 0.4802662037037037 0.10052083333333332 0.1949074074074074
2 0.6610677083333333 0.3061921296296296 0.04401041666666666 0.04675925925925926
1 0.8701822916666666 0.8765046296296296 0.12786458333333334 0.24675925925925926
1 0.959375 0.7953125 0.08125 0.11875