1 0.9609375 0.5190393518518518 0.078125 0.1537037037037037
2 0.675 0.39143518518518516 0.065625 0.09537037037037036
2 0.7095052083333333 0.5704282407407407 0.05026041666666666 0.05648148148148148
2 0.785546875 0.4249421296296296 0.03984375 0.03425925925925925
3 0.3904947916666667 0.7789351851851852 0.09348958333333332 0.22037037037037038
3 0.4587239583333333 0.608912037037037 0.10182291666666665 0.13657407407407407
0 0.73359375 0.8 0.1265625 0.2125
0 0.7830729166666667 0.9390046296296296 0.11302083333333332 0.12175925925925926
0 0.8502604166666666 0.8274305555555556 0.10052083333333332 0.1986111111111111
0 0.9513020833333334 0.8451967592592592 0.09635416666666666 0.18101851851851852
0 0.947265625 0.6914351851851852 0.10390625 0.22037037037037038
0 0.839453125 0.5966435185185185 0.11015625 0.21203703703703702
0 0.8848958333333334 0.4569444444444445 0.11979166666666666 0.18888888888888888
0 0.96796875 0.3536458333333333 0.0640625 0.20416666666666666