2 0.06640625 0.8153356481481481 0.0703125 0.12129629629629628
2 0.575390625 0.9441550925925926 0.07890625 0.11018518518518519
1 0.7697916666666667 0.9129050925925926 0.09270833333333332 0.09768518518518518
0 0.7993489583333333 0.43483796296296295 0.07682291666666666 0.1259259259259259
0 0.7381510416666667 0.4195023148148148 0.060677083333333326 0.11712962962962963
1 0.7962239583333333 0.49872685185185184 0.11744791666666665 0.1662037037037037
1 0.7052083333333333 0.5760416666666666 0.13229166666666664 0.2708333333333333
0 0.952734375 0.10607638888888889 0.09296875 0.20277777777777778
0 0.8614583333333334 0.11261574074074074 0.09166666666666666 0.18148148148148147
0 0.7783854166666667 0.11302083333333332 0.09427083333333333 0.17916666666666664
0 0.6104166666666667 0.14797453703703703 0.08958333333333332 0.17407407407407408
0 0.6928385416666667 0.1714699074074074 0.07942708333333333 0.15231481481481482
0 0.655078125 0.257349537037037 0.07265625 0.14907407407407408
0 0.6110677083333333 0.29108796296296297 0.06588541666666667 0.1259259259259259
0 0.60703125 0.5299768518518518 0.0671875 0.1412037037037037
0 0.5643229166666667 0.40879629629629627 0.07552083333333333 0.18009259259259258
0 0.52890625 0.28738425925925926 0.0859375 0.1685185185185185
3 0.3494791666666667 0.21180555555555552 0.08958333333333332 0.09861111111111111
3 0.2984375 0.3386574074074074 0.0625 0.1398148148148148
0 0.91953125 0.38993055555555556 0.0890625 0.1861111111111111
1 0.600390625 0.8273148148148148 0.10703125 0.12962962962962962
2 0.31536458333333334 0.696238425925926 0.043229166666666666 0.07685185185185185
1 0.38828125 0.6532986111111111 0.0890625 0.05972222222222222
2 0.913671875 0.8171296296296295 0.09296875 0.15925925925925927
2 0.97734375 0.921875 0.0453125 0.1125
2 0.9739583333333334 0.7728587962962963 0.051041666666666666 0.08009259259259259
2 0.53203125 0.05167824074074075 0.0546875 0.06898148148148148
2 0.5997395833333333 0.03032407407407407 0.04635416666666666 0.04814814814814815
2 0.14075520833333333 0.5934606481481481 0.05026041666666666 0.08379629629629629