2 0.391796875 0.8543981481481481 0.04921875 0.0962962962962963
2 0.18880208333333331 0.6846064814814815 0.04635416666666666 0.07546296296296295
2 0.6287760416666667 0.13177083333333334 0.060677083333333326 0.07916666666666666
1 0.9451822916666666 0.7311921296296295 0.10911458333333332 0.12175925925925926
0 0.9794270833333334 0.2498263888888889 0.04010416666666666 0.17777777777777776
0 0.9299479166666667 0.23431712962962964 0.08177083333333332 0.14675925925925926
1 0.90546875 0.18958333333333333 0.1328125 0.09166666666666666
3 0.048567708333333334 0.5233796296296296 0.06901041666666666 0.15925925925925927
3 0.36875 0.449537037037037 0.08125 0.17407407407407408
3 0.4240885416666667 0.3063078703703704 0.10130208333333332 0.10324074074074074
0 0.6432291666666667 0.42714120370370373 0.10520833333333332 0.1949074074074074
0 0.6924479166666667 0.5657986111111111 0.11614583333333332 0.19722222222222222
0 0.735546875 0.7143518518518518 0.09609375 0.1412037037037037
0 0.7483072916666667 0.4533564814814815 0.09348958333333332 0.17546296296296296
0 0.8171875 0.4291087962962963 0.103125 0.1925925925925926
0 0.8384114583333334 0.32557870370370373 0.10182291666666665 0.1949074074074074
0 0.748046875 0.26886574074074077 0.11484375 0.18148148148148147
0 0.7904947916666667 0.15052083333333333 0.11848958333333333 0.20416666666666666
1 0.4731770833333333 0.8119212962962964 0.10260416666666665 0.06759259259259259
1 0.8412760416666666 0.8195601851851851 0.12005208333333332 0.24537037037037038
0 0.8856770833333334 0.6320023148148148 0.06510416666666666 0.11712962962962963
0 0.9606770833333333 0.6434606481481481 0.07760416666666667 0.14629629629629629