2 0.7920572916666667 0.28761574074074076 0.08098958333333332 0.09398148148148147
2 0.14361979166666666 0.24479166666666666 0.052864583333333326 0.05833333333333333
2 0.38919270833333336 0.1560763888888889 0.06901041666666666 0.07777777777777777
2 0.28736979166666665 0.2388310185185185 0.07473958333333333 0.09953703703703703
2 0.027734375 0.5232060185185186 0.05234375 0.09953703703703703
2 0.623046875 0.600925925925926 0.12421875 0.17685185185185184
2 0.6020833333333333 0.23038194444444446 0.08854166666666666 0.12638888888888888
2 0.8665364583333334 0.17847222222222223 0.10807291666666666 0.13194444444444445
2 0.9182291666666667 0.08570601851851851 0.11770833333333333 0.09953703703703703
2 0.33450520833333336 0.17372685185185185 0.028385416666666663 0.0412037037037037
2 0.9080729166666666 0.2924189814814815 0.056770833333333326 0.06296296296296296
2 0.85390625 0.2632523148148148 0.0515625 0.04212962962962963
2 0.73359375 0.21921296296296297 0.0703125 0.07592592592592592