2 0.7817708333333333 0.8602430555555556 0.11354166666666665 0.14861111111111108
2 0.23411458333333335 0.19618055555555555 0.07760416666666667 0.08611111111111111
2 0.52265625 0.3098958333333333 0.0515625 0.10416666666666666
2 0.09427083333333333 0.6136574074074075 0.057291666666666664 0.06481481481481481
2 0.590625 0.08032407407407408 0.0625 0.06064814814814814
2 0.474609375 0.171875 0.07421875 0.0625
2 0.37356770833333336 0.10949074074074075 0.06276041666666667 0.08148148148148147
2 0.69609375 0.2649884259259259 0.0859375 0.10185185185185183
2 0.65546875 0.7583333333333333 0.0828125 0.15416666666666665
2 0.333984375 0.46574074074074073 0.08046875 0.10648148148148147
2 0.264453125 0.446875 0.07890625 0.1125
2 0.049609375 0.26765046296296297 0.07109375 0.10092592592592593