0 0.6869791666666667 0.20729166666666665 0.10520833333333332 0.17083333333333334
0 0.9645833333333333 0.1798611111111111 0.06979166666666667 0.1847222222222222
0 0.8748697916666666 0.17482638888888888 0.12161458333333333 0.17777777777777776
1 0.860546875 0.1287037037037037 0.17734375 0.0824074074074074
2 0.15794270833333332 0.647800925925926 0.047135416666666666 0.08935185185185185
2 0.35416666666666663 0.7783564814814815 0.042708333333333334 0.08796296296296295
2 0.584375 0.08616898148148147 0.059375 0.07546296296296295
3 0.33333333333333337 0.40075231481481477 0.07291666666666666 0.15462962962962962
3 0.38776041666666666 0.25324074074074077 0.10052083333333332 0.09398148148148147
1 0.42578125 0.7427083333333333 0.0859375 0.06666666666666667
1 0.7752604166666667 0.7131944444444445 0.11302083333333332 0.23888888888888887
1 0.887109375 0.6092592592592593 0.13046875 0.1560185185185185
0 0.8131510416666666 0.5436921296296295 0.06380208333333333 0.12175925925925926
0 0.8946614583333334 0.54375 0.07682291666666666 0.125
1 0.6795572916666667 0.94375 0.12786458333333334 0.1125
0 0.6859375 0.6338541666666667 0.084375 0.14583333333333331
0 0.6375 0.49438657407407405 0.115625 0.18564814814814815
0 0.5872395833333333 0.3592592592592593 0.11197916666666666 0.18101851851851852
0 0.6859375 0.37806712962962963 0.078125 0.14675925925925926
0 0.73984375 0.3451388888888889 0.0890625 0.16527777777777777
0 0.7765625 0.250636574074074 0.09375 0.17314814814814813