2 0.9380208333333334 0.6947337962962963 0.057291666666666664 0.055092592592592596
2 0.21627604166666664 0.413425925925926 0.06380208333333333 0.08935185185185185
2 0.048046875 0.4499421296296296 0.06171875 0.059259259259259255
2 0.3009114583333333 0.31886574074074076 0.05807291666666666 0.08148148148148147
2 0.21875 0.06961805555555556 0.040625 0.0611111111111111
2 0.5505208333333333 0.12175925925925926 0.06041666666666666 0.0685185185185185
2 0.4938802083333333 0.3558449074074074 0.06901041666666666 0.11481481481481481
2 0.5860677083333333 0.31707175925925923 0.06588541666666667 0.10601851851851851
2 0.6850260416666667 0.27899305555555554 0.07630208333333333 0.11111111111111112
2 0.712109375 0.19328703703703703 0.07109375 0.08657407407407407
2 0.55234375 0.6659143518518518 0.0828125 0.1537037037037037
2 0.801953125 0.7858796296296295 0.13203125 0.20925925925925926
2 0.7264322916666667 0.3612268518518519 0.052864583333333326 0.0662037037037037
2 0.2953125 0.14560185185185187 0.05 0.0662037037037037
2 0.6346354166666667 0.37777777777777777 0.06302083333333333 0.10555555555555556