0 0.969140625 0.844675925925926 0.06015625 0.18935185185185183
0 0.8981770833333333 0.8604166666666666 0.10572916666666665 0.18333333333333332
0 0.8200520833333333 0.9280092592592591 0.11822916666666665 0.14351851851851852
0 0.7171875 0.8973958333333334 0.11875 0.20416666666666666
0 0.734765625 0.7455439814814815 0.10390625 0.18796296296296294
0 0.8173177083333334 0.6020833333333333 0.10963541666666665 0.17916666666666664
0 0.9809895833333334 0.38310185185185186 0.03697916666666666 0.1287037037037037
1 0.8649739583333333 0.789699074074074 0.16119791666666666 0.13564814814814813
1 0.5069010416666667 0.13223379629629628 0.04192708333333333 0.16759259259259257
2 0.5450520833333333 0.6987268518518518 0.06197916666666666 0.1162037037037037
2 0.6022135416666667 0.8938657407407407 0.04505208333333333 0.05648148148148148
2 0.6502604166666667 0.712673611111111 0.03802083333333333 0.04722222222222222
2 0.6555989583333333 0.0791087962962963 0.04244791666666666 0.055092592592592596