2 0.26263020833333334 0.015509259259259259 0.037760416666666664 0.031018518518518518
2 0.644140625 0.037557870370370366 0.08203125 0.06574074074074074
2 0.037109375 0.36412037037037037 0.06484375 0.06574074074074074
2 0.7705729166666667 0.29930555555555555 0.056770833333333326 0.11111111111111112
2 0.8796875 0.28784722222222225 0.053125 0.05694444444444444
2 0.7032552083333333 0.23732638888888888 0.06901041666666666 0.09027777777777776
2 0.8555989583333334 0.09826388888888889 0.09869791666666666 0.09027777777777776
2 0.8247395833333334 0.17841435185185187 0.10260416666666665 0.1162037037037037
2 0.639453125 0.6421875 0.13203125 0.2
2 0.5670572916666667 0.2733217592592593 0.09661458333333332 0.11851851851851851
2 0.3419270833333333 0.07407407407407407 0.058854166666666666 0.06064814814814814
2 0.2733072916666667 0.24797453703703703 0.03723958333333333 0.04907407407407407
2 0.3319010416666667 0.2228009259259259 0.07317708333333332 0.08935185185185185
2 0.2234375 0.32505787037037037 0.075 0.10324074074074074