2 0.9625 0.4296875 0.0625 0.0625
2 0.9098958333333333 0.5602430555555555 0.07916666666666666 0.08611111111111111
2 0.32486979166666663 0.46001157407407406 0.03411458333333333 0.04814814814814815
2 0.055338541666666664 0.6146990740740741 0.038802083333333334 0.04814814814814815
2 0.5899739583333333 0.7302662037037038 0.061197916666666664 0.0824074074074074
2 0.2671875 0.5166087962962963 0.040625 0.04259259259259259
2 0.14895833333333333 0.49826388888888895 0.035416666666666666 0.04027777777777777
2 0.309765625 0.55 0.02890625 0.0375
3 0.367578125 0.34913194444444445 0.04140625 0.05138888888888889
3 0.6346354166666667 0.3377893518518519 0.06302083333333333 0.0662037037037037
2 0.333203125 0.6965856481481482 0.04453125 0.07129629629629629