3 0.95 0.2520833333333333 0.1 0.09166666666666666
2 0.95078125 0.77265625 0.0984375 0.1515625
2 0.923046875 0.43501157407407404 0.07421875 0.07314814814814814
2 0.8393229166666666 0.46684027777777776 0.09739583333333332 0.08055555555555555
2 0.02591145833333333 0.2881944444444445 0.039322916666666666 0.06388888888888888
2 0.379296875 0.4221064814814815 0.05234375 0.050462962962962966
2 0.4450520833333333 0.5557291666666667 0.03697916666666666 0.03333333333333333
2 0.5255208333333333 0.31707175925925923 0.051041666666666666 0.04351851851851852
2 0.698046875 0.5024884259259259 0.07421875 0.08935185185185185
2 0.7604166666666667 0.5193287037037038 0.03020833333333333 0.032407407407407406
2 0.785546875 0.6983796296296296 0.09296875 0.12175925925925926
2 0.853125 0.6674189814814815 0.0375 0.050462962962962966