2 0.9298177083333334 0.4739583333333333 0.07213541666666666 0.06666666666666667
2 0.5885416666666667 0.22841435185185185 0.03020833333333333 0.0412037037037037
2 0.6319010416666667 0.22962962962962963 0.038802083333333334 0.03425925925925925
2 0.4927083333333333 0.2384259259259259 0.05416666666666666 0.07685185185185185
2 0.07890625 0.4618055555555555 0.0734375 0.11111111111111112
2 0.12135416666666668 0.36059027777777775 0.03645833333333333 0.05555555555555556
2 0.17421875 0.3328125 0.0640625 0.075
2 0.3828125 0.31770833333333337 0.08125 0.09166666666666666
2 0.4354166666666667 0.6057870370370371 0.10833333333333332 0.16157407407407406
2 0.76171875 0.6661458333333333 0.1859375 0.29166666666666663
2 0.590625 0.16956018518518517 0.090625 0.09537037037037036
2 0.6194010416666667 0.0941550925925926 0.06692708333333333 0.08518518518518518
2 0.191796875 0.18605324074074076 0.04921875 0.06898148148148148
2 0.5403645833333333 0.27251157407407406 0.05572916666666666 0.09814814814814814