2 0.7963541666666667 0.8819444444444444 0.10833333333333332 0.17638888888888887
2 0.83125 0.3210648148148148 0.10625 0.11712962962962963
2 0.7009114583333333 0.11533564814814815 0.07369791666666667 0.08379629629629629
2 0.6369791666666667 0.35358796296296297 0.04895833333333333 0.10092592592592593
2 0.5829427083333333 0.20879629629629629 0.08463541666666666 0.06759259259259259
2 0.4635416666666667 0.12297453703703702 0.06458333333333333 0.07407407407407407
2 0.31979166666666664 0.21180555555555552 0.08020833333333333 0.09861111111111111
2 0.4291666666666667 0.5042245370370371 0.09583333333333333 0.12407407407407407
2 0.352734375 0.46990740740740744 0.08671875 0.11481481481481481
2 0.18294270833333331 0.6324652777777777 0.05026041666666666 0.06805555555555555
2 0.14153645833333334 0.26863425925925927 0.07369791666666667 0.09351851851851851