2 0.373046875 0.49045138888888895 0.03046875 0.05277777777777778
2 0.36171875 0.4661458333333333 0.0296875 0.05416666666666666
2 0.46171875 0.26261574074074073 0.0296875 0.043981481481481476
3 0.619921875 0.07204861111111112 0.05234375 0.07222222222222222
1 0.7815104166666667 0.48084490740740743 0.03802083333333333 0.11481481481481481
0 0.4330729166666667 0.7085648148148148 0.056770833333333326 0.10462962962962963
0 0.4733072916666667 0.8726851851851851 0.052864583333333326 0.10787037037037037
1 0.4959635416666667 0.93125 0.07630208333333333 0.1375
1 0.477734375 0.8067708333333334 0.06171875 0.07916666666666666
1 0.39700520833333336 0.18234953703703702 0.028385416666666663 0.03657407407407407
1 0.4432291666666667 0.1306712962962963 0.02708333333333333 0.055092592592592596
1 0.37526041666666665 0.2811342592592593 0.04114583333333333 0.04351851851851852
1 0.447265625 0.46498842592592593 0.02578125 0.039351851851851846
1 0.4944010416666667 0.390162037037037 0.04505208333333333 0.04907407407407407
2 0.32747395833333337 0.5420138888888889 0.03307291666666666 0.05277777777777778
1 0.28958333333333336 0.6561342592592593 0.03229166666666666 0.14351851851851852
3 0.0421875 0.8074652777777779 0.040625 0.08055555555555555