2 0.19895833333333332 0.3108796296296296 0.029166666666666664 0.04675925925925926
2 0.6083333333333333 0.22083333333333335 0.035416666666666666 0.041666666666666664
2 0.65625 0.2328125 0.0375 0.0375
2 0.533984375 0.22621527777777778 0.05234375 0.06805555555555555
2 0.571875 0.26122685185185185 0.0625 0.07870370370370369
2 0.26171875 0.15792824074074074 0.0515625 0.05648148148148148
2 0.15794270833333332 0.3809606481481481 0.05963541666666666 0.08379629629629629
2 0.24661458333333336 0.2825810185185185 0.058854166666666666 0.07453703703703704
2 0.4295572916666667 0.2755208333333333 0.06536458333333332 0.09166666666666666
2 0.6252604166666667 0.17256944444444444 0.07552083333333333 0.08888888888888888
2 0.6540364583333333 0.1015625 0.07057291666666667 0.075
2 0.75078125 0.5884259259259259 0.1640625 0.21435185185185185
2 0.4647135416666667 0.529050925925926 0.09817708333333333 0.13935185185185184
2 0.9055989583333334 0.4617476851851852 0.061197916666666664 0.07037037037037037