3 0.08671875 0.3032986111111111 0.0328125 0.04722222222222222
3 0.03268229166666666 0.3029513888888889 0.03411458333333333 0.05277777777777778
3 0.27018229166666663 0.5340856481481482 0.05598958333333333 0.07129629629629629
3 0.4182291666666667 0.6233217592592593 0.04895833333333333 0.08101851851851852
3 0.5963541666666667 0.5825810185185185 0.04895833333333333 0.062037037037037036
3 0.67890625 0.7396990740740741 0.0484375 0.07314814814814814
3 0.6680989583333333 0.9528935185185186 0.05807291666666666 0.08703703703703704
1 0.09752604166666666 0.7314814814814815 0.04192708333333333 0.06296296296296296
3 0.039322916666666666 0.7293981481481482 0.056770833333333326 0.07129629629629629
2 0.912109375 0.8227430555555555 0.03671875 0.0611111111111111
3 0.8393229166666666 0.8852430555555555 0.056770833333333326 0.08611111111111111