2 0.969140625 0.5174768518518518 0.06015625 0.0662037037037037
3 0.9307291666666666 0.3935185185185185 0.08958333333333332 0.08703703703703704
2 0.89296875 0.5631944444444444 0.0515625 0.06388888888888888
2 0.82578125 0.5786458333333333 0.0734375 0.07916666666666666
2 0.7571614583333333 0.6159143518518518 0.023697916666666666 0.028703703703703703
2 0.710546875 0.6026041666666667 0.05546875 0.05833333333333333
2 0.8927083333333334 0.8492476851851851 0.07604166666666666 0.12037037037037038
2 0.8248697916666666 0.7569444444444444 0.03098958333333333 0.03888888888888888
2 0.7713541666666667 0.7798032407407407 0.06770833333333333 0.09398148148148147
2 0.4962239583333333 0.608449074074074 0.03307291666666666 0.035648148148148144
2 0.09986979166666667 0.27216435185185184 0.03411458333333333 0.0537037037037037
2 0.4338541666666667 0.4638888888888889 0.04583333333333333 0.05277777777777778
2 0.5555989583333333 0.3916087962962963 0.03619791666666666 0.04259259259259259
3 0.5330729166666667 0.9890046296296295 0.034895833333333334 0.02175925925925926