2 0.487109375 0.2558449074074074 0.03046875 0.03981481481481482
2 0.5893229166666667 0.19751157407407408 0.028645833333333332 0.04814814814814815
2 0.5979166666666667 0.2412615740740741 0.03645833333333333 0.04814814814814815
2 0.254296875 0.5649884259259259 0.04921875 0.06435185185185185
2 0.6294270833333333 0.8799189814814815 0.09635416666666666 0.13796296296296295
2 0.71953125 0.8332175925925925 0.0828125 0.12268518518518519
2 0.8609375 0.9222800925925926 0.121875 0.12268518518518519
2 0.929296875 0.6338541666666667 0.10546875 0.10833333333333332
2 0.7505208333333333 0.5494212962962963 0.09166666666666666 0.11759259259259258
2 0.7212239583333333 0.6636574074074074 0.07994791666666666 0.11481481481481481
2 0.512890625 0.7531828703703705 0.07265625 0.10324074074074074
2 0.466015625 0.835763888888889 0.08203125 0.11527777777777777
2 0.580859375 0.5839699074074074 0.07109375 0.07731481481481481
2 0.6079427083333333 0.45590277777777777 0.06901041666666666 0.09305555555555554
2 0.6774739583333333 0.49097222222222225 0.07682291666666666 0.09444444444444444
2 0.8694010416666667 0.4418981481481482 0.05442708333333333 0.07129629629629629
2 0.9084635416666667 0.29878472222222224 0.05755208333333332 0.06944444444444445
2 0.8571614583333333 0.3507523148148148 0.05807291666666666 0.06712962962962962
2 0.8716145833333334 0.3232060185185185 0.049479166666666664 0.062037037037037036
2 0.74453125 0.3388888888888889 0.0421875 0.05277777777777778
2 0.582421875 0.3425925925925926 0.04296875 0.04768518518518518
2 0.55546875 0.38310185185185186 0.0421875 0.0412037037037037
2 0.32330729166666666 0.4010416666666667 0.05598958333333333 0.07083333333333333
2 0.28776041666666663 0.51875 0.04114583333333333 0.075
2 0.4048177083333333 0.6745949074074075 0.05963541666666666 0.07731481481481481
2 0.12252604166666667 0.4994212962962963 0.03567708333333333 0.06759259259259259
2 0.02578125 0.8180555555555555 0.0515625 0.11111111111111112
2 0.445703125 0.2420138888888889 0.04140625 0.04027777777777777
2 0.4045572916666667 0.9086805555555555 0.06536458333333332 0.11111111111111112
2 0.446484375 0.27569444444444446 0.02734375 0.03888888888888888