0 0.4739583333333333 0.6002314814814815 0.03854166666666666 0.06296296296296296
2 0.5240885416666667 0.1337962962962963 0.02317708333333333 0.04259259259259259
1 0.4549479166666667 0.15717592592592594 0.034895833333333334 0.039351851851851846
0 0.29466145833333335 0.630613425925926 0.04244791666666666 0.07685185185185185
0 0.32838541666666665 0.7114583333333333 0.034895833333333334 0.06666666666666667
0 0.4049479166666667 0.8156828703703705 0.04114583333333333 0.07824074074074074
0 0.386328125 0.6764467592592592 0.04140625 0.08101851851851852
0 0.39427083333333335 0.6059027777777778 0.03854166666666666 0.08055555555555555
0 0.4602864583333333 0.4775462962962963 0.04244791666666666 0.08009259259259259
1 0.493359375 0.5619212962962963 0.05546875 0.06759259259259259
1 0.35859375 0.4398726851851852 0.0296875 0.09537037037037036
3 0.66484375 0.8423032407407407 0.0484375 0.08148148148148147
2 0.8350260416666666 0.7088541666666667 0.04505208333333333 0.05833333333333333
2 0.395703125 0.3607060185185185 0.02890625 0.037037037037037035
3 0.5837239583333333 0.9127314814814815 0.03619791666666666 0.06296296296296296
3 0.53359375 0.9244791666666666 0.0296875 0.04583333333333333
1 0.4897135416666667 0.2967592592592593 0.02005208333333333 0.031018518518518518
1 0.5348958333333333 0.23535879629629627 0.035416666666666666 0.04259259259259259
1 0.5165364583333333 0.026099537037037036 0.023697916666666666 0.04907407407407407
1 0.4798177083333333 0.075 0.022135416666666664 0.0375