2 0.23229166666666665 0.35792824074074076 0.03958333333333333 0.05648148148148148
2 0.359375 0.2248263888888889 0.0375 0.04027777777777777
2 0.35859375 0.5045717592592592 0.0515625 0.0685185185185185
2 0.416015625 0.571875 0.05078125 0.075
2 0.33841145833333336 0.7231481481481482 0.04869791666666666 0.08379629629629629
2 0.4377604166666667 0.0912037037037037 0.034895833333333334 0.04490740740740741
2 0.9243489583333334 0.2914351851851852 0.09869791666666666 0.09537037037037036
2 0.5645833333333333 0.674537037037037 0.04791666666666666 0.08657407407407407
2 0.7721354166666667 0.9375 0.08489583333333332 0.125
2 0.6588541666666667 0.12447916666666665 0.05208333333333333 0.05833333333333333
2 0.090234375 0.6138310185185185 0.03046875 0.062037037037037036
2 0.030859375 0.5372685185185185 0.04921875 0.062037037037037036
2 0.262109375 0.3905092592592593 0.03984375 0.08101851851851852
2 0.3846354166666667 0.35954861111111114 0.034895833333333334 0.07222222222222222
2 0.33138020833333337 0.5519675925925925 0.05026041666666666 0.07268518518518519
2 0.6579427083333333 0.7640046296296296 0.037760416666666664 0.059259259259259255
3 0.4463541666666667 0.20711805555555554 0.06145833333333332 0.09861111111111111