0 0.8559895833333334 0.825 0.10572916666666665 0.175
0 0.77734375 0.91171875 0.0921875 0.1765625
0 0.6807291666666667 0.8721064814814815 0.10833333333333332 0.20046296296296293
0 0.934765625 0.8155092592592592 0.08828125 0.1685185185185185
0 0.97734375 0.7861111111111111 0.0453125 0.1847222222222222
0 0.7036458333333333 0.7205439814814815 0.09791666666666667 0.17546296296296296
0 0.773046875 0.5874421296296296 0.09921875 0.17175925925925925
0 0.9552083333333334 0.3846643518518519 0.08854166666666666 0.1287037037037037
1 0.8263020833333334 0.7622106481481481 0.16197916666666665 0.12129629629629628
1 0.4901041666666667 0.13940972222222223 0.042708333333333334 0.15694444444444444
2 0.5227864583333333 0.6805555555555556 0.061197916666666664 0.11111111111111112
2 0.5791666666666667 0.8657407407407407 0.04583333333333333 0.05648148148148148
2 0.6239583333333333 0.6987847222222222 0.03854166666666666 0.04444444444444444
2 0.6325520833333333 0.09282407407407407 0.04010416666666666 0.04814814814814815