3 0.32786458333333335 0.11707175925925925 0.05260416666666666 0.0685185185185185
3 0.3765625 0.23090277777777776 0.046875 0.05555555555555556
0 0.39114583333333336 0.5017939814814815 0.06666666666666667 0.11296296296296296
0 0.33072916666666663 0.26880787037037035 0.03020833333333333 0.04074074074074074
0 0.23229166666666665 0.25590277777777776 0.03645833333333333 0.05555555555555556
0 0.36328125 0.1902199074074074 0.0546875 0.06481481481481481
0 0.4361979166666667 0.14739583333333334 0.03802083333333333 0.06666666666666667
0 0.6890625 0.07685185185185185 0.046875 0.07870370370370369
0 0.95859375 0.10648148148148148 0.0828125 0.08796296296296295
0 0.65234375 0.14409722222222224 0.0578125 0.09444444444444444
0 0.7622395833333333 0.27575231481481477 0.07135416666666666 0.07962962962962963
0 0.7927083333333333 0.3458333333333333 0.07291666666666666 0.09166666666666666
0 0.8778645833333334 0.43240740740740746 0.08385416666666666 0.08981481481481482
0 0.9747395833333334 0.4471643518518518 0.049479166666666664 0.07870370370370369
0 0.9708333333333334 0.36961805555555555 0.041666666666666664 0.03611111111111111
0 0.5453125 0.3458333333333333 0.059375 0.09166666666666666
0 0.5880208333333333 0.2674768518518519 0.057291666666666664 0.1037037037037037
0 0.609375 0.3494791666666667 0.065625 0.10833333333333332
0 0.6390625 0.515162037037037 0.053125 0.09907407407407406
0 0.55234375 0.6212962962962962 0.0734375 0.14259259259259258
3 0.2203125 0.8909143518518519 0.103125 0.1287037037037037
3 0.4015625 0.31828703703703703 0.071875 0.09907407407407406
3 0.49140625 0.17465277777777777 0.0453125 0.05555555555555556
3 0.35859375 0.44276620370370373 0.0578125 0.0824074074074074
3 0.4028645833333333 0.5802083333333333 0.08072916666666666 0.11666666666666665
3 0.5981770833333333 0.18506944444444445 0.03697916666666666 0.06388888888888888
3 0.4546875 0.2896412037037037 0.053125 0.0824074074074074
3 0.5010416666666667 0.34195601851851853 0.05833333333333333 0.08703703703703704
3 0.46015625 0.415625 0.0734375 0.125
3 0.7151041666666667 0.2804398148148148 0.06770833333333333 0.07962962962962963
3 0.7268229166666667 0.1208912037037037 0.04739583333333333 0.05740740740740741
3 0.83828125 0.09375 0.0796875 0.05
3 0.9799479166666666 0.19947916666666665 0.03802083333333333 0.05833333333333333
3 0.9708333333333334 0.27847222222222223 0.057291666666666664 0.06944444444444445
3 0.12890625 0.14270833333333333 0.0859375 0.09166666666666666