3 0.72734375 0.4520833333333333 0.0671875 0.11666666666666665
3 0.6716145833333333 0.31765046296296295 0.049479166666666664 0.10092592592592593
3 0.78984375 0.389525462962963 0.0484375 0.050925925925925916
3 0.4895833333333333 0.9394097222222222 0.04791666666666666 0.09444444444444444
3 0.4520833333333333 0.5887731481481482 0.05416666666666666 0.07129629629629629
3 0.22421875 0.654050925925926 0.0765625 0.10185185185185183
0 0.6825520833333333 0.38275462962962964 0.04010416666666666 0.059259259259259255
0 0.92578125 0.5946180555555556 0.1484375 0.1361111111111111
0 0.9653645833333334 0.3629050925925926 0.06822916666666666 0.11018518518518519
0 0.925 0.2691550925925926 0.10625 0.08518518518518518
0 0.73203125 0.3289930555555555 0.0515625 0.0611111111111111
0 0.6552083333333333 0.4776041666666667 0.057291666666666664 0.08333333333333333
0 0.6190104166666667 0.6330439814814814 0.06302083333333333 0.08796296296296295
0 0.5778645833333333 0.7375 0.07447916666666667 0.1
0 0.4627604166666667 0.5103009259259259 0.07864583333333333 0.10185185185185183
0 0.17369791666666665 0.7239583333333333 0.08177083333333332 0.11666666666666665
0 0.24869791666666666 0.7413194444444444 0.11614583333333332 0.11388888888888889