1 0.8029947916666667 0.9590277777777778 0.09348958333333332 0.08055555555555555
2 0.07096354166666666 0.8302083333333334 0.06380208333333333 0.10416666666666666
0 0.97265625 0.1375 0.0546875 0.19375
0 0.9033854166666666 0.12876157407407407 0.09739583333333332 0.17314814814814813
0 0.80546875 0.12644675925925924 0.1109375 0.1560185185185185
1 0.787890625 0.09693287037037038 0.17265625 0.09074074074074073
0 0.632421875 0.16707175925925927 0.09609375 0.1685185185185185
0 0.7197916666666667 0.1954861111111111 0.08645833333333333 0.1597222222222222
0 0.685546875 0.27447916666666666 0.07421875 0.14583333333333331
0 0.6365885416666667 0.3207175925925926 0.06692708333333333 0.13518518518518519
0 0.634375 0.5632523148148147 0.078125 0.14212962962962963
0 0.58828125 0.43501157407407404 0.0890625 0.17314814814814813
0 0.5455729166666667 0.30966435185185187 0.09427083333333333 0.1787037037037037
2 0.5471354166666667 0.06221064814814814 0.056770833333333326 0.07129629629629629
2 0.13802083333333331 0.6163773148148148 0.04791666666666666 0.09212962962962963
3 0.30533854166666663 0.36244212962962963 0.06692708333333333 0.14675925925925926
3 0.35833333333333334 0.2263310185185185 0.09479166666666666 0.09953703703703703
1 0.6240885416666667 0.8808449074074074 0.11692708333333332 0.1398148148148148
1 0.7177083333333333 0.634375 0.11041666666666665 0.2375
0 0.750390625 0.4530092592592593 0.06953125 0.1310185185185185
0 0.82265625 0.4663773148148148 0.0734375 0.12962962962962962
0 0.95390625 0.4311921296296296 0.0703125 0.14675925925925926
1 0.8247395833333334 0.526099537037037 0.12135416666666665 0.17407407407407408
1 0.4013020833333333 0.6822337962962963 0.09635416666666666 0.06759259259259259
2 0.95078125 0.871875 0.0984375 0.1625