2 0.6303385416666667 0.18877314814814813 0.03255208333333333 0.046296296296296294
2 0.3419270833333333 0.3445023148148148 0.049479166666666664 0.06712962962962962
2 0.40859375 0.13472222222222224 0.0421875 0.05694444444444444
2 0.580078125 0.336400462962963 0.05078125 0.06342592592592591
2 0.38515625 0.5174768518518518 0.0546875 0.07870370370370369
2 0.34153645833333335 0.49623842592592593 0.05807291666666666 0.06435185185185185
2 0.4764322916666667 0.19646990740740738 0.03411458333333333 0.03981481481481482
2 0.4678385416666667 0.15578703703703703 0.03255208333333333 0.04907407407407407
2 0.4984375 0.12540509259259258 0.034375 0.04768518518518518
2 0.934765625 0.19733796296296297 0.05078125 0.07592592592592592
3 0.9325520833333334 0.445775462962963 0.13385416666666666 0.1509259259259259
2 0.7983072916666667 0.5659722222222222 0.06536458333333332 0.09444444444444444
2 0.7209635416666667 0.7673032407407407 0.07630208333333333 0.13148148148148148
2 0.659375 0.7762731481481481 0.075 0.12129629629629628
2 0.8346354166666666 0.8846643518518519 0.07552083333333333 0.1162037037037037
2 0.7915364583333333 0.961400462962963 0.08932291666666667 0.07592592592592592
2 0.6203125 0.4526041666666667 0.04375 0.07083333333333333
2 0.680078125 0.4612268518518518 0.05078125 0.07870370370370369
2 0.7723958333333333 0.3044560185185185 0.051041666666666666 0.062037037037037036