0 0.4854166666666667 0.6184606481481482 0.042708333333333334 0.08379629629629629
1 0.4985677083333333 0.5639467592592593 0.053385416666666664 0.05601851851851851
1 0.5173177083333333 0.035069444444444445 0.025260416666666664 0.05138888888888889
1 0.535546875 0.246412037037037 0.03671875 0.03657407407407407
1 0.4938802083333333 0.30972222222222223 0.022135416666666664 0.03194444444444444
2 0.39947916666666666 0.36591435185185184 0.03020833333333333 0.0412037037037037
1 0.36471354166666664 0.4534722222222222 0.02630208333333333 0.10694444444444444
0 0.4653645833333333 0.4833333333333333 0.043229166666666666 0.07916666666666666
0 0.39934895833333334 0.6219907407407408 0.039322916666666666 0.08148148148148147
0 0.3963541666666667 0.6929976851851852 0.04583333333333333 0.08287037037037036
0 0.4188802083333333 0.8184606481481481 0.047135416666666666 0.08379629629629629
0 0.337109375 0.7154513888888889 0.03359375 0.06527777777777778
0 0.29908854166666665 0.6450810185185185 0.04192708333333333 0.07453703703703704
3 0.680859375 0.851388888888889 0.05546875 0.07777777777777777
2 0.84765625 0.7138310185185185 0.0453125 0.062037037037037036
3 0.6029947916666667 0.9212962962962964 0.03098958333333333 0.055092592592592596
3 0.5505208333333333 0.9337962962962963 0.029166666666666664 0.055092592592592596
1 0.4529947916666667 0.16747685185185185 0.03098958333333333 0.0412037037037037
2 0.525390625 0.14131944444444444 0.02265625 0.03888888888888888
1 0.4787760416666667 0.08541666666666667 0.02317708333333333 0.03333333333333333