2 0.6045572916666667 0.8372685185185185 0.052864583333333326 0.08703703703703704
2 0.882421875 0.6328703703703704 0.14609375 0.21574074074074073
2 0.7795572916666667 0.5585069444444445 0.12786458333333334 0.12638888888888888
2 0.587890625 0.9372685185185186 0.12578125 0.12453703703703703
3 0.425390625 0.20497685185185185 0.04765625 0.0662037037037037
3 0.5337239583333333 0.06325231481481482 0.045572916666666664 0.054629629629629625
2 0.02903645833333333 0.664988425925926 0.045572916666666664 0.08935185185185185
2 0.30598958333333337 0.6118055555555555 0.04635416666666666 0.09861111111111111
2 0.3475260416666667 0.7393518518518518 0.05755208333333332 0.1162037037037037
2 0.568359375 0.7993634259259259 0.05546875 0.10185185185185183
2 0.6532552083333333 0.351099537037037 0.04088541666666666 0.08657407407407407
2 0.3592447916666667 0.36059027777777775 0.03723958333333333 0.06805555555555555
2 0.8509114583333334 0.9515046296296296 0.08932291666666667 0.09675925925925925
2 0.67421875 0.22332175925925926 0.0640625 0.0685185185185185
2 0.6765625 0.38541666666666663 0.04375 0.08333333333333333