1 0.5447916666666667 0.10364583333333333 0.02395833333333333 0.06666666666666667
3 0.4377604166666667 0.1162037037037037 0.03802083333333333 0.05740740740740741
3 0.790625 0.842476851851852 0.053125 0.0537037037037037
3 0.421875 0.3846643518518519 0.034375 0.0537037037037037
3 0.4861979166666667 0.36649305555555556 0.04114583333333333 0.0611111111111111
3 0.4986979166666667 0.2965277777777778 0.05052083333333333 0.08055555555555555
3 0.4200520833333333 0.3115740740740741 0.027604166666666662 0.04814814814814815
3 0.6049479166666667 0.30972222222222223 0.06614583333333332 0.09444444444444444
3 0.6955729166666667 0.17042824074074076 0.07552083333333333 0.10648148148148147
3 0.5703125 0.09178240740740741 0.046875 0.08981481481481482
3 0.5106770833333333 0.02841435185185185 0.06822916666666666 0.0537037037037037
0 0.64765625 0.8936921296296296 0.0296875 0.03425925925925925
0 0.61484375 0.873726851851852 0.0234375 0.028703703703703703
0 0.55 0.905150462962963 0.01875 0.025925925925925925
0 0.3809895833333333 0.9740740740740741 0.018229166666666664 0.023148148148148147
0 0.34088541666666666 0.9840277777777778 0.025520833333333333 0.03055555555555555
0 0.29635416666666664 0.9737847222222221 0.03333333333333333 0.04444444444444444
0 0.24479166666666666 0.9816550925925925 0.03333333333333333 0.03518518518518519
0 0.14401041666666664 0.9846643518518519 0.05364583333333332 0.028703703703703703
0 0.13359375 0.9583333333333334 0.0359375 0.041666666666666664
0 0.51953125 0.8875578703703704 0.0328125 0.04074074074074074
0 0.596875 0.8432291666666666 0.040625 0.05833333333333333
0 0.4796875 0.8635416666666667 0.040625 0.05833333333333333
0 0.4458333333333333 0.9200810185185185 0.03229166666666666 0.037037037037037035
0 0.73515625 0.8375 0.0359375 0.05
0 0.7091145833333333 0.7874421296296296 0.04635416666666666 0.059259259259259255
0 0.4208333333333333 0.7543981481481482 0.035416666666666666 0.046296296296296294
0 0.46953125 0.721412037037037 0.0515625 0.07407407407407407
0 0.68828125 0.6493055555555556 0.0703125 0.08611111111111111
0 0.9466145833333334 0.410474537037037 0.10572916666666665 0.09907407407407406
0 0.8395833333333333 0.6503472222222222 0.04791666666666666 0.04444444444444444
0 0.725 0.4644097222222222 0.075 0.09444444444444444
0 0.6169270833333333 0.5935185185185186 0.06197916666666666 0.08703703703703704
0 0.5138020833333333 0.5864583333333333 0.07760416666666667 0.11666666666666665
0 0.37942708333333336 0.5679398148148148 0.05572916666666666 0.07962962962962963
0 0.328125 0.6143518518518518 0.046875 0.0537037037037037
0 0.2869791666666667 0.4970486111111111 0.07708333333333332 0.09722222222222222
0 0.08567708333333332 0.4891203703703703 0.09010416666666667 0.09074074074074073
0 0.07708333333333332 0.36822916666666666 0.13854166666666665 0.13333333333333333
0 0.04192708333333333 0.1160300925925926 0.08385416666666666 0.13518518518518519
3 0.4317708333333333 0.6605324074074075 0.035416666666666666 0.06481481481481481