2 0.4203125 0.812673611111111 0.0375 0.04722222222222222
2 0.36861979166666664 0.6943287037037037 0.052864583333333326 0.09490740740740741
0 0.473046875 0.9497685185185185 0.08984375 0.09953703703703703
0 0.5446614583333333 0.9086226851851851 0.05807291666666666 0.12037037037037038
0 0.58671875 0.8817708333333334 0.0671875 0.11666666666666665
0 0.4930989583333333 0.7800347222222223 0.07682291666666666 0.13194444444444445
0 0.5654947916666667 0.7754050925925926 0.07161458333333333 0.12268518518518519
0 0.4977864583333333 0.6664930555555555 0.08307291666666666 0.12361111111111109
0 0.6108072916666667 0.6792824074074074 0.07473958333333333 0.12731481481481483
1 0.5946614583333333 0.6451967592592592 0.12369791666666666 0.14351851851851852
0 0.6697916666666667 0.6547453703703704 0.06458333333333333 0.10324074074074074
0 0.7125 0.5945023148148147 0.08125 0.11712962962962963
0 0.78203125 0.5793981481481482 0.0546875 0.0962962962962963
0 0.8104166666666666 0.5293981481481482 0.04895833333333333 0.0962962962962963
0 0.54296875 0.5332175925925926 0.0671875 0.11018518518518519
0 0.6614583333333333 0.3263888888888889 0.057291666666666664 0.09027777777777776
0 0.7701822916666667 0.29369212962962965 0.05598958333333333 0.10925925925925925
0 0.18815104166666669 0.20098379629629629 0.04505208333333333 0.08009259259259259
0 0.21875 0.13871527777777776 0.046875 0.09305555555555554
0 0.26666666666666666 0.08877314814814814 0.05208333333333333 0.0962962962962963
1 0.30859375 0.25457175925925923 0.0484375 0.1310185185185185
3 0.95234375 0.802025462962963 0.0953125 0.1384259259259259