2 0.9764322916666666 0.42488425925925927 0.046614583333333334 0.05601851851851851
2 0.8865885416666666 0.7378472222222222 0.08567708333333332 0.13194444444444445
2 0.8123697916666666 0.6380787037037037 0.03723958333333333 0.04490740740740741
2 0.7588541666666667 0.6524305555555555 0.07083333333333333 0.09861111111111111
2 0.8998697916666666 0.4614583333333333 0.059114583333333325 0.06666666666666667
2 0.8234375 0.468113425925926 0.08125 0.07685185185185185
2 0.75078125 0.4976273148148148 0.0265625 0.029629629629629627
2 0.6963541666666667 0.47175925925925927 0.06458333333333333 0.08101851851851852
2 0.487109375 0.8732060185185185 0.05859375 0.08703703703703704
2 0.08736979166666667 0.1365162037037037 0.03723958333333333 0.05740740740740741
2 0.4734375 0.4733796296296296 0.0375 0.03425925925925925
2 0.4192708333333333 0.3404513888888889 0.051041666666666666 0.05277777777777778
2 0.5526041666666667 0.2701388888888889 0.04583333333333333 0.04027777777777777
3 0.9513020833333334 0.2934027777777778 0.09635416666666666 0.08055555555555555