2 0.3770833333333333 0.37320601851851853 0.03229166666666666 0.04953703703703703
1 0.442578125 0.7929398148148148 0.04140625 0.10462962962962963
3 0.5942708333333333 0.9814236111111111 0.016666666666666666 0.034722222222222224
3 0.7013020833333333 0.9751736111111111 0.04635416666666666 0.04722222222222222
2 0.8576822916666667 0.8247685185185185 0.046614583333333334 0.062037037037037036
2 0.336328125 0.4170138888888889 0.02578125 0.04027777777777777
2 0.4665364583333333 0.18038194444444444 0.020572916666666666 0.03888888888888888
1 0.4575520833333333 0.06834490740740741 0.021354166666666667 0.03981481481481482
1 0.4151041666666667 0.11278935185185186 0.02708333333333333 0.028703703703703703
1 0.391796875 0.20057870370370373 0.03671875 0.04490740740740741
1 0.439453125 0.3530671296296296 0.02265625 0.03425925925925925
1 0.484375 0.2924189814814815 0.0375 0.050462962962962966
1 0.4498697916666667 0.6274884259259259 0.052864583333333326 0.06435185185185185
1 0.30104166666666665 0.5066550925925926 0.02708333333333333 0.11018518518518519
0 0.4440104166666667 0.6872685185185186 0.04114583333333333 0.08703703703703704
0 0.4153645833333333 0.547048611111111 0.04635416666666666 0.08472222222222223
0 0.39752604166666666 0.9283564814814815 0.04192708333333333 0.08796296296296295
0 0.34544270833333335 0.6950231481481481 0.047135416666666666 0.08379629629629629
0 0.33880208333333334 0.7583912037037037 0.04010416666666666 0.0699074074074074
3 0.09544270833333332 0.6342592592592593 0.028385416666666663 0.0685185185185185