2 0.458203125 0.8092592592592593 0.02890625 0.04351851851851852
3 0.5984375 0.9747685185185185 0.04375 0.04953703703703703
3 0.6427083333333333 0.861111111111111 0.05416666666666666 0.08472222222222223
3 0.578515625 0.7926504629629629 0.04765625 0.07592592592592592
3 0.5787760416666667 0.6184606481481482 0.04192708333333333 0.05879629629629629
3 0.503515625 0.5060185185185185 0.04765625 0.04953703703703703
3 0.34153645833333335 0.5701967592592593 0.04244791666666666 0.0685185185185185
3 0.19388020833333333 0.5209490740740741 0.053385416666666664 0.06064814814814814
2 0.8639322916666666 0.7513310185185185 0.03098958333333333 0.04953703703703703
2 0.772265625 0.6440972222222222 0.02578125 0.04444444444444444
2 0.9299479166666667 0.8424189814814815 0.034895833333333334 0.06296296296296296