2 0.38841145833333335 0.5881944444444445 0.03619791666666666 0.06388888888888888
2 0.375 0.5662037037037038 0.034375 0.0699074074074074
0 0.4783854166666667 0.889351851851852 0.06302083333333333 0.1287037037037037
1 0.5416666666666667 0.9736689814814815 0.05208333333333333 0.050462962962962966
1 0.8677083333333334 0.5559027777777777 0.05416666666666666 0.08055555555555555
1 0.5333333333333333 0.4835069444444445 0.05416666666666666 0.06388888888888888
1 0.47734375 0.5759837962962963 0.0296875 0.04259259259259259
1 0.381640625 0.34444444444444444 0.04765625 0.05138888888888889
1 0.4005208333333333 0.23535879629629627 0.029166666666666664 0.04259259259259259
1 0.45703125 0.17957175925925925 0.0296875 0.05601851851851851
3 0.659375 0.11417824074074075 0.059375 0.08148148148148147
2 0.4833333333333333 0.3248263888888889 0.03229166666666666 0.05277777777777778
2 0.33736979166666664 0.6569444444444444 0.03723958333333333 0.06388888888888888
2 0.7319010416666667 0.040393518518518516 0.02317708333333333 0.037037037037037035