2 0.8115885416666666 0.23096064814814815 0.09505208333333333 0.10879629629629628
2 0.8805989583333333 0.20109953703703703 0.05807291666666666 0.06157407407407407
2 0.9372395833333333 0.24600694444444446 0.058854166666666666 0.06388888888888888
2 0.7524739583333333 0.15474537037037037 0.07682291666666666 0.09074074074074073
2 0.28541666666666665 0.15596064814814814 0.08645833333333333 0.10879629629629628
2 0.015625 0.44079861111111107 0.03125 0.10972222222222221
2 0.6291666666666667 0.5538194444444444 0.12708333333333333 0.2013888888888889
2 0.6069010416666667 0.18130787037037038 0.07630208333333333 0.10324074074074074
2 0.900390625 0.12864583333333332 0.11640625 0.12916666666666665
2 0.9442708333333334 0.0447337962962963 0.11041666666666665 0.08009259259259259
2 0.957421875 0.8447916666666666 0.08359375 0.3083333333333333
2 0.38763020833333334 0.07436342592592593 0.06901041666666666 0.07685185185185185