2 0.4986979166666667 0.3603009259259259 0.028645833333333332 0.05185185185185185
2 0.6196614583333333 0.3991898148148148 0.04244791666666666 0.06712962962962962
3 0.04244791666666666 0.625173611111111 0.08489583333333332 0.13472222222222222
2 0.03528645833333333 0.5472222222222223 0.04244791666666666 0.05694444444444444
2 0.08736979166666667 0.4804976851851852 0.03411458333333333 0.05787037037037037
2 0.25143229166666664 0.47777777777777775 0.04036458333333333 0.043055555555555555
2 0.34036458333333336 0.40248842592592593 0.03697916666666666 0.07685185185185185
2 0.4890625 0.34519675925925924 0.059375 0.0685185185185185
2 0.48984375 0.42824074074074076 0.0796875 0.10648148148148147
2 0.5515625 0.11880787037037037 0.028125 0.06574074074074074
2 0.5393229166666667 0.10237268518518519 0.025520833333333333 0.05787037037037037
2 0.5924479166666667 0.17372685185185185 0.05989583333333333 0.0662037037037037
2 0.650390625 0.17424768518518519 0.07890625 0.12037037037037038
2 0.96796875 0.2296875 0.0640625 0.121875
2 0.32864583333333336 0.19646990740740738 0.029166666666666664 0.052314814814814814
2 0.29765625 0.35335648148148147 0.0328125 0.06296296296296296