0 0.17317708333333331 0.6512152777777778 0.043229166666666666 0.08055555555555555
1 0.88125 0.3570023148148148 0.09375 0.07962962962962963
3 0.5684895833333333 0.8523726851851852 0.09947916666666666 0.19537037037037036
1 0.5546875 0.5673611111111111 0.096875 0.09722222222222222
0 0.6932291666666667 0.8790509259259259 0.07395833333333332 0.15185185185185185
0 0.6572916666666667 0.6255787037037037 0.05833333333333333 0.1074074074074074
0 0.6315104166666667 0.5859375 0.056770833333333326 0.1
0 0.4296875 0.6017939814814814 0.0625 0.08796296296296295
0 0.61796875 0.7534143518518518 0.0921875 0.1537037037037037
0 0.4927083333333333 0.9310185185185185 0.08541666666666667 0.137037037037037
0 0.04635416666666666 0.39276620370370374 0.03645833333333333 0.05740740740740741
0 0.09739583333333332 0.8320601851851851 0.051041666666666666 0.07037037037037037
0 0.28671875 0.5742476851851852 0.0671875 0.07037037037037037
0 0.20130208333333335 0.446412037037037 0.043229166666666666 0.07407407407407407