2 0.5110677083333333 0.2851851851851852 0.05026041666666666 0.07037037037037037
2 0.21809895833333334 0.410474537037037 0.04244791666666666 0.03657407407407407
2 0.22838541666666665 0.4293981481481482 0.056770833333333326 0.046296296296296294
2 0.09596354166666667 0.4169560185185185 0.06692708333333333 0.062037037037037036
2 0.23958333333333334 0.45815972222222223 0.057291666666666664 0.05694444444444444
2 0.32903645833333334 0.40017361111111105 0.05807291666666666 0.08472222222222223
2 0.36953125 0.3347800925925926 0.0515625 0.08518518518518518
2 0.39713541666666663 0.3869212962962963 0.04427083333333333 0.08009259259259259
2 0.7130208333333333 0.6558449074074074 0.14166666666666666 0.2273148148148148
2 0.7868489583333333 0.701388888888889 0.07994791666666666 0.15277777777777776
2 0.808203125 0.841550925925926 0.09453125 0.12685185185185183
2 0.4123697916666667 0.9250578703703705 0.07473958333333333 0.14074074074074075
1 0.95234375 0.5728009259259259 0.0953125 0.08935185185185185
2 0.9115885416666666 0.8438657407407406 0.08567708333333332 0.13148148148148148
2 0.973046875 0.7724537037037037 0.05234375 0.1449074074074074
2 0.2921875 0.2769675925925926 0.05 0.07268518518518519
2 0.4106770833333333 0.2569444444444445 0.043229166666666666 0.05138888888888889
2 0.4415364583333333 0.2874421296296296 0.05807291666666666 0.07175925925925926
2 0.39973958333333337 0.14982638888888888 0.033854166666666664 0.04027777777777777
2 0.490625 0.16273148148148148 0.03125 0.050462962962962966