2 0.4567708333333333 0.9494791666666667 0.03229166666666666 0.05833333333333333
2 0.4516927083333333 0.751736111111111 0.028385416666666663 0.04722222222222222
2 0.8921875 0.7724537037037037 0.034375 0.05740740740740741
2 0.8326822916666666 0.6932291666666667 0.03098958333333333 0.04583333333333333
2 0.750390625 0.5976273148148148 0.02578125 0.04212962962962963
3 0.5885416666666667 0.9080439814814815 0.042708333333333334 0.07546296296296295
3 0.6260416666666667 0.797337962962963 0.04895833333333333 0.08842592592592592
3 0.565625 0.7314236111111111 0.04375 0.05972222222222222
3 0.5700520833333333 0.5755208333333333 0.04010416666666666 0.05416666666666666
3 0.4934895833333333 0.47129629629629627 0.043229166666666666 0.04259259259259259
3 0.34010416666666665 0.533449074074074 0.042708333333333334 0.06064814814814814
3 0.19518229166666667 0.4912037037037037 0.04973958333333333 0.05740740740740741