3 0.450390625 0.8405092592592593 0.02265625 0.04351851851851852
3 0.4951822916666667 0.8427662037037036 0.03723958333333333 0.0699074074074074
2 0.4076822916666667 0.2749421296296296 0.02786458333333333 0.03425925925925925
3 0.5795572916666667 0.7916087962962963 0.05598958333333333 0.08009259259259259
2 0.7673177083333333 0.6839120370370371 0.047135416666666666 0.06157407407407407
1 0.363671875 0.3531828703703704 0.03046875 0.10324074074074074
0 0.455078125 0.3998263888888889 0.04453125 0.07777777777777777
0 0.38841145833333335 0.5314814814814814 0.03307291666666666 0.06296296296296296
0 0.37721354166666665 0.5992476851851852 0.038802083333333334 0.07037037037037037
0 0.36458333333333337 0.7310185185185185 0.03229166666666666 0.062037037037037036
0 0.28971354166666663 0.5346643518518518 0.038802083333333334 0.0662037037037037
0 0.31901041666666663 0.6110532407407407 0.034895833333333334 0.06898148148148148
0 0.26002604166666665 0.607349537037037 0.04192708333333333 0.06157407407407407
0 0.097265625 0.7811342592592593 0.04140625 0.0685185185185185
0 0.05364583333333332 0.8505208333333334 0.03229166666666666 0.05416666666666666
1 0.4774739583333333 0.48223379629629626 0.05182291666666666 0.04259259259259259
1 0.5006510416666667 0.2241898148148148 0.02005208333333333 0.029629629629629627
1 0.5498697916666667 0.16498842592592594 0.03098958333333333 0.039351851851851846
1 0.4798177083333333 0.07928240740740741 0.031510416666666666 0.03981481481481482
2 0.5463541666666667 0.0556712962962963 0.02395833333333333 0.04259259259259259