0 0.3555989583333333 0.46660879629629626 0.023697916666666666 0.055092592592592596
0 0.3421875 0.45219907407407406 0.021875 0.04814814814814815
3 0.39986979166666664 0.40162037037037035 0.03411458333333333 0.06574074074074074
2 0.6563802083333333 0.18188657407407408 0.028385416666666663 0.035648148148148144
1 0.82265625 0.1474537037037037 0.0328125 0.05740740740740741
1 0.75859375 0.17881944444444445 0.0234375 0.03888888888888888
1 0.6032552083333333 0.23292824074074076 0.04401041666666666 0.08148148148148147
1 0.6755208333333333 0.4299189814814815 0.051041666666666666 0.06296296296296296
2 0.8341145833333334 0.7877314814814815 0.043229166666666666 0.06296296296296296
0 0.295703125 0.6502314814814815 0.02265625 0.050462962962962966
0 0.317578125 0.6891782407407407 0.02890625 0.043981481481481476
0 0.36002604166666663 0.6780092592592593 0.02317708333333333 0.04351851851851852
0 0.32578125 0.6322916666666667 0.0265625 0.05833333333333333
0 0.34309895833333337 0.596412037037037 0.023697916666666666 0.04907407407407407
0 0.3048177083333333 0.577199074074074 0.028385416666666663 0.04814814814814815
0 0.29544270833333336 0.531886574074074 0.022135416666666664 0.04814814814814815
0 0.3265625 0.530324074074074 0.021875 0.04814814814814815
0 0.346875 0.5565393518518518 0.025 0.0412037037037037
0 0.30950520833333334 0.4901041666666667 0.022135416666666664 0.04583333333333333
0 0.29713541666666665 0.45873842592592595 0.01927083333333333 0.039351851851851846
0 0.38111979166666665 0.545949074074074 0.02786458333333333 0.04814814814814815
0 0.370703125 0.607638888888889 0.02890625 0.05277777777777778
0 0.3829427083333333 0.649074074074074 0.025260416666666664 0.04814814814814815
0 0.417578125 0.6366898148148148 0.02578125 0.054629629629629625
0 0.441015625 0.6346064814814815 0.02265625 0.050462962962962966
0 0.4194010416666667 0.5877314814814815 0.02317708333333333 0.050462962962962966
0 0.4141927083333333 0.529513888888889 0.028385416666666663 0.06527777777777778
1 0.4467447916666667 0.5431712962962962 0.02786458333333333 0.055092592592592596
0 0.473828125 0.5237268518518519 0.02890625 0.0537037037037037
0 0.524609375 0.5668981481481482 0.03984375 0.07129629629629629
0 0.476953125 0.41180555555555554 0.04140625 0.0736111111111111
0 0.4940104166666667 0.4611689814814815 0.01927083333333333 0.03796296296296296
0 0.51875 0.4414930555555555 0.028125 0.0736111111111111
0 0.5111979166666667 0.362962962962963 0.034895833333333334 0.07592592592592592
0 0.5678385416666667 0.4607060185185185 0.03567708333333333 0.07453703703703704
0 0.587109375 0.4061342592592593 0.03359375 0.0685185185185185
0 0.6694010416666667 0.3342013888888889 0.04505208333333333 0.07777777777777777
2 0.37825520833333337 0.7686342592592592 0.022135416666666664 0.031018518518518518
2 0.37330729166666665 0.710474537037037 0.01536458333333333 0.03657407407407407
3 0.38020833333333337 0.8395254629629629 0.05416666666666666 0.11342592592592593
3 0.453515625 0.7730324074074074 0.06640625 0.2273148148148148
3 0.6536458333333333 0.7438078703703703 0.04479166666666666 0.07824074074074074
3 0.586328125 0.7287037037037037 0.02578125 0.04490740740740741
3 0.5524739583333333 0.7022569444444444 0.017447916666666667 0.02638888888888889