2 0.59609375 0.3814236111111111 0.0515625 0.07222222222222222
2 0.9204427083333334 0.7583333333333333 0.047135416666666666 0.05416666666666666
2 0.02578125 0.820775462962963 0.0515625 0.11342592592592593
2 0.7075520833333333 0.25520833333333337 0.07760416666666667 0.07916666666666666
2 0.68359375 0.34502314814814816 0.0703125 0.12129629629629628
2 0.7951822916666667 0.8338541666666666 0.11848958333333333 0.19583333333333333
2 0.557421875 0.7144097222222222 0.08359375 0.14444444444444443
2 0.07044270833333333 0.49311342592592594 0.047135416666666666 0.05185185185185185
2 0.3143229166666667 0.35862268518518514 0.05364583333333332 0.09537037037037036
2 0.23528645833333334 0.46348379629629627 0.05807291666666666 0.08009259259259259
2 0.5022135416666667 0.42384259259259255 0.06380208333333333 0.08518518518518518
2 0.5546875 0.17274305555555555 0.059375 0.0736111111111111
2 0.4444010416666667 0.05063657407407407 0.03255208333333333 0.06064814814814814
2 0.22903645833333336 0.10659722222222223 0.039322916666666666 0.05694444444444444
2 0.7149739583333333 0.4361689814814815 0.03307291666666666 0.050462962962962966
2 0.6415364583333333 0.43200231481481477 0.05807291666666666 0.11712962962962963