2 0.4411458333333333 0.29988425925925927 0.029166666666666664 0.04351851851851852
2 0.481640625 0.277662037037037 0.03515625 0.03657407407407407
2 0.975 0.465625 0.05 0.0625
2 0.8942708333333333 0.9165509259259259 0.06979166666666667 0.10185185185185183
2 0.8635416666666667 0.962673611111111 0.11770833333333333 0.07222222222222222
2 0.8533854166666666 0.3758680555555555 0.04427083333333333 0.0736111111111111
2 0.8790364583333334 0.3523148148148148 0.04869791666666666 0.06712962962962962
2 0.9110677083333334 0.3330439814814815 0.05963541666666666 0.06296296296296296
2 0.8735677083333334 0.4869791666666667 0.05651041666666666 0.07083333333333333
2 0.790234375 0.38755787037037037 0.05234375 0.06574074074074074
2 0.7467447916666667 0.37025462962962963 0.046614583333333334 0.059259259259259255
2 0.5528645833333333 0.4083333333333333 0.04010416666666666 0.041666666666666664
2 0.57890625 0.3663773148148148 0.0421875 0.054629629629629625
2 0.39973958333333337 0.7105324074074074 0.07135416666666666 0.07731481481481481
2 0.4623697916666667 0.9007523148148149 0.07473958333333333 0.10462962962962963
2 0.5046875 0.8162037037037037 0.071875 0.1074074074074074
2 0.7236979166666667 0.7177083333333333 0.08489583333333332 0.12916666666666665
2 0.687109375 0.8141782407407406 0.09296875 0.11898148148148147
2 0.6315104166666667 0.935763888888889 0.10677083333333333 0.12777777777777777
2 0.72421875 0.8941550925925925 0.0828125 0.12268518518518519
2 0.9453125 0.68984375 0.109375 0.1265625
2 0.7529947916666667 0.5905092592592592 0.09661458333333332 0.11851851851851851
2 0.680078125 0.5424189814814815 0.05390625 0.08796296296296295
2 0.610546875 0.4951388888888889 0.06171875 0.09027777777777776
2 0.5802083333333333 0.6287037037037038 0.06979166666666667 0.0824074074074074
2 0.28177083333333336 0.5530092592592593 0.03854166666666666 0.0685185185185185
2 0.248046875 0.6057291666666667 0.04921875 0.05833333333333333
2 0.074609375 0.5683449074074074 0.03046875 0.03981481481481482
2 0.11158854166666668 0.5350694444444445 0.03255208333333333 0.05138888888888889
2 0.31875 0.4268518518518518 0.05 0.0662037037037037
2 0.594140625 0.2642939814814815 0.03515625 0.050462962962962966
2 0.4399739583333333 0.269849537037037 0.03307291666666666 0.03657407407407407
2 0.59140625 0.2162615740740741 0.0265625 0.04814814814814815