1 0.19895833333333332 0.44733796296296297 0.026041666666666664 0.07592592592592592
2 0.76953125 0.06273148148148147 0.0265625 0.03796296296296296
2 0.351953125 0.7276041666666667 0.04453125 0.07083333333333333
2 0.5002604166666667 0.36504629629629626 0.03802083333333333 0.055092592592592596
3 0.687890625 0.14265046296296297 0.06640625 0.08842592592592592
1 0.41328125 0.265162037037037 0.0296875 0.04907407407407407
1 0.4700520833333333 0.20144675925925926 0.027604166666666662 0.05601851851851851
1 0.39153645833333334 0.38582175925925927 0.05807291666666666 0.05601851851851851
1 0.5024739583333333 0.6315393518518518 0.04244791666666666 0.0662037037037037
1 0.5609375 0.5411458333333333 0.065625 0.06666666666666667
0 0.51484375 0.9622685185185185 0.0765625 0.07453703703703704
1 0.928515625 0.630150462962963 0.06640625 0.08842592592592592
2 0.38619791666666664 0.6262152777777777 0.04114583333333333 0.06805555555555555
2 0.403515625 0.656423611111111 0.04140625 0.07222222222222222