2 0.44296875 0.5241898148148147 0.0953125 0.15462962962962962
2 0.7268229166666667 0.5610532407407407 0.16927083333333331 0.2439814814814815
2 0.6227864583333333 0.07274305555555556 0.07057291666666667 0.0736111111111111
2 0.5954427083333333 0.13871527777777776 0.07838541666666667 0.09305555555555554
2 0.54765625 0.24513888888888888 0.0546875 0.07777777777777777
2 0.4022135416666667 0.2861689814814815 0.06692708333333333 0.08796296296296295
2 0.23411458333333335 0.1872685185185185 0.04635416666666666 0.062037037037037036
2 0.21966145833333334 0.3163773148148148 0.05807291666666666 0.07962962962962963
2 0.12877604166666665 0.43501157407407404 0.07317708333333332 0.09814814814814814
2 0.628125 0.20179398148148148 0.0375 0.03796296296296296
2 0.5830729166666667 0.1990162037037037 0.03177083333333333 0.04490740740740741
2 0.5022135416666667 0.21626157407407404 0.04817708333333333 0.07314814814814814
2 0.8868489583333334 0.40381944444444445 0.061197916666666664 0.06388888888888888
2 0.17044270833333333 0.355787037037037 0.025260416666666664 0.03657407407407407