2 0.5251302083333333 0.5768518518518518 0.03463541666666666 0.0662037037037037
2 0.2772135416666667 0.48315972222222225 0.03567708333333333 0.06944444444444445
2 0.6890625 0.7226851851851852 0.059375 0.09537037037037036
2 0.7279947916666667 0.39837962962962964 0.09348958333333332 0.15925925925925927
2 0.4962239583333333 0.5581018518518518 0.04244791666666666 0.07870370370370369
2 0.4990885416666667 0.6825810185185185 0.10755208333333333 0.14953703703703702
2 0.3171875 0.5672453703703704 0.046875 0.09074074074074073
2 0.022786458333333332 0.5630208333333333 0.04244791666666666 0.07916666666666666
2 0.32721354166666666 0.2886574074074074 0.03255208333333333 0.06481481481481481
2 0.654296875 0.3741319444444445 0.08984375 0.07638888888888888
2 0.5774739583333333 0.24438657407407405 0.029947916666666664 0.07314814814814814
2 0.5923177083333333 0.269849537037037 0.03463541666666666 0.07407407407407407
2 0.601953125 0.14658564814814815 0.05390625 0.046296296296296294
2 0.20442708333333334 0.6348958333333333 0.049479166666666664 0.05416666666666666
3 0.38138020833333336 0.16030092592592593 0.05026041666666666 0.05185185185185185
3 0.48046875 0.038831018518518515 0.0390625 0.04953703703703703