3 0.13450520833333332 0.649537037037037 0.10651041666666665 0.13657407407407407
2 0.30963541666666666 0.3726273148148148 0.04427083333333333 0.06712962962962962
2 0.253125 0.40717592592592594 0.03125 0.039351851851851846
2 0.59609375 0.2429398148148148 0.0390625 0.06712962962962962
2 0.6270833333333333 0.9424189814814815 0.11354166666666665 0.11296296296296296
2 0.6494791666666667 0.8149884259259259 0.06145833333333332 0.10185185185185183
2 0.6890625 0.8769675925925926 0.046875 0.06018518518518519
2 0.9421875 0.7608217592592592 0.115625 0.24351851851851852
2 0.4829427083333333 0.6032407407407407 0.06588541666666667 0.09398148148148147
2 0.4790364583333333 0.4702546296296296 0.045572916666666664 0.059259259259259255
2 0.376171875 0.5910300925925925 0.03984375 0.06018518518518519
3 0.19583333333333333 0.528587962962963 0.12604166666666666 0.11342592592592593
3 0.7067708333333333 0.0828125 0.07291666666666666 0.0625
2 0.9134114583333334 0.3845486111111111 0.07057291666666667 0.09722222222222222
2 0.92421875 0.4601273148148148 0.0703125 0.054629629629629625
2 0.96953125 0.2296875 0.0609375 0.05625