1 0.9182291666666667 0.2900462962962963 0.10208333333333333 0.11759259259259258
2 0.24283854166666666 0.30549768518518516 0.05442708333333333 0.08287037037037036
2 0.3015625 0.09288194444444445 0.040625 0.03888888888888888
2 0.4899739583333333 0.24508101851851852 0.045572916666666664 0.062037037037037036
2 0.5325520833333333 0.09895833333333333 0.04010416666666666 0.05416666666666666
2 0.8192708333333334 0.05630787037037037 0.04791666666666666 0.06574074074074074
2 0.7088541666666667 0.4099537037037037 0.06458333333333333 0.0824074074074074
2 0.6408854166666667 0.6230324074074074 0.07552083333333333 0.11481481481481481
2 0.58359375 0.6403356481481481 0.0734375 0.12129629629629628
2 0.7584635416666667 0.7018518518518518 0.06692708333333333 0.1162037037037037
2 0.7248697916666667 0.8127314814814814 0.08723958333333333 0.13796296296296295
2 0.56875 0.9289351851851851 0.071875 0.13287037037037036
2 0.4951822916666667 0.9171875 0.06223958333333333 0.125
2 0.5934895833333333 0.33269675925925923 0.04635416666666666 0.0685185185185185
2 0.528125 0.34565972222222224 0.053125 0.05694444444444444
2 0.289453125 0.4695023148148148 0.05078125 0.06712962962962962
2 0.23958333333333334 0.4616898148148148 0.04791666666666666 0.06712962962962962
3 0.826953125 0.275 0.13203125 0.1625
2 0.676953125 0.1789351851851852 0.05390625 0.045370370370370366