3 0.95859375 0.2515625 0.0828125 0.065625
2 0.984375 0.39296875 0.03125 0.0546875
2 0.9470052083333333 0.7784143518518518 0.10338541666666665 0.1537037037037037
2 0.9204427083333334 0.4520833333333333 0.06901041666666666 0.06666666666666667
2 0.8364583333333334 0.475462962962963 0.09166666666666666 0.08842592592592592
2 0.6951822916666667 0.513425925925926 0.07473958333333333 0.08935185185185185
2 0.7845052083333333 0.7101273148148148 0.08151041666666667 0.11712962962962963
2 0.4459635416666667 0.5607060185185185 0.038802083333333334 0.037037037037037035
2 0.5278645833333333 0.3314236111111111 0.049479166666666664 0.04722222222222222
2 0.38424479166666664 0.42725694444444445 0.052864583333333326 0.05138888888888889
2 0.035546875 0.28541666666666665 0.03671875 0.05833333333333333
2 0.7567708333333333 0.5282986111111111 0.03229166666666666 0.04722222222222222
2 0.8459635416666667 0.6744791666666667 0.04192708333333333 0.04583333333333333