2 0.952734375 0.3193287037037037 0.05546875 0.04490740740740741
2 0.9024739583333334 0.42303240740740744 0.06432291666666666 0.06481481481481481
3 0.4138020833333333 0.30833333333333335 0.043229166666666666 0.05416666666666666
3 0.6608072916666667 0.27627314814814813 0.052864583333333326 0.07129629629629629
2 0.21927083333333336 0.4401041666666667 0.029166666666666664 0.03333333333333333
2 0.31315104166666663 0.6541666666666667 0.04192708333333333 0.08333333333333333
2 0.6196614583333333 0.5755787037037037 0.054947916666666666 0.0699074074074074
2 0.39622395833333335 0.5689236111111111 0.039322916666666666 0.05972222222222222
2 0.32838541666666665 0.444849537037037 0.034895833333333334 0.03657407407407407
2 0.375 0.46782407407407406 0.021875 0.035648148148148144
2 0.15013020833333332 0.5393518518518519 0.025260416666666664 0.028703703703703703