0 0.655859375 0.47424768518518523 0.03671875 0.07037037037037037
0 0.5854166666666667 0.5467592592592593 0.03020833333333333 0.05601851851851851
0 0.5674479166666667 0.593923611111111 0.034895833333333334 0.07222222222222222
0 0.5114583333333333 0.5100694444444445 0.029166666666666664 0.06388888888888888
0 0.5220052083333333 0.5861689814814814 0.028385416666666663 0.07546296296296295
0 0.502734375 0.604224537037037 0.01796875 0.03657407407407407
0 0.477734375 0.5560185185185185 0.03671875 0.07453703703703704
0 0.5208333333333333 0.704861111111111 0.03229166666666666 0.05972222222222222
0 0.4798177083333333 0.6619212962962963 0.025260416666666664 0.055092592592592596
1 0.4526041666666667 0.6798032407407407 0.02708333333333333 0.05648148148148148
0 0.42421875 0.6715856481481481 0.0296875 0.05879629629629629
0 0.4325520833333333 0.7287037037037037 0.024479166666666666 0.04490740740740741
0 0.4528645833333333 0.7619212962962962 0.024479166666666666 0.04259259259259259
0 0.4415364583333333 0.7950810185185185 0.023697916666666666 0.04953703703703703
0 0.4259114583333333 0.7710648148148148 0.017447916666666667 0.04212962962962963
0 0.39596354166666664 0.7844907407407408 0.02317708333333333 0.043981481481481476
0 0.38502604166666665 0.743113425925926 0.02630208333333333 0.05185185185185185
0 0.38919270833333336 0.693576388888889 0.028385416666666663 0.05277777777777778
0 0.355078125 0.7373842592592592 0.02265625 0.04351851851851852
0 0.36380208333333336 0.6931712962962963 0.021354166666666667 0.04259259259259259
3 0.5725260416666667 0.861574074074074 0.02005208333333333 0.035648148148148144
3 0.6263020833333333 0.8738425925925926 0.04010416666666666 0.07268518518518519
2 0.644140625 0.3325810185185185 0.02890625 0.037037037037037035
2 0.787109375 0.9060185185185186 0.03671875 0.062037037037037036
1 0.6641927083333333 0.562037037037037 0.05026041666666666 0.04907407407407407
1 0.756640625 0.15972222222222224 0.04140625 0.03194444444444444
1 0.7337239583333333 0.33119212962962963 0.017447916666666667 0.03425925925925925
1 0.7911458333333333 0.296412037037037 0.029166666666666664 0.04907407407407407
1 0.5959635416666667 0.3821759259259259 0.04192708333333333 0.07685185185185185
3 0.4546875 0.8881365740740741 0.059375 0.17314814814814813
3 0.39739583333333334 0.9590277777777778 0.035416666666666666 0.08055555555555555
2 0.3875 0.9080439814814815 0.021875 0.03796296296296296
2 0.38190104166666666 0.8518518518518519 0.02005208333333333 0.0412037037037037
0 0.3125 0.6004050925925926 0.01875 0.03518518518518519
0 0.3109375 0.6733217592592593 0.01875 0.04351851851851852
0 0.323046875 0.6300347222222222 0.01796875 0.04444444444444444
0 0.32591145833333335 0.712037037037037 0.017447916666666667 0.03657407407407407
0 0.338671875 0.6682291666666667 0.01796875 0.04583333333333333
0 0.355078125 0.5951388888888889 0.01953125 0.04027777777777777
0 0.36627604166666666 0.6150462962962963 0.02317708333333333 0.04259259259259259