3 0.953125 0.2247685185185185 0.09375 0.08703703703703704
2 0.9294270833333333 0.42048611111111106 0.08072916666666666 0.07222222222222222
2 0.8412760416666666 0.45434027777777775 0.09817708333333333 0.08055555555555555
2 0.95859375 0.76953125 0.0828125 0.1640625
2 0.8591145833333333 0.6555555555555556 0.043229166666666666 0.0611111111111111
2 0.793359375 0.6980324074074075 0.09296875 0.12731481481481483
2 0.7623697916666667 0.5030092592592592 0.03411458333333333 0.031018518518518518
2 0.6981770833333333 0.49149305555555556 0.08072916666666666 0.08611111111111111
2 0.519921875 0.30648148148148147 0.05546875 0.050462962962962966
2 0.437890625 0.5498842592592592 0.04140625 0.04351851851851852
2 0.37044270833333337 0.4104166666666667 0.053385416666666664 0.05833333333333333