2 0.750390625 0.5504629629629629 0.05078125 0.07592592592592592
2 0.248046875 0.3695601851851852 0.03984375 0.05787037037037037
2 0.4875 0.22569444444444448 0.03125 0.03888888888888888
2 0.305078125 0.34565972222222224 0.03828125 0.05694444444444444
2 0.08723958333333333 0.41336805555555556 0.04635416666666666 0.0736111111111111
2 0.05807291666666666 0.5476273148148147 0.04427083333333333 0.06712962962962962
2 0.07200520833333332 0.5655671296296296 0.047135416666666666 0.059259259259259255
2 0.08541666666666667 0.5862847222222223 0.04583333333333333 0.05694444444444444
2 0.6541666666666667 0.3220486111111111 0.055208333333333325 0.07222222222222222
2 0.975 0.72578125 0.05 0.1015625
2 0.97265625 0.8125 0.0546875 0.1125
2 0.9484375 0.8785879629629629 0.090625 0.1384259259259259
2 0.7279947916666667 0.32262731481481477 0.06223958333333333 0.07962962962962963
2 0.7947916666666667 0.3806134259259259 0.055208333333333325 0.06435185185185185
2 0.7348958333333333 0.3828125 0.057291666666666664 0.075
2 0.70703125 0.4862268518518518 0.0609375 0.07870370370370369
2 0.5657552083333333 0.6414930555555556 0.047135416666666666 0.0736111111111111
2 0.4954427083333333 0.9506365740740741 0.10026041666666666 0.09814814814814814
2 0.6239583333333333 0.7976273148148147 0.09166666666666666 0.14212962962962963
2 0.4984375 0.5511574074074075 0.103125 0.15231481481481482
2 0.18893229166666667 0.4418981481481482 0.046614583333333334 0.07129629629629629
2 0.16393229166666665 0.5160300925925926 0.052864583333333326 0.07268518518518519
2 0.22799479166666664 0.48113425925925923 0.05598958333333333 0.08101851851851852