2 0.8901041666666666 0.563599537037037 0.04895833333333333 0.07407407407407407
2 0.08723958333333333 0.4938078703703703 0.03697916666666666 0.053240740740740734
2 0.05950520833333332 0.5666087962962962 0.04401041666666666 0.04259259259259259
2 0.4466145833333333 0.5374421296296296 0.03697916666666666 0.059259259259259255
2 0.4817708333333333 0.547800925925926 0.051041666666666666 0.05185185185185185
2 0.605859375 0.724363425925926 0.05234375 0.08935185185185185
2 0.4174479166666667 0.7657407407407407 0.04114583333333333 0.06898148148148148
2 0.4555989583333333 0.7692708333333333 0.04244791666666666 0.06666666666666667
2 0.9196614583333333 0.4580439814814815 0.04244791666666666 0.06296296296296296
2 0.8733072916666667 0.4721064814814815 0.04036458333333333 0.050462962962962966
2 0.91953125 0.9577546296296295 0.0859375 0.08425925925925926
2 0.7579427083333333 0.9136574074074074 0.05651041666666666 0.10231481481481482
2 0.94765625 0.813425925925926 0.0828125 0.11435185185185184
2 0.791796875 0.6517939814814815 0.07734375 0.11296296296296296
2 0.508203125 0.6421296296296296 0.03828125 0.07175925925925926
2 0.4725260416666667 0.6860532407407407 0.038802083333333334 0.05648148148148148
2 0.353515625 0.6157407407407407 0.03828125 0.05648148148148148
2 0.290625 0.541724537037037 0.04375 0.07407407407407407
2 0.35911458333333335 0.45532407407407405 0.03697916666666666 0.04814814814814815
2 0.36953125 0.40804398148148147 0.0390625 0.050462962962962966
2 0.39895833333333336 0.3612268518518519 0.03229166666666666 0.0412037037037037
2 0.4515625 0.42824074074074076 0.021875 0.05648148148148148