3 0.8700520833333334 0.2765625 0.10260416666666665 0.125
3 0.9794270833333334 0.0947337962962963 0.04010416666666666 0.08009259259259259
1 0.10130208333333332 0.7277199074074074 0.024479166666666666 0.10231481481481482
1 0.18033854166666669 0.599826388888889 0.038802083333333334 0.09027777777777776
1 0.4459635416666667 0.5678240740740741 0.08567708333333332 0.07314814814814814
1 0.4640625 0.410474537037037 0.040625 0.06157407407407407
1 0.544140625 0.3310763888888889 0.04453125 0.09027777777777776
1 0.7553385416666667 0.8899305555555556 0.10755208333333333 0.12361111111111109
2 0.474609375 0.9548032407407406 0.05546875 0.08148148148148147
2 0.5122395833333333 0.987037037037037 0.043229166666666666 0.024074074074074074
2 0.6188802083333333 0.577025462962963 0.047135416666666666 0.07592592592592592
2 0.98203125 0.1625 0.0359375 0.0625
2 0.9578125 0.0568287037037037 0.059375 0.0699074074074074