0 0.24817708333333335 0.3129050925925926 0.09635416666666666 0.11018518518518519
0 0.24765625 0.40954861111111107 0.0671875 0.09722222222222222
0 0.31927083333333334 0.42702546296296295 0.06354166666666666 0.10092592592592593
0 0.39947916666666666 0.4708333333333333 0.08020833333333333 0.11666666666666665
0 0.4721354166666667 0.07129629629629629 0.08802083333333333 0.11759259259259258
0 0.7395833333333333 0.13912037037037037 0.08854166666666666 0.09074074074074073
0 0.8638020833333334 0.313599537037037 0.12135416666666665 0.12407407407407407
0 0.63125 0.6233796296296296 0.0875 0.10925925925925925
0 0.35494791666666664 0.9141782407407406 0.06927083333333332 0.10648148148148147
0 0.27682291666666664 0.8629050925925925 0.08489583333333332 0.11018518518518519
3 0.15104166666666666 0.2861689814814815 0.12708333333333333 0.13796296296296295
3 0.24609375 0.043229166666666666 0.0796875 0.08333333333333333
3 0.38984375 0.08263888888888889 0.0640625 0.10277777777777777
3 0.5466145833333333 0.3174189814814815 0.09010416666666667 0.11296296296296296
1 0.5802083333333333 0.9144097222222222 0.11354166666666665 0.11944444444444444
3 0.6875 0.900462962962963 0.090625 0.1259259259259259
3 0.7955729166666667 0.6356481481481481 0.10052083333333332 0.14629629629629629
3 0.5177083333333333 0.49357638888888894 0.07291666666666666 0.12777777777777777
3 0.38828125 0.6233217592592593 0.0828125 0.14351851851851852
3 0.14869791666666665 0.5110532407407408 0.08177083333333332 0.10648148148148147
3 0.052864583333333326 0.641724537037037 0.08697916666666666 0.09907407407407406
3 0.209375 0.7390625 0.115625 0.15
1 0.9268229166666666 0.5061921296296296 0.14427083333333332 0.20925925925925926