2 0.5052083333333333 0.6317708333333333 0.07291666666666666 0.09166666666666666
2 0.8893229166666666 0.3909722222222222 0.07552083333333333 0.06944444444444445
2 0.5239583333333333 0.8246527777777779 0.07916666666666666 0.14305555555555555
2 0.19661458333333331 0.18200231481481483 0.049479166666666664 0.06712962962962962
2 0.4643229166666667 0.4851273148148148 0.10677083333333333 0.14212962962962963
2 0.534375 0.5785300925925926 0.0625 0.08518518518518518
2 0.6006510416666667 0.7793402777777778 0.12942708333333333 0.16805555555555554
2 0.4291666666666667 0.9476273148148149 0.10520833333333332 0.10462962962962963
2 0.7528645833333333 0.3026041666666667 0.06822916666666666 0.07083333333333333
2 0.831640625 0.29508101851851853 0.06015625 0.07453703703703704
2 0.7529947916666667 0.23495370370370372 0.05598958333333333 0.0699074074074074
2 0.8194010416666666 0.2011574074074074 0.05755208333333332 0.06481481481481481
2 0.6407552083333333 0.13611111111111113 0.047135416666666666 0.05972222222222222
2 0.6454427083333333 0.17760416666666665 0.037760416666666664 0.05833333333333333
2 0.6658854166666667 0.23003472222222224 0.056770833333333326 0.06944444444444445
2 0.7095052083333333 0.40625 0.06901041666666666 0.075
2 0.77265625 0.4830439814814815 0.0734375 0.08796296296296295
1 0.6427083333333333 0.36932870370370374 0.09791666666666667 0.0699074074074074
2 0.8234375 0.544675925925926 0.04375 0.05185185185185185
2 0.9440104166666666 0.6856481481481482 0.04427083333333333 0.07129629629629629
2 0.10182291666666665 0.453587962962963 0.06614583333333332 0.07592592592592592
2 0.1453125 0.38015046296296295 0.05 0.07592592592592592
2 0.4493489583333333 0.8519675925925926 0.09869791666666666 0.12268518518518519
2 0.51875 0.5016203703703704 0.059375 0.10324074074074074