2 0.25716145833333337 0.48813657407407407 0.054947916666666666 0.04814814814814815
2 0.15768229166666664 0.6557291666666667 0.07161458333333333 0.09583333333333333
2 0.8063802083333333 0.20225694444444448 0.05651041666666666 0.05138888888888889
2 0.5473958333333333 0.312962962962963 0.057291666666666664 0.07592592592592592
2 0.431640625 0.17922453703703703 0.04140625 0.04907407407407407
2 0.90625 0.9113425925925925 0.08125 0.12268518518518519
2 0.9080729166666666 0.8109375 0.09427083333333333 0.15
2 0.8059895833333334 0.765451388888889 0.17135416666666664 0.2777777777777778
2 0.12317708333333333 0.4763888888888889 0.07135416666666666 0.09027777777777776
2 0.26888020833333337 0.5197916666666667 0.05963541666666666 0.05833333333333333
2 0.4087239583333333 0.3855324074074074 0.04869791666666666 0.07731481481481481
2 0.4328125 0.43964120370370374 0.053125 0.0824074074074074
2 0.35989583333333336 0.45769675925925923 0.057291666666666664 0.0685185185185185
2 0.32005208333333335 0.33003472222222224 0.05572916666666666 0.08194444444444444
2 0.478125 0.3186921296296296 0.053125 0.07175925925925926
2 0.4415364583333333 0.28645833333333337 0.04244791666666666 0.05416666666666666
2 0.5229166666666667 0.1837962962962963 0.03333333333333333 0.055092592592592596
2 0.4697916666666667 0.1424189814814815 0.03958333333333333 0.050462962962962966
2 0.504296875 0.42800925925925926 0.06796875 0.09351851851851851