2 0.39674479166666665 0.8811342592592591 0.10286458333333333 0.1685185185185185
0 0.8236979166666666 0.499363425925926 0.15052083333333333 0.22685185185185186
2 0.725 0.587673611111111 0.06875 0.07222222222222222
1 0.323828125 0.15 0.09140625 0.0875
1 0.18255208333333334 0.14056712962962964 0.05572916666666666 0.059259259259259255
1 0.019401041666666667 0.5516203703703704 0.03255208333333333 0.11574074074074074
1 0.024739583333333332 0.6796875 0.04635416666666666 0.05
1 0.057291666666666664 0.6981481481481482 0.05208333333333333 0.08379629629629629
1 0.39114583333333336 0.25960648148148147 0.08854166666666666 0.08796296296296295
1 0.45546875 0.11082175925925926 0.0796875 0.0685185185185185
1 0.507421875 0.08211805555555556 0.08984375 0.08611111111111111