3 0.31588541666666664 0.30995370370370373 0.034895833333333334 0.05740740740740741
2 0.13346354166666669 0.4443287037037037 0.02317708333333333 0.032407407407407406
0 0.983984375 0.20185185185185187 0.03046875 0.07870370370370369
0 0.9790364583333334 0.11967592592592594 0.03619791666666666 0.07685185185185185
2 0.9424479166666666 0.15318287037037037 0.04114583333333333 0.07824074074074074
2 0.7680989583333333 0.09878472222222222 0.03307291666666666 0.04444444444444444
2 0.5981770833333333 0.38125 0.03697916666666666 0.0375
2 0.19661458333333331 0.4929398148148148 0.024479166666666666 0.029629629629629627
2 0.23606770833333335 0.5162037037037037 0.028385416666666663 0.032407407407407406
2 0.18893229166666667 0.5659722222222222 0.02786458333333333 0.03194444444444444
2 0.16888020833333334 0.6217592592592592 0.031510416666666666 0.031018518518518518
2 0.31953125 0.5740740740740741 0.0265625 0.04814814814814815
2 0.30950520833333334 0.6161458333333333 0.031510416666666666 0.05416666666666666
3 0.27799479166666663 0.6123263888888889 0.052864583333333326 0.07777777777777777
1 0.24635416666666665 0.5767361111111111 0.03020833333333333 0.05972222222222222
3 0.46796875 0.33113425925925927 0.0359375 0.04351851851851852
3 0.408203125 0.42638888888888893 0.04140625 0.06527777777777778
3 0.455078125 0.45138888888888895 0.06015625 0.07777777777777777
3 0.8721354166666666 0.4067708333333333 0.13802083333333331 0.10416666666666666
3 0.9833333333333334 0.9536458333333334 0.03229166666666666 0.09166666666666666
3 0.4078125 0.5762731481481482 0.0625 0.0962962962962963
3 0.52734375 0.8153356481481481 0.1328125 0.2462962962962963