0 0.97578125 0.8046875 0.0484375 0.21875
0 0.905078125 0.8102430555555555 0.10703125 0.1986111111111111
0 0.828125 0.9116319444444445 0.103125 0.17638888888888887
0 0.9819010416666666 0.3230324074074074 0.03567708333333333 0.12731481481481483
0 0.816796875 0.5498842592592592 0.11796875 0.18101851851851852
0 0.7368489583333333 0.7001157407407408 0.11744791666666665 0.2064814814814815
0 0.717578125 0.8696180555555555 0.12578125 0.22361111111111112
1 0.8692708333333334 0.7487268518518518 0.17291666666666666 0.1412037037037037
1 0.4934895833333333 0.08576388888888889 0.04010416666666666 0.16527777777777777
2 0.5255208333333333 0.6600694444444445 0.07604166666666666 0.12638888888888888
2 0.594140625 0.867013888888889 0.05078125 0.06527777777777778
2 0.646875 0.6752314814814815 0.040625 0.050462962962962966
2 0.645703125 0.04207175925925925 0.04453125 0.04351851851851852