3 0.9279947916666667 0.20960648148148148 0.13411458333333331 0.16296296296296295
2 0.3359375 0.20925925925925926 0.05 0.0685185185185185
2 0.38424479166666664 0.3704861111111111 0.04348958333333333 0.07222222222222222
2 0.33567708333333335 0.37037037037037035 0.049479166666666664 0.06574074074074074
2 0.5688802083333333 0.17326388888888888 0.05026041666666666 0.05277777777777778
2 0.7938802083333333 0.35833333333333334 0.05963541666666666 0.09166666666666666
2 0.716796875 0.5569444444444445 0.07109375 0.12638888888888888
2 0.6575520833333333 0.5712962962962963 0.06822916666666666 0.11759259259259258
2 0.576171875 0.8090856481481481 0.06171875 0.10879629629629628
2 0.6380208333333333 0.8295717592592592 0.06666666666666667 0.11851851851851851
2 0.7865885416666667 0.7518518518518518 0.08880208333333332 0.1162037037037037
2 0.82734375 0.650462962962963 0.0703125 0.11342592592592593
2 0.6674479166666667 0.2699074074074074 0.056770833333333326 0.07731481481481481
2 0.6127604166666667 0.2653935185185185 0.05364583333333332 0.07453703703703704
2 0.6220052083333333 0.025173611111111112 0.037760416666666664 0.034722222222222224
2 0.668359375 0.1283564814814815 0.03984375 0.050462962962962966
2 0.766015625 0.10393518518518519 0.05078125 0.05787037037037037