2 0.78984375 0.6107060185185185 0.0546875 0.062037037037037036
2 0.61953125 0.2733217592592593 0.0359375 0.05601851851851851
2 0.5852864583333333 0.2620949074074074 0.03307291666666666 0.03981481481481482
2 0.5022135416666667 0.2345486111111111 0.060677083333333326 0.08472222222222223
2 0.544140625 0.2821180555555555 0.05390625 0.08611111111111111
2 0.6069010416666667 0.1927662037037037 0.07317708333333332 0.1074074074074074
2 0.6442708333333333 0.12013888888888888 0.06979166666666667 0.09027777777777776
2 0.6356770833333333 0.6851851851851852 0.14322916666666666 0.20787037037037037
2 0.4182291666666667 0.5413194444444445 0.08645833333333333 0.15138888888888888
2 0.4145833333333333 0.2649884259259259 0.057291666666666664 0.07685185185185185
2 0.17591145833333333 0.29421296296296295 0.061197916666666664 0.07592592592592592
2 0.25299479166666666 0.2136574074074074 0.059114583333333325 0.06481481481481481