2 0.302734375 0.506886574074074 0.05234375 0.06064814814814814
2 0.5532552083333333 0.2368634259259259 0.028385416666666663 0.06435185185185185
2 0.4640625 0.23576388888888888 0.0375 0.04027777777777777
2 0.4764322916666667 0.3326388888888889 0.04036458333333333 0.05277777777777778
2 0.5079427083333333 0.35434027777777777 0.05026041666666666 0.05555555555555556
2 0.576953125 0.34357638888888886 0.05390625 0.05277777777777778
2 0.8227864583333334 0.7149305555555555 0.17369791666666665 0.2361111111111111
2 0.9190104166666666 0.7564814814814815 0.11614583333333332 0.16296296296296295
2 0.90390625 0.850636574074074 0.1015625 0.13564814814814813
2 0.946484375 0.8958333333333334 0.10546875 0.20416666666666666
2 0.39674479166666665 0.49091435185185184 0.05598958333333333 0.07870370370370369
2 0.4412760416666667 0.41730324074074077 0.04505208333333333 0.08148148148148147
2 0.4671875 0.4617476851851852 0.053125 0.08287037037037036
2 0.31966145833333337 0.5425925925925925 0.05807291666666666 0.04768518518518518
2 0.186328125 0.5141203703703703 0.06328125 0.06574074074074074
2 0.36354166666666665 0.37962962962962965 0.04895833333333333 0.07175925925925926