0 0.983984375 0.8835069444444444 0.03046875 0.12638888888888888
2 0.6888020833333333 0.40451388888888895 0.04635416666666666 0.05277777777777778
0 0.69375 0.5957175925925926 0.10625 0.21018518518518517
0 0.7420572916666667 0.7592013888888889 0.10598958333333333 0.19027777777777777
0 0.8078125 0.9111689814814815 0.1 0.17546296296296296
0 0.8096354166666666 0.631712962962963 0.09427083333333333 0.2009259259259259
0 0.8975260416666666 0.632638888888889 0.10755208333333333 0.20277777777777778
0 0.9138020833333333 0.507986111111111 0.10572916666666665 0.19722222222222222
0 0.98046875 0.4234375 0.0390625 0.175
0 0.799609375 0.4262152777777778 0.11796875 0.21805555555555553
0 0.850390625 0.29508101851851853 0.11953125 0.21203703703703702
0 0.9609375 0.17905092592592592 0.078125 0.18935185185185183
3 0.04609375 0.6521990740740741 0.0734375 0.18564814814814815
3 0.38919270833333336 0.5931712962962963 0.08776041666666666 0.1925925925925926
3 0.4494791666666667 0.4379050925925926 0.10833333333333332 0.12268518518518519
1 0.5076822916666667 0.9810185185185185 0.10598958333333333 0.037037037037037035
2 0.6649739583333333 0.24861111111111112 0.06432291666666666 0.08472222222222223
1 0.94375 0.3754050925925926 0.1125 0.11018518518518519