1 0.7145833333333333 0.343287037037037 0.12916666666666665 0.22407407407407404
0 0.6963541666666667 0.18368055555555554 0.10208333333333333 0.1611111111111111
0 0.27630208333333334 0.9506365740740741 0.06510416666666666 0.09814814814814814
3 0.9145833333333334 0.8917824074074074 0.12916666666666665 0.2148148148148148
1 0.9348958333333334 0.4930555555555555 0.12916666666666665 0.11111111111111112
0 0.3984375 0.2285300925925926 0.05625 0.08518518518518518
0 0.29453125 0.3903935185185185 0.0671875 0.08703703703703704
0 0.5744791666666667 0.24866898148148148 0.07395833333333332 0.11296296296296296
0 0.7544270833333333 0.4151041666666667 0.08697916666666666 0.13333333333333333
0 0.7723958333333333 0.924537037037037 0.13229166666666664 0.14907407407407408
0 0.3421875 0.6558449074074074 0.075 0.11481481481481481