2 0.9390625 0.5932291666666667 0.05625 0.05833333333333333
2 0.7475260416666667 0.6989004629629629 0.02317708333333333 0.025925925925925925
2 0.7 0.6872685185185186 0.059375 0.07453703703703704
2 0.11575520833333333 0.3975694444444445 0.028385416666666663 0.05138888888888889
2 0.50859375 0.711111111111111 0.0296875 0.034722222222222224
2 0.7651041666666667 0.859548611111111 0.06145833333333332 0.09722222222222222
2 0.81171875 0.8365162037037036 0.0265625 0.04490740740740741
2 0.8776041666666666 0.921875 0.06770833333333333 0.1125
2 0.8075520833333334 0.6607638888888889 0.06197916666666666 0.07777777777777777
2 0.871484375 0.6416666666666667 0.05234375 0.05833333333333333
3 0.8990885416666666 0.48715277777777777 0.07630208333333333 0.09305555555555554
2 0.4447916666666667 0.576099537037037 0.04583333333333333 0.04907407407407407