2 0.05555555555555556 0.06591435185185185 0.09861111111111111 0.1037037037037037
0 0.43993055555555555 0.06979166666666667 0.08611111111111111 0.13333333333333333
0 0.3055555555555555 0.08196373456790122 0.08611111111111111 0.13580246913580246
0 0.3701388888888889 0.17104552469135803 0.11527777777777777 0.18271604938271604
2 0.3585069444444445 0.40902777777777777 0.11388888888888889 0.15555555555555553
2 0.2640625 0.546045524691358 0.125 0.18271604938271604
0 0.16111111111111112 0.18937114197530863 0.10972222222222221 0.1506172839506173
0 0.21979166666666666 0.22899305555555555 0.08333333333333333 0.11111111111111112
2 0.2880208333333333 0.2586033950617284 0.10416666666666666 0.12345679012345678
2 0.22083333333333335 0.34637345679012344 0.09166666666666666 0.18024691358024691
2 0.12986111111111112 0.30243055555555554 0.1222222222222222 0.11111111111111112
2 0.2875 0.7404899691358025 0.1625 0.2716049382716049
2 0.4913194444444445 0.3093557098765432 0.10138888888888889 0.1530864197530864
2 0.5503472222222222 0.13753858024691357 0.11944444444444444 0.09382716049382715
2 0.5670138888888889 0.24151234567901234 0.10277777777777777 0.1580246913580247
2 0.6217013888888889 0.3165895061728395 0.09027777777777776 0.14567901234567898
0 0.6770833333333333 0.20516975308641974 0.11666666666666665 0.1728395061728395
0 0.59375 0.45488040123456785 0.1125 0.2691358024691358
0 0.5423611111111111 0.5819058641975309 0.17222222222222222 0.1950617283950617
0 0.71875 0.5369405864197531 0.15 0.23950617283950618
1 0.425 0.7598765432098766 0.125 0.41975308641975306
2 0.5520833333333333 0.7777777777777778 0.19166666666666665 0.3555555555555555
2 0.7565972222222223 0.2191358024691358 0.09444444444444444 0.1382716049382716
1 0.7217013888888889 0.3624228395061728 0.16527777777777777 0.21234567901234563
2 0.8657986111111111 0.5421296296296296 0.1847222222222222 0.25925925925925924
2 0.8213541666666666 0.06410108024691358 0.09583333333333333 0.09382716049382715
2 0.9520833333333334 0.16026234567901235 0.09166666666666666 0.1580246913580247