1 0.5421875 0.4887731481481482 0.084375 0.0962962962962963
1 0.4080729166666667 0.4690393518518518 0.09114583333333333 0.1037037037037037
0 0.6822916666666667 0.6474537037037037 0.03333333333333333 0.05740740740740741
0 0.57578125 0.4109953703703703 0.0234375 0.04074074074074074
0 0.1015625 0.3660300925925926 0.06875 0.11018518518518519
0 0.28151041666666665 0.47795138888888894 0.03177083333333333 0.05277777777777778
0 0.45 0.7357060185185185 0.034375 0.062037037037037036
0 0.4544270833333333 0.8074074074074075 0.04010416666666666 0.06481481481481481
0 0.5184895833333333 0.7475694444444445 0.033854166666666664 0.06388888888888888
0 0.5841145833333333 0.8009259259259259 0.027604166666666662 0.05185185185185185
0 0.7955729166666667 0.915798611111111 0.04427083333333333 0.07222222222222222
0 0.6651041666666667 0.9840277777777778 0.055208333333333325 0.03055555555555555
0 0.5666666666666667 0.8861111111111111 0.042708333333333334 0.07222222222222222
0 0.3888020833333333 0.9050925925925926 0.06822916666666666 0.08518518518518518