0 0.18825191979522185 0.4692708333333333 0.0733788395904437 0.10416666666666666
0 0.19521117747440273 0.6197916666666667 0.07167235494880546 0.10208333333333333
0 0.7801514505119453 0.7098958333333333 0.06655290102389079 0.10416666666666666
0 0.5407903156996587 0.8630208333333333 0.040955631399317405 0.07916666666666666
0 0.3244667235494881 0.1390625 0.061433447098976114 0.075
0 0.4838523890784983 0.1203125 0.08020477815699659 0.1
0 0.06950191979522184 0.1640625 0.0733788395904437 0.0875
0 0.1521597696245734 0.24114583333333334 0.05119453924914676 0.06041666666666666
0 0.1983255119453925 0.23072916666666665 0.05290102389078498 0.07083333333333333
0 0.15642598122866894 0.3765625 0.059726962457337884 0.0625
0 0.41864867747440276 0.4755208333333333 0.07167235494880546 0.08541666666666667
0 0.4412222696245734 0.39479166666666665 0.05119453924914676 0.08958333333333332
0 0.4953444965870307 0.33125 0.05631399317406144 0.0875
0 0.5413875853242321 0.2411458333333333 0.09215017064846417 0.10416666666666666
0 0.3089857081911263 0.5484375 0.06484641638225255 0.0875
0 0.21737414675767916 0.83125 0.07849829351535836 0.1
0 0.18427367747440274 0.7265625 0.07167235494880546 0.1125
0 0.7549968003412969 0.3328125 0.04436860068259386 0.06875
0 0.5942032849829351 0.15052083333333333 0.04778156996587031 0.07291666666666666