2 0.20885416666666665 0.5439429012345679 0.04583333333333333 0.0691358024691358
2 0.26145833333333335 0.2834104938271605 0.041666666666666664 0.05432098765432099
2 0.6914930555555555 0.34056712962962965 0.04861111111111111 0.059259259259259255
2 0.49444444444444446 0.9668016975308642 0.05138888888888889 0.06172839506172839
2 0.7977430555555556 0.9709104938271604 0.04861111111111111 0.05432098765432099
0 0.17083333333333334 0.3945216049382716 0.029166666666666664 0.0765432098765432
0 0.39913194444444444 0.5033179012345679 0.03888888888888888 0.0691358024691358
0 0.5118055555555555 0.3515817901234568 0.03611111111111111 0.046913580246913576
0 0.9680555555555556 0.3326003086419753 0.0611111111111111 0.08395061728395062
0 0.7430555555555556 0.8148533950617283 0.0736111111111111 0.12345679012345678
1 0.41527777777777775 0.8342978395061728 0.13055555555555556 0.21234567901234563
1 0.14340277777777777 0.8011188271604939 0.20555555555555555 0.12098765432098765
1 0.5039930555555555 0.453491512345679 0.08611111111111111 0.09135802469135802