3 0.584375 0.33393132716049384 0.3 0.5209876543209877
0 0.5034722222222222 0.13503086419753085 0.14444444444444443 0.1950617283950617
0 0.4220486111111111 0.10268132716049383 0.10972222222222221 0.12098765432098765
0 0.4161458333333333 0.2984567901234568 0.11666666666666665 0.24691358024691357
0 0.8149305555555555 0.43180941358024694 0.24861111111111112 0.36049382716049383
1 0.3284722222222222 0.21298225308641974 0.19444444444444445 0.1728395061728395
1 0.2125 0.14010416666666664 0.1125 0.13333333333333333
2 0.09149305555555556 0.14658564814814815 0.09861111111111111 0.0962962962962963
2 0.3442708333333333 0.07224151234567902 0.11666666666666665 0.09135802469135802
2 0.7727430555555556 0.10410879629629628 0.1736111111111111 0.1925925925925926
2 0.6777777777777778 0.21583719135802468 0.11805555555555555 0.11604938271604937
1 0.5805555555555555 0.4650270061728395 0.27361111111111114 0.14567901234567898
2 0.9484375 0.7365162037037036 0.1 0.40740740740740733
2 0.26805555555555555 0.7873070987654321 0.1736111111111111 0.33086419753086416
0 0.19010416666666666 0.7295138888888889 0.2583333333333333 0.37777777777777777
0 0.16111111111111112 0.275829475308642 0.13472222222222222 0.21728395061728395