1 0.5631944444444444 0.42401620370370374 0.12638888888888888 0.2074074074074074
1 0.6883680555555556 0.5844521604938271 0.22361111111111112 0.1876543209876543
1 0.5185763888888889 0.6562307098765432 0.10277777777777777 0.3530864197530864
1 0.3572916666666667 0.4098186728395062 0.12083333333333332 0.07901234567901234
2 0.44409722222222225 0.4364583333333333 0.10694444444444444 0.06666666666666667
2 0.36059027777777775 0.5314621913580246 0.11805555555555555 0.11604938271604937
2 0.36527777777777776 0.643653549382716 0.14305555555555555 0.16543209876543208
2 0.33697916666666666 0.8943287037037037 0.20833333333333331 0.2074074074074074
2 0.7651041666666667 0.3406057098765432 0.12083333333333332 0.1530864197530864
2 0.806423611111111 0.4750578703703704 0.13472222222222222 0.14074074074074075
2 0.8564236111111111 0.053973765432098766 0.07222222222222222 0.06419753086419752
2 0.8604166666666666 0.16114969135802468 0.08333333333333333 0.11604938271604937
2 0.9473958333333334 0.14749228395061728 0.09166666666666666 0.10123456790123457
2 0.8869791666666667 0.6524691358024691 0.18333333333333332 0.20493827160493824
2 0.9671875 0.5772183641975308 0.0625 0.1950617283950617
1 0.9340277777777779 0.9136381172839506 0.13055555555555556 0.16790123456790124
2 0.828298611111111 0.9560378086419753 0.1597222222222222 0.08395061728395062