3 0.5522569444444445 0.9117476851851851 0.08888888888888888 0.17037037037037037
0 0.14461805555555557 0.1486689814814815 0.08611111111111111 0.16296296296296295
0 0.390625 0.6845871913580247 0.075 0.11604938271604937
0 0.4770833333333333 0.7077739197530863 0.06666666666666667 0.10617283950617282
0 0.5736111111111111 0.5964313271604939 0.05972222222222222 0.12098765432098765
0 0.6640625 0.769945987654321 0.0625 0.10864197530864197
0 0.20625 0.8728395061728396 0.1 0.14567901234567898
0 0.7800347222222223 0.837962962962963 0.06944444444444445 0.1259259259259259
0 0.6381944444444445 0.35028935185185184 0.06388888888888888 0.1037037037037037
0 0.6461805555555555 0.5750385802469136 0.03611111111111111 0.09382716049382715
0 0.7118055555555556 0.39068287037037036 0.04861111111111111 0.14074074074074075
0 0.7456597222222222 0.31493055555555555 0.04444444444444444 0.11111111111111112
0 0.717013888888889 0.2368827160493827 0.05277777777777778 0.09876543209876543
0 0.7336805555555556 0.14600694444444445 0.0611111111111111 0.08888888888888888