2 0.9432291666666666 0.30692515432098766 0.05833333333333333 0.04197530864197531
2 0.68125 0.28694058641975306 0.025 0.03950617283950617
2 0.7833333333333333 0.4036458333333333 0.041666666666666664 0.06666666666666667
2 0.8317708333333333 0.8331790123456789 0.06666666666666667 0.09135802469135802
3 0.21527777777777776 0.2346064814814815 0.10555555555555556 0.16296296296296295
3 0.2185763888888889 0.06361882716049383 0.09027777777777776 0.12098765432098765
3 0.0796875 0.32002314814814814 0.0875 0.0962962962962963
3 0.7298611111111111 0.09313271604938271 0.05972222222222222 0.09876543209876543
3 0.5440972222222222 0.2419753086419753 0.04444444444444444 0.08395061728395062
3 0.3506944444444445 0.41280864197530864 0.08888888888888888 0.1506172839506173
3 0.49392361111111105 0.5860532407407407 0.04722222222222222 0.08148148148148147
3 0.5868055555555556 0.9668016975308642 0.0611111111111111 0.06172839506172839
0 0.11666666666666665 0.17841435185185187 0.08333333333333333 0.1037037037037037
0 0.2642361111111111 0.3296489197530864 0.07222222222222222 0.10617283950617282
0 0.6067708333333333 0.04016203703703704 0.06666666666666667 0.07407407407407407
0 0.4326388888888889 0.37312885802469137 0.04027777777777777 0.04938271604938271
0 0.7055555555555555 0.4562114197530864 0.08611111111111111 0.10617283950617282
0 0.8496527777777778 0.5637731481481482 0.09305555555555554 0.0962962962962963
0 0.7494791666666667 0.5624614197530864 0.09583333333333333 0.10617283950617282
0 0.5973958333333333 0.48236882716049384 0.07916666666666666 0.12098765432098765
0 0.24357638888888888 0.7276813271604938 0.09027777777777776 0.12098765432098765
0 0.34114583333333337 0.9668016975308642 0.07916666666666666 0.06172839506172839