0 0.5434895833333333 0.41863425925925923 0.08697916666666666 0.14351851851851852
0 0.5802083333333333 0.5530671296296296 0.08854166666666666 0.13425925925925924
0 0.54765625 0.7373842592592592 0.0859375 0.1685185185185185
0 0.4067708333333333 0.9281828703703704 0.08541666666666667 0.14074074074074075
0 0.6614583333333333 0.9428819444444445 0.08541666666666667 0.11388888888888889
0 0.5697916666666667 0.9061921296296296 0.11458333333333333 0.18425925925925926
0 0.7028645833333333 0.6605902777777778 0.08072916666666666 0.13055555555555556
0 0.5356770833333333 0.05746527777777778 0.08697916666666666 0.10555555555555556
3 0.3377604166666667 0.8523726851851852 0.12239583333333333 0.22037037037037038
2 0.4848958333333333 0.4521412037037037 0.022916666666666665 0.05740740740740741
2 0.4395833333333333 0.48738425925925927 0.019791666666666666 0.04351851851851852
2 0.23828125 0.16921296296296295 0.0328125 0.050925925925925916
2 0.22317708333333336 0.09079861111111112 0.033854166666666664 0.04722222222222222