0 0.4979166666666667 0.845216049382716 0.09583333333333333 0.16543209876543208
0 0.4878472222222222 0.2612461419753086 0.08194444444444444 0.1506172839506173
0 0.8994791666666666 0.8152006172839507 0.08333333333333333 0.16790123456790124
0 0.9215277777777778 0.5562114197530864 0.05555555555555556 0.10617283950617282
0 0.9539930555555556 0.36994598765432096 0.04861111111111111 0.10864197530864197
0 0.7213541666666667 0.5640239197530864 0.05833333333333333 0.10617283950617282
0 0.6401041666666667 0.7571180555555556 0.05833333333333333 0.11111111111111112
0 0.5303819444444444 0.7067129629629629 0.06388888888888888 0.1259259259259259
0 0.4092013888888889 0.4603395061728395 0.09027777777777776 0.14567901234567898
0 0.6677083333333333 0.21450617283950618 0.06666666666666667 0.07901234567901234
0 0.5795138888888889 0.14965277777777777 0.07777777777777777 0.15555555555555553
3 0.5838541666666667 0.3008873456790123 0.10833333333333332 0.1580246913580247