2 0.7110677083333333 0.2822337962962963 0.053385416666666664 0.055092592592592596
2 0.9268229166666666 0.36788194444444444 0.07864583333333333 0.15138888888888888
2 0.6985677083333333 0.5293981481481482 0.06901041666666666 0.0962962962962963
2 0.57265625 0.7939814814814815 0.0515625 0.07546296296296295
2 0.757421875 0.8752893518518519 0.09921875 0.1537037037037037
2 0.53203125 0.6664930555555555 0.0515625 0.09861111111111111
2 0.33841145833333336 0.7148148148148148 0.05182291666666666 0.11712962962962963
2 0.386328125 0.49785879629629626 0.04765625 0.06759259259259259
2 0.36588541666666663 0.4106481481481482 0.03802083333333333 0.05879629629629629
2 0.359375 0.36984953703703705 0.040625 0.06157407407407407
2 0.27890625 0.5087962962962963 0.0484375 0.08009259259259259
2 0.173046875 0.5414351851851852 0.05859375 0.07037037037037037
2 0.198046875 0.6206597222222222 0.07734375 0.10694444444444444
2 0.063671875 0.4723958333333333 0.06171875 0.07916666666666666