3 0.2720486111111111 0.07798996913580247 0.05972222222222222 0.07160493827160494
2 0.7723958333333333 0.09936342592592592 0.029166666666666664 0.05185185185185185
2 0.7939236111111111 0.03744212962962963 0.034722222222222224 0.059259259259259255
0 0.8413194444444445 0.11986882716049382 0.06388888888888888 0.12098765432098765
0 0.5303819444444444 0.293383487654321 0.07638888888888888 0.10864197530864197
0 0.5331597222222222 0.512866512345679 0.06944444444444445 0.09135802469135802
0 0.3638888888888889 0.7180748456790124 0.05277777777777778 0.1580246913580247
0 0.5503472222222222 0.7276813271604938 0.05694444444444444 0.12098765432098765
0 0.471875 0.9158564814814815 0.075 0.16296296296296295
2 0.2517361111111111 0.7765817901234568 0.034722222222222224 0.046913580246913576
2 0.859375 0.7153163580246914 0.0375 0.04938271604938271
2 0.7086805555555555 0.5982831790123456 0.02361111111111111 0.024691358024691357
3 0.1623263888888889 0.8683063271604938 0.09027777777777776 0.12098765432098765