0 0.17317708333333331 0.5328125 0.024479166666666666 0.05
0 0.16640625 0.4015625 0.0234375 0.05
0 0.6958333333333333 0.34965277777777776 0.03229166666666666 0.05555555555555556
1 0.5684895833333333 0.7828125 0.10260416666666665 0.15
0 0.12760416666666669 0.8457175925925926 0.03645833333333333 0.06018518518518519
0 0.1859375 0.6956018518518519 0.028125 0.0537037037037037
0 0.21432291666666664 0.58125 0.03177083333333333 0.05
0 0.390625 0.6889467592592593 0.028125 0.0685185185185185
0 0.40390625 0.610011574074074 0.0203125 0.04814814814814815
0 0.7927083333333333 0.9432291666666666 0.06354166666666666 0.08333333333333333
0 0.6989583333333333 0.7331018518518518 0.03229166666666666 0.0537037037037037
0 0.8932291666666666 0.5399305555555556 0.03958333333333333 0.0611111111111111
3 0.23359375 0.48171296296296295 0.0515625 0.050925925925925916