2 0.5583333333333333 0.30324074074074076 0.035416666666666666 0.05648148148148148
2 0.4171875 0.7578125 0.028125 0.05
2 0.4317708333333333 0.6526041666666667 0.03229166666666666 0.05833333333333333
2 0.32005208333333335 0.4105902777777778 0.04010416666666666 0.05555555555555556
0 0.5375 0.7553240740740741 0.0625 0.12314814814814815
0 0.503125 0.29380787037037037 0.0375 0.09074074074074073
0 0.5505208333333333 0.17528935185185185 0.035416666666666666 0.0537037037037037
0 0.60390625 0.10983796296296296 0.0265625 0.050925925925925916
0 0.6453125 0.17806712962962962 0.0375 0.059259259259259255
0 0.7557291666666667 0.25283564814814813 0.03333333333333333 0.07129629629629629
0 0.8752604166666667 0.2247685185185185 0.04114583333333333 0.062037037037037036
1 0.19609375 0.1443287037037037 0.1109375 0.0824074074074074