0 0.4835069444444445 0.6954668209876542 0.07638888888888888 0.17530864197530863
0 0.804513888888889 0.31107253086419756 0.11527777777777777 0.12839506172839504
0 0.6711805555555556 0.28641975308641976 0.08611111111111111 0.1728395061728395
0 0.3873263888888889 0.7840277777777778 0.09027777777777776 0.15555555555555553
0 0.3050347222222222 0.6614197530864198 0.10694444444444444 0.1728395061728395
0 0.23559027777777777 0.5913387345679013 0.10555555555555556 0.13580246913580246
0 0.08888888888888888 0.5155092592592593 0.12777777777777777 0.11851851851851851
0 0.18611111111111112 0.3822530864197531 0.1597222222222222 0.23950617283950618
0 0.09461805555555555 0.058179012345679015 0.11111111111111112 0.09135802469135802
0 0.27100694444444445 0.19207175925925926 0.06388888888888888 0.11851851851851851
0 0.34739583333333335 0.30794753086419757 0.07916666666666666 0.12839506172839504
0 0.4920138888888889 0.16082175925925926 0.07777777777777777 0.11851851851851851
0 0.6708333333333333 0.4999614197530864 0.07916666666666666 0.10617283950617282
2 0.4229166666666667 0.5379436728395062 0.05833333333333333 0.07901234567901234