2 0.1736111111111111 0.34758873456790124 0.13472222222222222 0.13580246913580246
0 0.14895833333333333 0.1955439814814815 0.09166666666666666 0.16296296296296295
0 0.21388888888888888 0.2189043209876543 0.11527777777777777 0.17530864197530863
1 0.33350694444444445 0.17162422839506172 0.08888888888888888 0.19012345679012346
2 0.44357638888888895 0.06213348765432099 0.10277777777777777 0.10864197530864197
0 0.3993055555555555 0.16304012345679011 0.08611111111111111 0.11358024691358024
0 0.5121527777777778 0.11666666666666665 0.10555555555555556 0.13333333333333333
2 0.47118055555555555 0.2195408950617284 0.08611111111111111 0.12345679012345678
1 0.66875 0.1086033950617284 0.1375 0.12345679012345678
1 0.703298611111111 0.17390046296296297 0.09722222222222222 0.1259259259259259
0 0.9395833333333334 0.17295524691358025 0.11666666666666665 0.22716049382716047
0 0.8777777777777779 0.2690779320987654 0.13055555555555556 0.19753086419753085
0 0.7472222222222222 0.30765817901234566 0.15694444444444444 0.22469135802469134
0 0.8680555555555556 0.47199074074074077 0.1986111111111111 0.2814814814814815
0 0.3546875 0.3089891975308642 0.1375 0.2617283950617284
0 0.4727430555555555 0.3523148148148148 0.1611111111111111 0.22962962962962963
0 0.44305555555555554 0.5015239197530864 0.1861111111111111 0.3061728395061728
0 0.3631944444444445 0.6465856481481481 0.18888888888888888 0.2962962962962963
0 0.30329861111111106 0.8402584876543211 0.2347222222222222 0.30864197530864196
0 0.13350694444444444 0.905420524691358 0.2513888888888889 0.18271604938271604
2 0.23784722222222224 0.7365933641975309 0.14444444444444443 0.1950617283950617
2 0.6090277777777777 0.8943287037037037 0.28055555555555556 0.2074074074074074