2 0.6380208333333333 0.3587962962962963 0.03854166666666666 0.055092592592592596
2 0.4709635416666667 0.7810185185185186 0.04505208333333333 0.07453703703703704
2 0.5350260416666667 0.7388310185185185 0.04505208333333333 0.07453703703703704
2 0.6813802083333333 0.7177083333333333 0.053385416666666664 0.09166666666666666
2 0.677734375 0.6170717592592593 0.05234375 0.08101851851851852
2 0.759765625 0.6349537037037037 0.04765625 0.0824074074074074
2 0.6760416666666667 0.8544560185185185 0.04583333333333333 0.07453703703703704
2 0.7516927083333333 0.783275462962963 0.04401041666666666 0.07592592592592592
2 0.562109375 0.96875 0.05546875 0.0625
2 0.70078125 0.9601273148148148 0.0671875 0.07962962962962963
2 0.9248697916666666 0.39675925925925926 0.05598958333333333 0.05601851851851851
2 0.8092447916666666 0.2532986111111111 0.03723958333333333 0.04722222222222222
2 0.5424479166666667 0.4759837962962963 0.034895833333333334 0.04259259259259259