0 0.20525568181818182 0.8602430555555556 0.06676136363636363 0.09548611111111112
0 0.3950284090909091 0.8397569444444445 0.06818181818181818 0.12326388888888888
0 0.5789772727272727 0.6104166666666667 0.07670454545454544 0.06770833333333334
0 0.7502840909090909 0.7081597222222222 0.08806818181818181 0.11631944444444445
0 0.7629261363636364 0.9359375 0.06960227272727273 0.109375
0 0.7626420454545454 0.8378472222222222 0.044034090909090905 0.10069444444444445
0 0.5617897727272727 0.4171875 0.06107954545454545 0.09375
0 0.6123579545454546 0.34496527777777775 0.06534090909090909 0.08680555555555555
0 0.5316761363636363 0.12274305555555556 0.06960227272727273 0.07986111111111112
0 0.4453125 0.1717013888888889 0.0625 0.07465277777777778
0 0.4251420454545454 0.23125 0.059659090909090905 0.078125
0 0.4005681818181818 0.34357638888888886 0.06676136363636363 0.09027777777777778
0 0.26917613636363635 0.3060763888888889 0.06960227272727273 0.10590277777777779
0 0.14659090909090908 0.33836805555555555 0.09943181818181818 0.07986111111111112