0 0.2450520833333333 0.640451388888889 0.10885416666666665 0.17777777777777776
0 0.12890625 0.9637731481481481 0.1203125 0.07129629629629629
0 0.4296875 0.8368055555555556 0.078125 0.1361111111111111
0 0.7697916666666667 0.20711805555555554 0.08645833333333333 0.11111111111111112
0 0.8783854166666666 0.14375 0.09739583333333332 0.175
0 0.9002604166666666 0.037557870370370366 0.08489583333333332 0.06574074074074074
3 0.9479166666666666 0.671238425925926 0.10208333333333333 0.20185185185185187
3 0.8013020833333334 0.7190972222222223 0.07447916666666667 0.14444444444444443
3 0.4072916666666667 0.6949074074074074 0.12395833333333332 0.2148148148148148
3 0.34322916666666664 0.3320023148148148 0.06145833333333332 0.10462962962962963
2 0.6096354166666667 0.3868055555555555 0.03177083333333333 0.0611111111111111
2 0.4161458333333333 0.29149305555555555 0.026041666666666664 0.0611111111111111
2 0.33489583333333334 0.2243634259259259 0.026041666666666664 0.05185185185185185