0 0.7033854166666667 0.2134259259259259 0.03802083333333333 0.05185185185185185
0 0.4130208333333333 0.18425925925925926 0.026041666666666664 0.04351851851851852
0 0.27109375 0.477199074074074 0.0328125 0.04814814814814815
0 0.45234375 0.3111111111111111 0.0390625 0.04722222222222222
0 0.85 0.6418981481481482 0.04375 0.046296296296296294
3 0.18984375 0.5907407407407408 0.0578125 0.05648148148148148
3 0.3731770833333333 0.6971064814814815 0.043229166666666666 0.06296296296296296
3 0.4611979166666667 0.6394675925925926 0.056770833333333326 0.06018518518518519
1 0.6432291666666667 0.4081018518518518 0.08333333333333333 0.0537037037037037
1 0.5244791666666667 0.5414351851851852 0.05208333333333333 0.09537037037037036
1 0.35078125 0.9076388888888889 0.0859375 0.12777777777777777
3 0.7658854166666667 0.1916087962962963 0.06927083333333332 0.06759259259259259
0 0.35208333333333336 0.36736111111111114 0.029166666666666664 0.04722222222222222
0 0.29817708333333337 0.4994791666666667 0.033854166666666664 0.03333333333333333