2 0.35659722222222223 0.40108024691358024 0.03194444444444444 0.027160493827160494
1 0.11944444444444444 0.5128086419753086 0.10138888888888889 0.1506172839506173
1 0.47152777777777777 0.42843364197530864 0.13055555555555556 0.1506172839506173
1 0.5923611111111111 0.2029128086419753 0.08472222222222223 0.08395061728395062
1 0.8638888888888889 0.3909336419753086 0.09027777777777776 0.1506172839506173
1 0.7506944444444444 0.5061342592592593 0.1388888888888889 0.11851851851851851
1 0.9168402777777779 0.6232445987654321 0.13055555555555556 0.1308641975308642
1 0.4609375 0.6279320987654321 0.275 0.1308641975308642
1 0.46336805555555555 0.7297453703703705 0.2361111111111111 0.14074074074074075
1 0.6694444444444445 0.7184220679012345 0.1638888888888889 0.20246913580246914
1 0.8913194444444444 0.8563657407407408 0.21388888888888888 0.2814814814814815