0 0.07388011945392492 0.37552083333333336 0.029010238907849827 0.04791666666666666
0 0.2146704351535836 0.18125 0.06996587030716724 0.0625
0 0.4809940273037543 0.07135416666666666 0.04948805460750853 0.05208333333333333
0 0.4138065273037543 0.1234375 0.04948805460750853 0.075
0 0.36139078498293514 0.14583333333333331 0.04778156996587031 0.05416666666666666
0 0.3278690273037543 0.09114583333333333 0.04948805460750853 0.05416666666666666
0 0.2994560580204778 0.1234375 0.042662116040955635 0.05
0 0.31324125426621163 0.19635416666666666 0.05460750853242321 0.05833333333333333
0 0.27801301194539246 0.25260416666666663 0.05290102389078498 0.07083333333333333
0 0.2939153156996587 0.3848958333333333 0.040955631399317405 0.06041666666666666
0 0.2622440273037543 0.3729166666666667 0.04948805460750853 0.05833333333333333
0 0.27673848122866895 0.4692708333333333 0.059726962457337884 0.05416666666666666
0 0.2771597696245734 0.5276041666666667 0.05119453924914676 0.05208333333333333
0 0.40372226962457336 0.3921875 0.05119453924914676 0.04375
0 0.36295328498293516 0.3875 0.04778156996587031 0.05
0 0.4473389505119454 0.4546875 0.06655290102389079 0.05
0 0.4038555887372014 0.5234375 0.03583617747440273 0.0625
0 0.529287542662116 0.3265625 0.04607508532423209 0.05
0 0.5754532849829351 0.4598958333333333 0.04778156996587031 0.07291666666666666
0 0.6920755119453925 0.1546875 0.05290102389078498 0.075
0 0.1327005119453925 0.7375 0.05290102389078498 0.0375
0 0.21210004266211607 0.7458333333333333 0.04607508532423209 0.041666666666666664
0 0.17460004266211604 0.7223958333333333 0.04607508532423209 0.05416666666666666
0 0.09718430034129692 0.7807291666666667 0.04436860068259386 0.04583333333333333
0 0.03568152730375427 0.8229166666666666 0.04948805460750853 0.07083333333333333
0 0.0811380119453925 0.2890625 0.05290102389078498 0.0875
0 0.17574125426621162 0.30833333333333335 0.05460750853242321 0.06666666666666667
0 0.06977922354948805 0.21614583333333334 0.061433447098976114 0.07291666666666666
0 0.04491254266211604 0.16927083333333331 0.04607508532423209 0.07916666666666666