0 0.68359375 0.3183449074074074 0.0296875 0.03981481481481482
0 0.8184895833333334 0.5834490740740741 0.024479166666666666 0.04814814814814815
0 0.5549479166666667 0.20173611111111112 0.02239583333333333 0.04722222222222222
2 0.4606770833333333 0.5747685185185185 0.018229166666666664 0.037037037037037035
0 0.1375 0.8548032407407407 0.125 0.18148148148148147
0 0.08984375 0.41163194444444445 0.0796875 0.08888888888888888
0 0.06276041666666667 0.48975694444444445 0.04739583333333333 0.08888888888888888
0 0.55390625 0.49670138888888893 0.0453125 0.07777777777777777
0 0.6955729166666667 0.6221643518518518 0.028645833333333332 0.0537037037037037
0 0.6731770833333333 0.5733217592592592 0.03697916666666666 0.0685185185185185
0 0.4505208333333333 0.2995949074074074 0.026041666666666664 0.03981481481481482
0 0.14322916666666669 0.2445601851851852 0.04895833333333333 0.07037037037037037
1 0.37213541666666666 0.5447337962962963 0.11614583333333332 0.16759259259259257
1 0.4895833333333333 0.9656828703703704 0.08854166666666666 0.06574074074074074