1 0.3940972222222222 0.2530285493827161 0.05694444444444444 0.16543209876543208
2 0.5149305555555556 0.3226466049382716 0.03611111111111111 0.0765432098765432
2 0.35104166666666664 0.7820987654320988 0.03333333333333333 0.06419753086419752
2 0.04444444444444444 0.8455825617283951 0.05138888888888889 0.05679012345679012
0 0.5147569444444444 0.9671296296296296 0.05138888888888889 0.059259259259259255
0 0.42777777777777776 0.6825231481481482 0.043055555555555555 0.0962962962962963
0 0.5609375 0.5928819444444444 0.05 0.08888888888888888
0 0.7215277777777778 0.8157793209876543 0.10555555555555556 0.17530864197530863
0 0.6418402777777777 0.7370563271604939 0.05555555555555556 0.12098765432098765
0 0.5828125 0.7424768518518519 0.0375 0.1037037037037037
3 0.39375 0.787133487654321 0.0625 0.10864197530864197
3 0.4762152777777778 0.3086033950617284 0.05555555555555556 0.12345679012345678