3 0.9252604166666666 0.7457754629629629 0.07239583333333333 0.07592592592592592
1 0.4833333333333333 0.6524884259259259 0.12291666666666665 0.17685185185185184
1 0.6984375 0.8811921296296296 0.1 0.23425925925925925
0 0.23098958333333336 0.9661458333333334 0.04010416666666666 0.06666666666666667
0 0.5630208333333333 0.609548611111111 0.03854166666666666 0.04722222222222222
0 0.8083333333333333 0.5718171296296296 0.04791666666666666 0.059259259259259255
0 0.9799479166666666 0.5993055555555555 0.03802083333333333 0.0611111111111111
0 0.9236979166666666 0.5693287037037037 0.03802083333333333 0.05740740740740741
0 0.8606770833333334 0.5520833333333333 0.027604166666666662 0.041666666666666664
0 0.8526041666666666 0.5046875 0.02708333333333333 0.05
0 0.5989583333333333 0.31082175925925926 0.03854166666666666 0.0685185185185185
0 0.19817708333333334 0.5846643518518518 0.05260416666666666 0.07870370370370369
0 0.23515625 0.42060185185185184 0.0328125 0.0537037037037037
0 0.3963541666666667 0.2404513888888889 0.04583333333333333 0.05277777777777778
0 0.39036458333333335 0.18697916666666664 0.03697916666666666 0.05833333333333333
0 0.34010416666666665 0.21793981481481478 0.03958333333333333 0.054629629629629625
0 0.32526041666666666 0.1541087962962963 0.028645833333333332 0.04259259259259259
0 0.28020833333333334 0.1734375 0.029166666666666664 0.05