3 0.5997395833333333 0.827951388888889 0.10572916666666665 0.20277777777777778
3 0.7541666666666667 0.9186921296296295 0.07395833333333332 0.15925925925925927
3 0.85859375 0.8969907407407407 0.0921875 0.13148148148148148
3 0.89375 0.7244791666666667 0.046875 0.13333333333333333
3 0.92734375 0.5751157407407408 0.1453125 0.15648148148148147
3 0.8671875 0.44774305555555555 0.1125 0.1861111111111111
3 0.7765625 0.5618055555555556 0.109375 0.1861111111111111
3 0.7682291666666667 0.38032407407407404 0.08645833333333333 0.14814814814814814
3 0.8216145833333334 0.21875 0.06822916666666666 0.15
3 0.7291666666666667 0.2587962962962963 0.08958333333333332 0.14259259259259258
3 0.459375 0.8722800925925925 0.09375 0.18518518518518517
3 0.50703125 0.7409722222222223 0.0859375 0.14444444444444443
3 0.4828125 0.6247685185185186 0.084375 0.137037037037037
3 0.36302083333333335 0.5368055555555555 0.09166666666666666 0.1361111111111111
3 0.3140625 0.6221643518518518 0.059375 0.07870370370370369
3 0.22135416666666666 0.8749421296296296 0.08645833333333333 0.15925925925925927
3 0.17239583333333333 0.5622685185185186 0.08854166666666666 0.11203703703703702
3 0.21536458333333336 0.39056712962962964 0.06510416666666666 0.13425925925925924
3 0.4380208333333333 0.3603587962962963 0.08541666666666667 0.11759259259259258
3 0.5140625 0.34074074074074073 0.0875 0.10648148148148147
3 0.6236979166666667 0.18819444444444444 0.04739583333333333 0.06388888888888888
3 0.06666666666666667 0.2974537037037037 0.05833333333333333 0.1074074074074074
3 0.6390625 0.5827546296296295 0.0625 0.10925925925925925
3 0.6666666666666667 0.34184027777777776 0.06458333333333333 0.13055555555555556
1 0.91953125 0.25653935185185184 0.1296875 0.1287037037037037
0 0.3671875 0.9178819444444445 0.05625 0.1388888888888889
0 0.3536458333333333 0.7693865740740741 0.057291666666666664 0.09814814814814814
0 0.290625 0.7075231481481482 0.046875 0.07129629629629629
0 0.21223958333333334 0.6704282407407407 0.058854166666666666 0.10648148148148147
0 0.6078125 0.5125578703703704 0.08125 0.11574074074074074
0 0.6848958333333333 0.453761574074074 0.07604166666666666 0.14814814814814814
0 0.596875 0.3872685185185185 0.0625 0.11203703703703702
0 0.5466145833333333 0.0875 0.07447916666666667 0.1
0 0.4927083333333333 0.17471064814814813 0.057291666666666664 0.0962962962962963
0 0.41953125 0.2571759259259259 0.0703125 0.12685185185185183
0 0.3703125 0.1109375 0.0625 0.125
0 0.31223958333333335 0.24739583333333331 0.06822916666666666 0.11666666666666665
0 0.25677083333333334 0.12818287037037038 0.08229166666666667 0.14074074074074075
3 0.4765625 0.08420138888888888 0.06875 0.07777777777777777
3 0.03697916666666666 0.49826388888888895 0.05833333333333333 0.10277777777777777
3 0.11901041666666665 0.344212962962963 0.05052083333333333 0.1259259259259259
3 0.18515625 0.22042824074074074 0.0515625 0.13148148148148148
3 0.10807291666666666 0.7982638888888889 0.09427083333333333 0.10277777777777777
3 0.4317708333333333 0.719212962962963 0.06041666666666666 0.1259259259259259