0 0.4256944444444445 0.12768132716049382 0.08888888888888888 0.12098765432098765
2 0.8472222222222221 0.27565586419753085 0.14444444444444443 0.1950617283950617
2 0.9456597222222222 0.4301890432098766 0.10694444444444444 0.21975308641975308
2 0.8149305555555555 0.46371527777777777 0.14861111111111108 0.15555555555555553
2 0.74375 0.34635416666666663 0.075 0.13333333333333333
0 0.7050347222222222 0.08097993827160493 0.09444444444444444 0.14320987654320988
0 0.773611111111111 0.11240354938271604 0.10972222222222221 0.16543209876543208
0 0.7133680555555555 0.225366512345679 0.08611111111111111 0.09135802469135802
0 0.6043402777777778 0.2108989197530864 0.09305555555555554 0.10617283950617282
0 0.5675347222222222 0.11477623456790123 0.08194444444444444 0.13580246913580246
0 0.49409722222222224 0.20688657407407404 0.10694444444444444 0.14814814814814814
0 0.678125 0.4200231481481481 0.1875 0.2962962962962963
0 0.6227430555555555 0.6179591049382716 0.1736111111111111 0.2765432098765432
0 0.3454861111111111 0.2508680555555555 0.08472222222222223 0.11111111111111112
0 0.20694444444444446 0.22972608024691357 0.07638888888888888 0.09382716049382715
0 0.2359375 0.328761574074074 0.0875 0.14814814814814814
2 0.24409722222222224 0.25611496913580245 0.08194444444444444 0.07160493827160494
2 0.4140625 0.2130401234567901 0.075 0.11358024691358024
2 0.39340277777777777 0.35270061728395063 0.09305555555555554 0.16790123456790124
0 0.3314236111111111 0.4091242283950617 0.09722222222222222 0.19012345679012346
0 0.17916666666666664 0.4622299382716049 0.12083333333333332 0.14320987654320988
0 0.22569444444444448 0.7304591049382716 0.1638888888888889 0.2765432098765432
0 0.2208333333333333 0.8987654320987655 0.16666666666666666 0.19753086419753085
1 0.5201388888888889 0.2880594135802469 0.11527777777777777 0.16049382716049382
1 0.4666666666666667 0.4024498456790123 0.07083333333333333 0.1580246913580247
1 0.26805555555555555 0.4184992283950617 0.0736111111111111 0.19012345679012346
1 0.2092013888888889 0.5732638888888889 0.06527777777777778 0.17777777777777776
1 0.2965277777777778 0.611400462962963 0.10555555555555556 0.1259259259259259
2 0.11788194444444444 0.6290316358024691 0.11388888888888889 0.20493827160493824
2 0.4097222222222222 0.7471257716049383 0.13194444444444445 0.20987654320987653
1 0.32621527777777776 0.8478202160493827 0.10555555555555556 0.29876543209876544
1 0.4625 0.6132137345679013 0.1875 0.13580246913580246
1 0.7506944444444444 0.6597608024691357 0.2013888888888889 0.3382716049382716
1 0.9069444444444444 0.6330054012345678 0.17638888888888887 0.2691358024691358
1 0.4887152777777778 0.8370563271604938 0.13055555555555556 0.32098765432098764
1 0.7996527777777778 0.9006558641975309 0.33055555555555555 0.1950617283950617
1 0.5840277777777778 0.8797839506172839 0.10555555555555556 0.2345679012345679