2 0.963671875 0.8942708333333333 0.04609375 0.07916666666666666
2 0.9274739583333333 0.8540509259259259 0.04869791666666666 0.06435185185185185
2 0.13736979166666666 0.46215277777777775 0.06223958333333333 0.06805555555555555
2 0.027604166666666662 0.7799189814814815 0.055208333333333325 0.08796296296296295
2 0.33294270833333334 0.46359953703703705 0.05026041666666666 0.06157407407407407
2 0.3904947916666667 0.4541666666666667 0.04036458333333333 0.07083333333333333
2 0.36888020833333335 0.4020833333333333 0.04401041666666666 0.06666666666666667
2 0.2984375 0.329224537037037 0.0375 0.06157407407407407
2 0.62109375 0.712673611111111 0.0984375 0.17222222222222222
2 0.6713541666666667 0.743113425925926 0.06145833333333332 0.10185185185185183
2 0.6555989583333333 0.7810185185185186 0.05807291666666666 0.11203703703703702
2 0.6805989583333333 0.8454282407407406 0.05807291666666666 0.09398148148148147
2 0.8838541666666666 0.7574074074074074 0.08645833333333333 0.11481481481481481
2 0.4033854166666667 0.9190393518518519 0.06927083333333332 0.1412037037037037
2 0.9575520833333334 0.6266203703703704 0.06510416666666666 0.10324074074074074
2 0.96796875 0.53515625 0.0640625 0.1296875
1 0.8274739583333334 0.6665509259259259 0.09557291666666666 0.06435185185185185
2 0.48671875 0.3508101851851852 0.0453125 0.05787037037037037
2 0.430859375 0.3458333333333333 0.04296875 0.05416666666666666
2 0.407421875 0.3191550925925926 0.04609375 0.04768518518518518
2 0.427734375 0.17152777777777778 0.04609375 0.05555555555555556
2 0.3907552083333333 0.20607638888888888 0.03463541666666666 0.05277777777777778
2 0.146484375 0.14456018518518518 0.03671875 0.045370370370370366
2 0.26471354166666666 0.5105902777777778 0.04817708333333333 0.043055555555555555
2 0.25130208333333337 0.476099537037037 0.043229166666666666 0.04907407407407407
2 0.6842447916666667 0.2670138888888889 0.05598958333333333 0.07777777777777777
2 0.8653645833333334 0.3476851851851852 0.043229166666666666 0.05787037037037037
2 0.854296875 0.40873842592592596 0.06171875 0.08935185185185185
2 0.8766927083333333 0.49074074074074076 0.06588541666666667 0.06898148148148148
2 0.8838541666666666 0.5246527777777777 0.055208333333333325 0.05555555555555556
2 0.473828125 0.2242476851851852 0.03203125 0.05787037037037037