0 0.6635416666666667 0.6285300925925925 0.03333333333333333 0.03518518518518519
0 0.7453125 0.7663773148148147 0.028125 0.054629629629629625
0 0.5153645833333333 0.6108217592592593 0.027604166666666662 0.04351851851851852
0 0.9364583333333334 0.9548032407407406 0.051041666666666666 0.08148148148148147
0 0.15494791666666669 0.3980324074074074 0.03177083333333333 0.06481481481481481
0 0.38802083333333337 0.7153935185185185 0.03854166666666666 0.062037037037037036
0 0.29296875 0.7793981481481482 0.0359375 0.046296296296296294
0 0.2911458333333333 0.7167824074074074 0.029166666666666664 0.03981481481481482
0 0.396875 0.9563657407407407 0.046875 0.05648148148148148
0 0.5463541666666667 0.9316550925925926 0.06770833333333333 0.11018518518518519
0 0.63671875 0.8200810185185186 0.0453125 0.062037037037037036
3 0.11432291666666665 0.44982638888888893 0.05364583333333332 0.05277777777777778