3 0.8612847222222222 0.2478973765432099 0.05694444444444444 0.08641975308641975
3 0.8739583333333334 0.351195987654321 0.07916666666666666 0.10864197530864197
3 0.8463541666666666 0.40802469135802466 0.05833333333333333 0.11604938271604937
3 0.8600694444444444 0.6836998456790123 0.06388888888888888 0.1580246913580247
3 0.962673611111111 0.7712770061728395 0.07222222222222222 0.14567901234567898
3 0.8295138888888889 0.8943287037037037 0.10277777777777777 0.2074074074074074
3 0.6739583333333333 0.17611882716049382 0.05416666666666666 0.12098765432098765
3 0.5182291666666667 0.052507716049382716 0.08333333333333333 0.09876543209876543
3 0.21423611111111113 0.20003858024691357 0.07222222222222222 0.09382716049382715
3 0.2673611111111111 0.27660108024691354 0.07222222222222222 0.09382716049382715
3 0.5081597222222223 0.4265239197530864 0.05694444444444444 0.10617283950617282
3 0.5744791666666667 0.4013695987654321 0.08333333333333333 0.1308641975308642
3 0.6168402777777777 0.43568672839506173 0.06805555555555555 0.19012345679012346
3 0.3555555555555555 0.43090277777777775 0.09861111111111111 0.15555555555555553
3 0.5399305555555556 0.568383487654321 0.04861111111111111 0.10864197530864197
3 0.33819444444444446 0.6210262345679013 0.08888888888888888 0.13580246913580246
3 0.2791666666666667 0.7261959876543209 0.07083333333333333 0.10864197530864197
3 0.4092013888888889 0.7921103395061728 0.12777777777777777 0.21234567901234563
3 0.2730902777777778 0.8866705246913581 0.10555555555555556 0.18271604938271604
3 0.39652777777777776 0.9497106481481481 0.10555555555555556 0.0962962962962963
0 0.6314236111111111 0.0611304012345679 0.04722222222222222 0.0691358024691358
0 0.7371527777777778 0.17816358024691356 0.05555555555555556 0.09382716049382715
0 0.9128472222222221 0.17824074074074076 0.05694444444444444 0.08148148148148147
0 0.5409722222222222 0.24691358024691357 0.05694444444444444 0.09382716049382715
0 0.6340277777777777 0.2783371913580247 0.08055555555555555 0.11604938271604937
0 0.7105902777777777 0.32980324074074074 0.06805555555555555 0.08148148148148147
0 0.7815972222222223 0.3759452160493827 0.06944444444444445 0.09876543209876543
0 0.6991319444444445 0.4217592592592593 0.07638888888888888 0.11851851851851851
0 0.7684027777777778 0.49076003086419756 0.06805555555555555 0.12839506172839504
0 0.7229166666666667 0.7096836419753086 0.04583333333333333 0.1506172839506173
0 0.6993055555555555 0.5771026234567901 0.0736111111111111 0.11358024691358024
0 0.7848958333333333 0.6412422839506172 0.06666666666666667 0.10123456790123457
0 0.7822916666666667 0.7814621913580246 0.05833333333333333 0.11604938271604937
0 0.4734375 0.9285108024691358 0.1 0.1382716049382716
0 0.4756944444444445 0.6419174382716049 0.07638888888888888 0.14320987654320988
0 0.5602430555555555 0.820216049382716 0.08611111111111111 0.16543209876543208
0 0.6763888888888889 0.8907021604938272 0.10277777777777777 0.1876543209876543
0 0.7376736111111111 0.8953703703703704 0.034722222222222224 0.14074074074074075
0 0.5638888888888889 0.6858410493827161 0.07777777777777777 0.16543209876543208
0 0.6605902777777778 0.711574074074074 0.09305555555555554 0.14814814814814814
2 0.5055555555555555 0.1014081790123457 0.02361111111111111 0.024691358024691357
2 0.35677083333333337 0.013001543209876542 0.029166666666666664 0.019753086419753086
2 0.7838541666666667 0.26005015432098766 0.020833333333333332 0.04197530864197531
2 0.60625 0.9409722222222221 0.025 0.04444444444444444
0 0.2876736111111111 0.1771797839506173 0.05972222222222222 0.10123456790123457
3 0.16197916666666665 0.7243055555555555 0.05833333333333333 0.11111111111111112