3 0.8293402777777779 0.3833526234567901 0.08055555555555555 0.11358024691358024
3 0.32864583333333336 0.3599151234567901 0.06666666666666667 0.11358024691358024
3 0.3630208333333333 0.5896412037037038 0.12916666666666665 0.2074074074074074
0 0.07621527777777778 0.3199652777777778 0.10555555555555556 0.15555555555555553
2 0.10052083333333332 0.7677276234567901 0.07916666666666666 0.11358024691358024
2 0.31475694444444446 0.5857445987654322 0.05138888888888889 0.1308641975308642
2 0.513888888888889 0.8226658950617283 0.07777777777777777 0.12345679012345678
2 0.6402777777777777 0.9244020061728395 0.05555555555555556 0.14567901234567898
2 0.742361111111111 0.2091628086419753 0.04722222222222222 0.08395061728395062
2 0.7269097222222223 0.5129436728395061 0.03194444444444444 0.07901234567901234
2 0.48888888888888893 0.468113425925926 0.02777777777777778 0.05185185185185185
2 0.17725694444444445 0.4635223765432099 0.05138888888888889 0.08641975308641975
1 0.4536458333333333 0.6084104938271604 0.06666666666666667 0.254320987654321