0 0.16484375 0.42355324074074074 0.0328125 0.05648148148148148
0 0.23489583333333336 0.30752314814814813 0.026041666666666664 0.046296296296296294
0 0.21927083333333336 0.23761574074074074 0.026041666666666664 0.03148148148148148
0 0.253125 0.18975694444444444 0.03125 0.03888888888888888
0 0.3125 0.21296296296296297 0.028125 0.050925925925925916
0 0.39921875 0.09508101851851851 0.0234375 0.037037037037037035
0 0.4682291666666667 0.1634837962962963 0.03645833333333333 0.04259259259259259
0 0.4963541666666667 0.08871527777777778 0.03020833333333333 0.05555555555555556
0 0.7341145833333333 0.2581597222222222 0.043229166666666666 0.06944444444444445
0 0.8213541666666666 0.3113425925925926 0.06145833333333332 0.08518518518518518
0 0.86640625 0.24693287037037037 0.0484375 0.09074074074074073
0 0.7471354166666667 0.7263310185185186 0.06927083333333332 0.137037037037037
0 0.6197916666666667 0.8174189814814815 0.07708333333333332 0.13796296296296295