3 0.88671875 0.9637731481481481 0.0984375 0.07129629629629629
3 0.25390625 0.8486689814814815 0.0734375 0.11296296296296296
0 0.04817708333333333 0.3421875 0.033854166666666664 0.05
0 0.10208333333333333 0.2767939814814815 0.026041666666666664 0.03796296296296296
0 0.11901041666666667 0.24618055555555554 0.028645833333333332 0.03611111111111111
0 0.153125 0.28489583333333335 0.034375 0.06666666666666667
0 0.27864583333333337 0.47280092592592593 0.041666666666666664 0.05185185185185185
0 0.7403645833333333 0.7045138888888889 0.03697916666666666 0.05277777777777778
0 0.8059895833333334 0.708912037037037 0.043229166666666666 0.04907407407407407
0 0.7611979166666667 0.8946180555555555 0.05052083333333333 0.08611111111111111
0 0.38255208333333335 0.8462384259259259 0.049479166666666664 0.07685185185185185