1 0.5638888888888889 0.2813850308641975 0.04027777777777777 0.12839506172839504
2 0.16336805555555556 0.47586805555555556 0.0736111111111111 0.11111111111111112
0 0.8552083333333333 0.8563657407407408 0.22916666666666666 0.2814814814814815
0 0.8815972222222221 0.6815200617283951 0.16944444444444445 0.2567901234567901
1 0.7762152777777778 0.6000385802469136 0.10555555555555556 0.09382716049382715
1 0.79375 0.5465277777777777 0.25 0.15555555555555553
1 0.6284722222222222 0.5439621913580247 0.15694444444444444 0.11604938271604937
2 0.7324652777777778 0.7138310185185185 0.14305555555555555 0.23703703703703702
2 0.6053819444444445 0.6166859567901234 0.12638888888888888 0.18024691358024691
1 0.15052083333333333 0.934837962962963 0.22916666666666666 0.1259259259259259
0 0.7477430555555555 0.4374807098765432 0.11111111111111112 0.1530864197530864
0 0.8527777777777779 0.43223379629629627 0.11805555555555555 0.1925925925925926
2 0.7932291666666667 0.33630401234567897 0.10833333333333332 0.09135802469135802
1 0.7793402777777778 0.29347993827160496 0.08055555555555555 0.14320987654320988
1 0.9182291666666667 0.24660493827160496 0.14583333333333331 0.14320987654320988
1 0.8319444444444445 0.15711805555555555 0.12638888888888888 0.11111111111111112
2 0.6534722222222222 0.3979938271604938 0.13194444444444445 0.12098765432098765
0 0.628125 0.3338541666666667 0.0875 0.13333333333333333
0 0.7291666666666667 0.17498070987654318 0.08333333333333333 0.1530864197530864
0 0.05572916666666666 0.8486111111111111 0.10833333333333332 0.22222222222222224
2 0.06927083333333332 0.6946566358024692 0.10416666666666666 0.20493827160493824
0 0.17604166666666665 0.5972608024691357 0.09583333333333333 0.1382716049382716
0 0.4875 0.5691550925925926 0.1125 0.18518518518518517
0 0.3758680555555555 0.5215277777777778 0.08611111111111111 0.15555555555555553
1 0.38125 0.4132716049382716 0.075 0.0765432098765432
1 0.32083333333333336 0.4214313271604938 0.06666666666666667 0.12098765432098765
0 0.42326388888888894 0.38582175925925927 0.07777777777777777 0.11851851851851851
2 0.2640625 0.547511574074074 0.0875 0.14814814814814814
2 0.0828125 0.5205246913580247 0.0875 0.11604938271604937
0 0.04826388888888889 0.4533371913580247 0.06527777777777778 0.11604938271604937
0 0.25121527777777775 0.4090856481481482 0.06805555555555555 0.0962962962962963
0 0.20069444444444445 0.3285686728395062 0.06388888888888888 0.07901234567901234
1 0.4451388888888889 0.2822723765432099 0.09027777777777776 0.08641975308641975
1 0.4423611111111111 0.2288966049382716 0.09722222222222222 0.0765432098765432
0 0.531423611111111 0.2377314814814815 0.09722222222222222 0.16296296296296295
0 0.6319444444444444 0.16319444444444445 0.05138888888888889 0.08888888888888888
0 0.27881944444444445 0.301195987654321 0.06388888888888888 0.10864197530864197
2 0.2013888888888889 0.7908757716049383 0.14027777777777778 0.20987654320987653
0 0.5074652777777777 0.07471064814814814 0.043055555555555555 0.0962962962962963