0 0.3104166666666667 0.33877314814814813 0.02708333333333333 0.046296296296296294
3 0.6528645833333333 0.6531828703703704 0.06822916666666666 0.09074074074074073
0 0.4783854166666667 0.826388888888889 0.04739583333333333 0.07777777777777777
0 0.4341145833333333 0.8378472222222222 0.043229166666666666 0.06944444444444445
0 0.58984375 0.6803819444444444 0.0390625 0.08888888888888888
0 0.6 0.5752893518518518 0.046875 0.07870370370370369
0 0.8684895833333334 0.2541087962962963 0.049479166666666664 0.06759259259259259
0 0.9125 0.0933449074074074 0.053125 0.08981481481481482
0 0.65390625 0.14369212962962963 0.0515625 0.059259259259259255
0 0.2635416666666667 0.7388888888888889 0.03645833333333333 0.05277777777777778
0 0.22734375 0.6368055555555555 0.0359375 0.0611111111111111
0 0.19453125 0.6603009259259259 0.0265625 0.02685185185185185
0 0.20390625 0.592013888888889 0.0390625 0.05277777777777778