0 0.11640625 0.33078703703703705 0.0359375 0.04907407407407407
0 0.7408854166666667 0.3686921296296296 0.04739583333333333 0.08425925925925926
1 0.3356770833333333 0.5512152777777778 0.10885416666666665 0.08055555555555555
0 0.1984375 0.4248263888888889 0.0375 0.05277777777777778
0 0.228125 0.15949074074074074 0.021875 0.05648148148148148
0 0.35104166666666664 0.04369212962962963 0.03020833333333333 0.03425925925925925
0 0.37447916666666664 0.20127314814814815 0.03020833333333333 0.046296296296296294
0 0.56171875 0.2394675925925926 0.0359375 0.03518518518518519
0 0.62265625 0.37743055555555555 0.0359375 0.0611111111111111
0 0.15885416666666666 0.8450810185185185 0.06458333333333333 0.11203703703703702
1 0.8403645833333334 0.5307291666666667 0.08072916666666666 0.13333333333333333