2 0.20347222222222222 0.7425347222222223 0.03194444444444444 0.04444444444444444
0 0.05381944444444444 0.2169753086419753 0.05138888888888889 0.08395061728395062
0 0.2626736111111111 0.18842592592592594 0.04722222222222222 0.05185185185185185
0 0.28229166666666666 0.2892554012345679 0.03333333333333333 0.0691358024691358
0 0.3402777777777778 0.3398341049382716 0.03055555555555555 0.0765432098765432
0 0.3506944444444445 0.5561149691358025 0.03888888888888888 0.07160493827160494
0 0.47725694444444444 0.42880015432098767 0.02638888888888889 0.04197530864197531
0 0.6229166666666667 0.4302854938271605 0.020833333333333332 0.05432098765432099
0 0.721875 0.43628472222222225 0.025 0.04444444444444444
0 0.884375 0.6593171296296296 0.0375 0.059259259259259255
0 0.8395833333333333 0.841724537037037 0.041666666666666664 0.07407407407407407
0 0.7182291666666667 0.9054591049382716 0.05833333333333333 0.0765432098765432
1 0.1388888888888889 0.9266203703703704 0.14027777777777778 0.14074074074074075
1 0.48628472222222224 0.6431134259259259 0.09444444444444444 0.05185185185185185
1 0.5885416666666667 0.7280671296296296 0.08333333333333333 0.059259259259259255
1 0.7296875 0.7186342592592593 0.125 0.11851851851851851