1 0.7614583333333333 0.21203703703703702 0.05416666666666666 0.07407407407407407
0 0.63515625 0.2346064814814815 0.0265625 0.06296296296296296
3 0.6565104166666667 0.2087384259259259 0.03802083333333333 0.05185185185185185
0 0.8830729166666667 0.15248842592592593 0.028645833333333332 0.05185185185185185
0 0.9638020833333334 0.22083333333333335 0.043229166666666666 0.06666666666666667
0 0.7028645833333333 0.12332175925925926 0.027604166666666662 0.04351851851851852
0 0.7356770833333333 0.3480902777777778 0.03697916666666666 0.05555555555555556
0 0.9528645833333333 0.8478587962962963 0.05572916666666666 0.09259259259259259
0 0.5536458333333333 0.3257523148148148 0.029166666666666664 0.054629629629629625
0 0.6729166666666667 0.5182291666666667 0.03333333333333333 0.05833333333333333
0 0.071875 0.16417824074074075 0.034375 0.05648148148148148
3 0.3671875 0.04415509259259259 0.065625 0.06018518518518519
1 0.6700520833333333 0.79375 0.14010416666666664 0.1
1 0.4080729166666667 0.3707175925925926 0.08489583333333332 0.06018518518518519
1 0.5885416666666667 0.24918981481481478 0.05833333333333333 0.054629629629629625