3 0.8890625 0.3979938271604938 0.0875 0.12098765432098765
3 0.9744791666666666 0.5856481481481481 0.04583333333333333 0.0962962962962963
3 0.4828125 0.7062692901234568 0.15 0.24691358024691357
1 0.6152777777777778 0.5091820987654321 0.14305555555555555 0.1308641975308642
0 0.7288194444444445 0.20709876543209876 0.05138888888888889 0.06419753086419752
0 0.8 0.11442901234567901 0.0625 0.09135802469135802
0 0.7387152777777778 0.03373842592592592 0.05555555555555556 0.05185185185185185
0 0.7633680555555555 0.0689429012345679 0.04861111111111111 0.0691358024691358
0 0.921701388888889 0.058757716049382715 0.07777777777777777 0.09876543209876543
2 0.7522569444444445 0.7451774691358024 0.05138888888888889 0.07160493827160494
2 0.7819444444444444 0.8332368827160493 0.02638888888888889 0.03209876543209876
2 0.875 0.8933641975308643 0.0375 0.06172839506172839