2 0.7546875 0.2570023148148148 0.025 0.029629629629629627
2 0.9128472222222221 0.23759645061728393 0.03194444444444444 0.0345679012345679
2 0.9520833333333334 0.32665895061728395 0.029166666666666664 0.0345679012345679
2 0.5449652777777778 0.4835648148148148 0.018055555555555554 0.029629629629629627
2 0.5119791666666667 0.43981481481481477 0.020833333333333332 0.029629629629629627
2 0.5519097222222222 0.6213927469135803 0.01944444444444444 0.027160493827160494
2 0.5324652777777777 0.6528935185185185 0.018055555555555554 0.037037037037037035
3 0.6104166666666667 0.5963348765432099 0.05833333333333333 0.08641975308641975
3 0.39895833333333336 0.5482253086419753 0.05416666666666666 0.08395061728395062
0 0.3609375 0.5924768518518518 0.05 0.1037037037037037
0 0.4125 0.6673996913580247 0.0625 0.11604938271604937
0 0.6409722222222223 0.5054012345679013 0.09444444444444444 0.13580246913580246
0 0.8432291666666666 0.7464120370370371 0.09583333333333333 0.07407407407407407
0 0.7232638888888889 0.819116512345679 0.06527777777777778 0.09135802469135802