0 0.375 0.4056712962962963 0.03125 0.04259259259259259
0 0.51328125 0.3841435185185185 0.0265625 0.037037037037037035
0 0.5752604166666667 0.47118055555555555 0.01614583333333333 0.03611111111111111
0 0.7369791666666667 0.22864583333333335 0.02708333333333333 0.041666666666666664
0 0.18463541666666666 0.6615740740740741 0.03802083333333333 0.04814814814814815
0 0.22526041666666666 0.6607638888888889 0.03802083333333333 0.05277777777777778
0 0.12083333333333332 0.7097222222222223 0.026041666666666664 0.04444444444444444
0 0.21692708333333335 0.7774884259259259 0.04010416666666666 0.05185185185185185
0 0.2716145833333333 0.7084490740740741 0.033854166666666664 0.04814814814814815
0 0.25364583333333335 0.7662037037037037 0.04479166666666666 0.05740740740740741
0 0.18411458333333333 0.9585648148148149 0.04635416666666666 0.07962962962962963
0 0.35442708333333334 0.687673611111111 0.03072916666666666 0.04722222222222222
3 0.31666666666666665 0.669849537037037 0.042708333333333334 0.04907407407407407
1 0.36328125 0.8507523148148148 0.0734375 0.07962962962962963