0 0.23559027777777777 0.1203125 0.13055555555555556 0.2
0 0.23923611111111112 0.9560378086419753 0.09722222222222222 0.08395061728395062
0 0.05399305555555556 0.763233024691358 0.09861111111111111 0.18271604938271604
0 0.8440972222222222 0.6405864197530864 0.06944444444444445 0.10617283950617282
0 0.9335069444444445 0.5766203703703704 0.08888888888888888 0.14074074074074075
0 0.9059027777777778 0.3772762345679012 0.08055555555555555 0.13580246913580246
0 0.48663194444444446 0.775636574074074 0.07638888888888888 0.14814814814814814
0 0.34357638888888886 0.36412037037037037 0.07777777777777777 0.14074074074074075
0 0.19670138888888888 0.3220293209876543 0.07777777777777777 0.17530864197530863
3 0.23871527777777776 0.49778163580246915 0.13055555555555556 0.20493827160493824
3 0.3326388888888889 0.5187307098765432 0.09027777777777776 0.1530864197530864