3 0.14166666666666666 0.15893132716049382 0.09583333333333333 0.12098765432098765
3 0.11006944444444444 0.8597608024691358 0.10138888888888889 0.1382716049382716
3 0.37447916666666664 0.24182098765432097 0.07083333333333333 0.10864197530864197
3 0.5223958333333333 0.3447145061728395 0.09166666666666666 0.14567901234567898
3 0.4454861111111111 0.4807291666666667 0.10972222222222221 0.13333333333333333
3 0.5526041666666667 0.6615740740740741 0.08333333333333333 0.14814814814814814
3 0.7770833333333333 0.7275270061728395 0.09166666666666666 0.14567901234567898
3 0.7784722222222222 0.8471643518518519 0.05694444444444444 0.1037037037037037
3 0.8133680555555556 0.9351658950617283 0.0736111111111111 0.12345679012345678
0 0.1515625 0.7054783950617284 0.075 0.12345679012345678
0 0.8171875 0.17347608024691358 0.05 0.09382716049382715
0 0.9197916666666666 0.4755208333333333 0.05833333333333333 0.06666666666666667
0 0.3329861111111111 0.40349151234567904 0.04722222222222222 0.09135802469135802
0 0.8260416666666666 0.4451003086419753 0.05833333333333333 0.08395061728395062
0 0.6776041666666667 0.45135030864197534 0.05833333333333333 0.08395061728395062
0 0.5795138888888889 0.5359760802469136 0.06527777777777778 0.09382716049382715
0 0.8685763888888889 0.7006172839506173 0.05277777777777778 0.10123456790123457
0 0.4607638888888889 0.8320408950617283 0.06527777777777778 0.12345679012345678
0 0.5590277777777778 0.833275462962963 0.06805555555555555 0.1259259259259259
0 0.7375 0.9563657407407407 0.075 0.08148148148148147
0 0.06597222222222222 0.1169945987654321 0.09444444444444444 0.1308641975308642
2 0.4302083333333333 0.5797067901234568 0.029166666666666664 0.046913580246913576
2 0.2508680555555555 0.43497299382716054 0.03611111111111111 0.05432098765432099