3 0.9401041666666666 0.46603009259259254 0.10520833333333332 0.08518518518518518
3 0.39479166666666665 0.32314814814814813 0.04583333333333333 0.07129629629629629
1 0.5098958333333333 0.3972800925925926 0.10416666666666666 0.06018518518518519
1 0.30390625 0.5636574074074074 0.1140625 0.08981481481481482
0 0.22057291666666665 0.3734375 0.03802083333333333 0.05
0 0.8002604166666666 0.10260416666666665 0.04739583333333333 0.08333333333333333
0 0.8322916666666667 0.1859375 0.03958333333333333 0.075
0 0.85078125 0.6270833333333333 0.0515625 0.09166666666666666
0 0.7708333333333333 0.7784722222222222 0.04479166666666666 0.06944444444444445
0 0.07421875 0.8717013888888889 0.0421875 0.07777777777777777
0 0.26015625 0.867361111111111 0.0671875 0.09722222222222222