3 0.7369791666666667 0.11294367283950617 0.05833333333333333 0.07901234567901234
3 0.7357638888888889 0.1955054012345679 0.06527777777777778 0.0691358024691358
0 0.9666666666666666 0.06606867283950617 0.05833333333333333 0.07901234567901234
0 0.5465277777777777 0.31369598765432094 0.08055555555555555 0.10864197530864197
0 0.42638888888888893 0.26878858024691354 0.05277777777777778 0.09382716049382715
0 0.26302083333333337 0.2476466049382716 0.05416666666666666 0.0765432098765432
3 0.9270833333333334 0.8523533950617284 0.09166666666666666 0.12345679012345678
3 0.5800347222222222 0.8946180555555555 0.05694444444444444 0.11111111111111112
0 0.45815972222222223 0.8202932098765432 0.09444444444444444 0.1530864197530864
0 0.18125 0.5784143518518519 0.0625 0.1037037037037037
1 0.28663194444444445 0.34149305555555554 0.08888888888888888 0.11111111111111112