3 0.4669270833333333 0.15341435185185187 0.05260416666666666 0.07870370370370369
1 0.64921875 0.23587962962962963 0.0859375 0.08425925925925926
0 0.14921875 0.6951967592592593 0.0484375 0.0685185185185185
0 0.265625 0.4809027777777778 0.034375 0.05555555555555556
0 0.2950520833333333 0.5517939814814815 0.03697916666666666 0.06296296296296296
0 0.5489583333333333 0.1771412037037037 0.041666666666666664 0.05740740740740741
0 0.7565104166666667 0.07841435185185185 0.03177083333333333 0.0537037037037037
0 0.9013020833333334 0.09924768518518519 0.04010416666666666 0.045370370370370366
0 0.51796875 0.7079861111111111 0.0390625 0.07222222222222222
0 0.6846354166666667 0.5136574074074074 0.03802083333333333 0.06481481481481481
0 0.6971354166666667 0.6171296296296296 0.06302083333333333 0.10925925925925925
0 0.903125 0.5174768518518518 0.05 0.07870370370370369
0 0.7231770833333333 0.7632523148148148 0.05260416666666666 0.07962962962962963
3 0.6713541666666667 0.7732060185185186 0.08958333333333332 0.11203703703703702