2 0.19652777777777777 0.7677276234567901 0.06805555555555555 0.11358024691358024
2 0.7506944444444444 0.40059799382716055 0.03888888888888888 0.05432098765432099
2 0.6376736111111111 0.7214891975308642 0.034722222222222224 0.06172839506172839
0 0.24027777777777776 0.1375192901234568 0.03055555555555555 0.046913580246913576
0 0.5230902777777777 0.059799382716049385 0.018055555555555554 0.03209876543209876
0 0.5588541666666667 0.10939429012345678 0.03333333333333333 0.046913580246913576
0 0.7701388888888889 0.1492091049382716 0.04027777777777777 0.0765432098765432
0 0.5927083333333333 0.22527006172839506 0.029166666666666664 0.05679012345679012
0 0.640625 0.27166280864197534 0.0625 0.08395061728395062
0 0.6739583333333333 0.34945987654320987 0.05416666666666666 0.08641975308641975
0 0.6458333333333333 0.4483989197530864 0.06666666666666667 0.10617283950617282
0 0.14895833333333333 0.4382716049382716 0.05416666666666666 0.0765432098765432
1 0.9107638888888889 0.14255401234567902 0.11527777777777777 0.09135802469135802
1 0.30190972222222223 0.7982445987654321 0.15694444444444444 0.1308641975308642
1 0.06822916666666666 0.6134645061728394 0.05833333333333333 0.14567901234567898