0 0.034895833333333334 0.16057098765432098 0.06666666666666667 0.10864197530864197
1 0.08559027777777777 0.0822145061728395 0.08055555555555555 0.14567901234567898
0 0.14809027777777778 0.07357253086419753 0.10555555555555556 0.12839506172839504
0 0.0814236111111111 0.22102623456790121 0.1222222222222222 0.13580246913580246
2 0.1795138888888889 0.12914737654320987 0.10277777777777777 0.08641975308641975
2 0.15086805555555555 0.34193672839506173 0.1361111111111111 0.19012345679012346
1 0.042013888888888885 0.4251929012345679 0.07777777777777777 0.2691358024691358
2 0.3585069444444445 0.08277391975308641 0.10138888888888889 0.10617283950617282
0 0.4376736111111111 0.11776620370370369 0.1222222222222222 0.2074074074074074
0 0.6972222222222222 0.12411265432098766 0.18194444444444444 0.2419753086419753
0 0.5 0.2514853395061728 0.15 0.21234567901234563
1 0.5678819444444445 0.12139274691358024 0.1388888888888889 0.22716049382716047
1 0.61875 0.34089506172839507 0.225 0.2567901234567901
2 0.5822916666666667 0.45686728395061726 0.19583333333333333 0.3012345679012346
2 0.6284722222222222 0.7946566358024691 0.28194444444444444 0.4049382716049383
1 0.84375 0.42019675925925926 0.175 0.5185185185185185
1 0.8199652777777778 0.7833912037037036 0.21805555555555553 0.40740740740740733
0 0.9145833333333334 0.3643904320987654 0.16666666666666666 0.39753086419753086
0 0.7642361111111111 0.9009837962962963 0.3222222222222222 0.1925925925925926