1 0.81171875 0.8675925925925926 0.0640625 0.13518518518518519
0 0.9518229166666666 0.7535300925925925 0.06927083333333332 0.08518518518518518
0 0.8684895833333334 0.5528935185185185 0.03697916666666666 0.062037037037037036
0 0.8947916666666667 0.537037037037037 0.03645833333333333 0.04907407407407407
0 0.9125 0.3944444444444445 0.028125 0.06388888888888888
0 0.7322916666666667 0.640162037037037 0.03020833333333333 0.04907407407407407
0 0.9713541666666666 0.20162037037037037 0.03958333333333333 0.04074074074074074
0 0.8744791666666666 0.20989583333333334 0.02395833333333333 0.041666666666666664
0 0.9341145833333334 0.24884259259259262 0.021354166666666667 0.03518518518518519
0 0.70625 0.5092592592592593 0.025 0.04351851851851852
0 0.6059895833333333 0.5145833333333333 0.021354166666666667 0.041666666666666664
0 0.4807291666666667 0.6350694444444445 0.02708333333333333 0.03888888888888888
0 0.4434895833333333 0.7902777777777777 0.033854166666666664 0.05555555555555556
0 0.4979166666666667 0.8890625 0.02395833333333333 0.05
3 0.7682291666666667 0.7941550925925925 0.05208333333333333 0.06018518518518519