2 0.56640625 0.30648148148148147 0.0328125 0.050462962962962966
2 0.3265625 0.2825810185185185 0.034375 0.04953703703703703
2 0.37005208333333334 0.2689236111111111 0.04010416666666666 0.04722222222222222
2 0.317578125 0.5126157407407408 0.04140625 0.06898148148148148
2 0.28268229166666664 0.4990162037037037 0.05598958333333333 0.0699074074074074
2 0.775390625 0.5247685185185185 0.04765625 0.062037037037037036
2 0.09700520833333333 0.3846643518518519 0.05026041666666666 0.0537037037037037
2 0.565625 0.38038194444444445 0.04375 0.03888888888888888
2 0.4911458333333333 0.35497685185185185 0.035416666666666666 0.0412037037037037
2 0.4350260416666667 0.3947337962962963 0.04505208333333333 0.055092592592592596
2 0.3985677083333333 0.43611111111111106 0.047135416666666666 0.05972222222222222
2 0.4266927083333333 0.496412037037037 0.047135416666666666 0.06157407407407407
2 0.4282552083333333 0.546412037037037 0.04088541666666666 0.06157407407407407
2 0.5415364583333333 0.6681134259259259 0.05807291666666666 0.10185185185185183
2 0.4307291666666667 0.6349537037037037 0.04895833333333333 0.0824074074074074
2 0.4649739583333333 0.6734953703703703 0.05807291666666666 0.09074074074074073
2 0.4307291666666667 0.8695601851851851 0.06145833333333332 0.10787037037037037
2 0.39739583333333334 0.7692708333333333 0.03854166666666666 0.09166666666666666
2 0.28854166666666664 0.6353009259259259 0.04895833333333333 0.07685185185185185
2 0.5046875 0.47528935185185184 0.040625 0.0662037037037037