3 0.37734375 0.6603587962962962 0.0578125 0.09259259259259259
3 0.35494791666666664 0.5791087962962963 0.05052083333333333 0.09259259259259259
0 0.5315104166666667 0.4141203703703703 0.03177083333333333 0.06574074074074074
0 0.30963541666666666 0.3711805555555555 0.04739583333333333 0.08611111111111111
0 0.23151041666666666 0.35659722222222223 0.03177083333333333 0.06944444444444445
0 0.03802083333333333 0.37042824074074077 0.041666666666666664 0.05648148148148148
0 0.68984375 0.5100694444444445 0.0359375 0.06388888888888888
0 0.7236979166666667 0.5688657407407407 0.03802083333333333 0.05648148148148148
0 0.7453125 0.7842592592592592 0.05 0.0685185185185185
0 0.4658854166666667 0.9163773148148149 0.04427083333333333 0.07962962962962963
1 0.13515625 0.37222222222222223 0.0953125 0.06944444444444445