0 0.6028645833333333 0.35300925925925924 0.024479166666666666 0.04351851851851852
0 0.5341145833333333 0.2561921296296296 0.018229166666666664 0.03425925925925925
0 0.4934895833333333 0.29612268518518514 0.03072916666666666 0.045370370370370366
0 0.26640625 0.20416666666666666 0.0203125 0.03333333333333333
0 0.20885416666666665 0.17899305555555556 0.03333333333333333 0.03611111111111111
0 0.21927083333333336 0.3362847222222222 0.03229166666666666 0.04444444444444444
0 0.3515625 0.4557291666666667 0.028125 0.05833333333333333
0 0.36354166666666665 0.53125 0.03645833333333333 0.05
0 0.8140625 0.7891782407407407 0.0375 0.05648148148148148
0 0.3143229166666667 0.8335069444444445 0.04114583333333333 0.06388888888888888
0 0.24401041666666665 0.9532407407407406 0.03802083333333333 0.05648148148148148
3 0.39609375 0.7328125 0.0609375 0.05