0 0.5842329545454545 0.13506944444444444 0.06534090909090909 0.0920138888888889
0 0.7191761363636363 0.15920138888888888 0.08522727272727273 0.10590277777777779
0 0.6539772727272728 0.19878472222222224 0.09232954545454544 0.11631944444444445
0 0.728125 0.26059027777777777 0.078125 0.10243055555555555
0 0.8055397727272726 0.16006944444444443 0.07670454545454544 0.10763888888888888
0 0.8167613636363636 0.27447916666666666 0.05539772727272727 0.06770833333333334
0 0.8055397727272726 0.34878472222222223 0.06107954545454545 0.06944444444444445
0 0.8839488636363637 0.3736111111111111 0.08664772727272727 0.11284722222222224
0 0.940625 0.44461805555555556 0.09375 0.11111111111111112
0 0.8978693181818181 0.19635416666666666 0.08948863636363637 0.13020833333333334
0 0.9680397727272727 0.2748263888888889 0.06107954545454545 0.10590277777777779
0 0.506534090909091 0.6057291666666667 0.10369318181818181 0.13020833333333334
3 0.6126420454545454 0.47586805555555556 0.1065340909090909 0.1267361111111111
3 0.23039772727272725 0.6980902777777778 0.12642045454545453 0.18055555555555555