3 0.365625 0.6722800925925926 0.0875 0.18518518518518517
2 0.2609375 0.5051118827160493 0.025 0.03209876543209876
0 0.7920138888888889 0.6833526234567902 0.06527777777777778 0.11358024691358024
0 0.648611111111111 0.5890239197530864 0.05972222222222222 0.10617283950617282
0 0.8171875 0.32677469135802467 0.05 0.11604938271604937
0 0.6208333333333333 0.8192901234567902 0.06666666666666667 0.11358024691358024
0 0.5260416666666667 0.7485725308641975 0.07083333333333333 0.12839506172839504
0 0.45138888888888895 0.9183834876543211 0.07777777777777777 0.10864197530864197
0 0.29791666666666666 0.35744598765432095 0.05833333333333333 0.10864197530864197
0 0.061111111111111116 0.3181327160493827 0.07222222222222222 0.09876543209876543
0 0.1779513888888889 0.2603973765432099 0.07777777777777777 0.08641975308641975
0 0.07621527777777778 0.12881944444444443 0.05555555555555556 0.08888888888888888
0 0.15260416666666665 0.134008487654321 0.07083333333333333 0.10864197530864197
3 0.6272569444444445 0.3999807098765432 0.11388888888888889 0.1530864197530864
3 0.5067708333333333 0.4184027777777778 0.06666666666666667 0.15555555555555553