0 0.8920138888888889 0.8970679012345679 0.05277777777777778 0.0691358024691358
0 0.9428819444444445 0.9322723765432098 0.05138888888888889 0.08641975308641975
0 0.6800347222222223 0.842554012345679 0.04444444444444444 0.09135802469135802
0 0.7253472222222223 0.38819444444444445 0.04444444444444444 0.08888888888888888
0 0.5131944444444445 0.5842399691358025 0.03888888888888888 0.07160493827160494
0 0.5826388888888889 0.38547453703703705 0.05277777777777778 0.07407407407407407
0 0.4923611111111111 0.7654128086419754 0.05972222222222222 0.08395061728395062
3 0.3897569444444445 0.2525077160493827 0.06388888888888888 0.09876543209876543
0 0.315625 0.0632716049382716 0.05 0.0765432098765432
0 0.06788194444444444 0.14733796296296295 0.07638888888888888 0.1259259259259259
0 0.05295138888888888 0.8287422839506172 0.07777777777777777 0.10123456790123457
0 0.16458333333333333 0.23861882716049382 0.06666666666666667 0.12098765432098765