0 0.6328125 0.6267939814814815 0.040625 0.06296296296296296
0 0.6559895833333333 0.7203125 0.043229166666666666 0.075
0 0.5627604166666667 0.4210069444444445 0.04114583333333333 0.06388888888888888
0 0.5088541666666667 0.5072916666666667 0.042708333333333334 0.05833333333333333
0 0.4283854166666667 0.49733796296296295 0.04114583333333333 0.050925925925925916
0 0.30572916666666666 0.4678819444444445 0.03333333333333333 0.06388888888888888
0 0.33203125 0.2775462962962963 0.0359375 0.04259259259259259
0 0.04765625 0.12633101851851852 0.0421875 0.062037037037037036
0 0.16848958333333333 0.7220486111111111 0.04635416666666666 0.09722222222222222
3 0.35494791666666664 0.912326388888889 0.07239583333333333 0.10277777777777777
3 0.36302083333333335 0.779050925925926 0.06666666666666667 0.10185185185185183