2 0.6794270833333333 0.6050347222222222 0.04010416666666666 0.11944444444444444
2 0.8078125 0.9349537037037037 0.05 0.0824074074074074
2 0.7911458333333333 0.21440972222222224 0.04791666666666666 0.06944444444444445
2 0.33203125 0.8467013888888889 0.0515625 0.07777777777777777
2 0.4317708333333333 0.8074074074074075 0.04479166666666666 0.08981481481481482
2 0.5856770833333333 0.6962962962962963 0.03697916666666666 0.06759259259259259
0 0.6697916666666667 0.9465277777777779 0.11458333333333333 0.10555555555555556
0 0.38671875 0.42384259259259255 0.0484375 0.08518518518518518
0 0.26796875 0.616724537037037 0.0484375 0.07407407407407407
0 0.16822916666666665 0.673611111111111 0.08020833333333333 0.1222222222222222
2 0.38151041666666663 0.7 0.07552083333333333 0.125