3 0.6541666666666667 0.8306712962962963 0.05208333333333333 0.06759259259259259
3 0.6432291666666667 0.9219907407407406 0.05208333333333333 0.08148148148148147
3 0.22942708333333334 0.9120949074074074 0.07135416666666666 0.11481481481481481
0 0.4044270833333333 0.3111689814814815 0.027604166666666662 0.06296296296296296
0 0.38776041666666666 0.44079861111111107 0.028645833333333332 0.04722222222222222
0 0.8270833333333334 0.5585069444444445 0.03229166666666666 0.06388888888888888
0 0.6197916666666667 0.42332175925925924 0.02395833333333333 0.04351851851851852
0 0.5901041666666667 0.5652777777777778 0.03645833333333333 0.05555555555555556
0 0.7572916666666667 0.6380787037037037 0.03333333333333333 0.0824074074074074
0 0.6927083333333333 0.6254050925925926 0.035416666666666666 0.08518518518518518
0 0.9213541666666666 0.8634259259259259 0.055208333333333325 0.10185185185185183
0 0.8979166666666666 0.7601273148148148 0.03645833333333333 0.054629629629629625
0 0.12369791666666666 0.502662037037037 0.05052083333333333 0.07407407407407407
0 0.34791666666666665 0.5155092592592593 0.03645833333333333 0.0685185185185185
0 0.41015625 0.6113425925925926 0.0484375 0.08518518518518518