0 0.779513888888889 0.37503858024691356 0.06527777777777778 0.09382716049382715
0 0.9067708333333334 0.06410108024691358 0.09166666666666666 0.09382716049382715
3 0.8647569444444445 0.13952546296296295 0.12638888888888888 0.1259259259259259
3 0.5616319444444444 0.9560378086419753 0.06388888888888888 0.08395061728395062
3 0.7819444444444444 0.7456983024691357 0.07638888888888888 0.1382716049382716
2 0.8227430555555555 0.7251736111111111 0.02361111111111111 0.02222222222222222
2 0.5895833333333333 0.47476851851851853 0.029166666666666664 0.037037037037037035
2 0.35399305555555555 0.6956597222222223 0.03611111111111111 0.04444444444444444
1 0.5953125 0.8157793209876543 0.05 0.17530864197530863
0 0.695138888888889 0.4327739197530864 0.07777777777777777 0.10617283950617282
0 0.6289930555555555 0.6474922839506172 0.0611111111111111 0.10123456790123457
0 0.49461805555555555 0.7168981481481482 0.0611111111111111 0.0962962962962963
0 0.36440972222222223 0.6307098765432099 0.05694444444444444 0.08641975308641975
0 0.4828125 0.4327739197530864 0.0625 0.10617283950617282
0 0.4220486111111111 0.4557098765432099 0.04722222222222222 0.08641975308641975
0 0.3940972222222222 0.41959876543209873 0.04444444444444444 0.06419753086419752
0 0.3638888888888889 0.35866126543209875 0.04027777777777777 0.06419753086419752
0 0.19392361111111112 0.5959297839506172 0.08472222222222223 0.10123456790123457
0 0.32934027777777775 0.3013503086419753 0.06805555555555555 0.08395061728395062
0 0.2618055555555555 0.3559413580246914 0.0611111111111111 0.04938271604938271
0 0.24375 0.2853973765432099 0.0625 0.08641975308641975
0 0.16979166666666665 0.14230324074074074 0.05833333333333333 0.08148148148148147
0 0.20520833333333335 0.03431712962962963 0.06666666666666667 0.059259259259259255
3 0.6048611111111111 0.11334876543209878 0.04722222222222222 0.06419753086419752
3 0.3692708333333333 0.13020833333333331 0.06666666666666667 0.06666666666666667
3 0.42847222222222225 0.3663966049382716 0.04444444444444444 0.0765432098765432
3 0.019618055555555555 0.4312114197530864 0.03611111111111111 0.10617283950617282
2 0.47204861111111107 0.3400655864197531 0.02222222222222222 0.03950617283950617
2 0.47326388888888893 0.2496913580246914 0.015277777777777776 0.04938271604938271
2 0.6822916666666667 0.1632523148148148 0.020833333333333332 0.029629629629629627
2 0.6130208333333333 0.2264081790123457 0.016666666666666666 0.024691358024691357
2 0.6416666666666667 0.16670524691358024 0.020833333333333332 0.027160493827160494
0 0.06770833333333333 0.7217592592592592 0.12916666666666665 0.11851851851851851
3 0.2375 0.9072145061728396 0.1 0.14567901234567898