0 0.11875 0.11072530864197531 0.0625 0.08395061728395062
1 0.9270833333333334 0.5132137345679013 0.11666666666666665 0.3358024691358025
1 0.9076388888888889 0.280883487654321 0.09027777777777776 0.10864197530864197
2 0.962673611111111 0.3320601851851852 0.07222222222222222 0.17037037037037037
2 0.9635416666666666 0.47976466049382716 0.07083333333333333 0.1876543209876543
0 0.7236111111111111 0.09774305555555556 0.08472222222222223 0.11111111111111112
0 0.7083333333333333 0.16097608024691357 0.07916666666666666 0.09382716049382715
0 0.9163194444444445 0.19602623456790122 0.1388888888888889 0.13580246913580246
0 0.7848958333333333 0.1976658950617284 0.10416666666666666 0.12345679012345678
1 0.7064236111111111 0.22941743827160493 0.13472222222222222 0.14320987654320988
0 0.81875 0.36159336419753085 0.1125 0.1950617283950617
0 0.7024305555555556 0.31915509259259256 0.09861111111111111 0.18518518518518517
1 0.6079861111111111 0.2624807098765432 0.09722222222222222 0.1530864197530864
1 0.648611111111111 0.3353587962962963 0.08472222222222223 0.1925925925925926
0 0.43298611111111107 0.09191743827160494 0.08472222222222223 0.14320987654320988
0 0.3680555555555555 0.1587577160493827 0.0736111111111111 0.09876543209876543
0 0.21284722222222224 0.10341435185185185 0.08194444444444444 0.1037037037037037
0 0.058680555555555555 0.2269483024691358 0.08611111111111111 0.1382716049382716
2 0.4005208333333333 0.22908950617283946 0.09166666666666666 0.14567901234567898
2 0.42256944444444444 0.3467785493827161 0.10138888888888889 0.16543209876543208
2 0.31875 0.3382908950617284 0.1 0.12345679012345678
0 0.23072916666666665 0.26824845679012344 0.10833333333333332 0.18024691358024691
0 0.1251736111111111 0.3948881172839506 0.1222222222222222 0.16790123456790124
1 0.7998263888888889 0.5721836419753086 0.11527777777777777 0.35061728395061725
1 0.7222222222222222 0.4953125 0.28194444444444444 0.2
0 0.459375 0.5380787037037037 0.1375 0.2074074074074074
2 0.5881944444444445 0.7782407407407408 0.18888888888888888 0.2814814814814815
1 0.6532986111111111 0.7058063271604939 0.22222222222222224 0.32098765432098764
1 0.7763888888888889 0.9050925925925926 0.36527777777777776 0.18518518518518517
1 0.3194444444444445 0.41913580246913573 0.12638888888888888 0.1382716049382716
1 0.16666666666666666 0.4630015432098766 0.17083333333333334 0.21975308641975308
1 0.10138888888888889 0.7087962962962963 0.12777777777777777 0.1925925925925926
1 0.1951388888888889 0.8663001543209876 0.19027777777777777 0.2419753086419753
1 0.37430555555555556 0.7722222222222223 0.12361111111111109 0.4444444444444445
1 0.303125 0.8202932098765432 0.175 0.3530864197530864
0 0.13697916666666665 0.934837962962963 0.17083333333333334 0.1259259259259259
2 0.30190972222222223 0.24855324074074076 0.06944444444444445 0.08148148148148147
2 0.12065972222222224 0.19479166666666664 0.06944444444444445 0.13333333333333333