1 0.49444444444444446 0.8714506172839507 0.06388888888888888 0.16790123456790124
2 0.5185763888888889 0.7437885802469136 0.06527777777777778 0.09382716049382715
2 0.7645833333333333 0.8663194444444444 0.041666666666666664 0.08888888888888888
0 0.7911458333333333 0.9044945987654321 0.06666666666666667 0.1308641975308642
0 0.5560763888888889 0.9241512345679013 0.07777777777777777 0.13580246913580246
1 0.5907986111111111 0.7670910493827161 0.08472222222222223 0.16543209876543208
2 0.9569444444444445 0.6244791666666667 0.07638888888888888 0.13333333333333333
0 0.9543402777777779 0.5386959876543209 0.06805555555555555 0.10864197530864197
2 0.9583333333333334 0.46359953703703705 0.05416666666666666 0.07407407407407407
0 0.9715277777777779 0.42050540123456787 0.05555555555555556 0.0691358024691358
0 0.7940972222222222 0.6317901234567901 0.06944444444444445 0.11358024691358024
3 0.7477430555555555 0.6990740740740741 0.09861111111111111 0.14814814814814814
2 0.8649305555555555 0.6059606481481482 0.0736111111111111 0.0962962962962963
2 0.8355902777777778 0.493287037037037 0.05555555555555556 0.07407407407407407
2 0.9050347222222221 0.37123842592592593 0.05694444444444444 0.05185185185185185
2 0.9203125 0.43638117283950617 0.05 0.07901234567901234
2 0.7585069444444444 0.4682098765432099 0.05138888888888889 0.08641975308641975
2 0.7774305555555555 0.4223186728395062 0.03611111111111111 0.07901234567901234
2 0.7131944444444445 0.6346643518518518 0.06388888888888888 0.1037037037037037
2 0.6930555555555555 0.5487268518518518 0.0611111111111111 0.1037037037037037
2 0.5307291666666667 0.5819444444444445 0.05833333333333333 0.08888888888888888
2 0.5776041666666667 0.5414930555555555 0.07083333333333333 0.11111111111111112
2 0.6439236111111111 0.4945216049382716 0.04722222222222222 0.0765432098765432
2 0.6760416666666667 0.47428626543209873 0.04583333333333333 0.06419753086419752
2 0.6895833333333333 0.4253472222222222 0.05416666666666666 0.04444444444444444
0 0.7427083333333333 0.4017554012345679 0.041666666666666664 0.0691358024691358
0 0.6993055555555555 0.38078703703703703 0.04861111111111111 0.07407407407407407
0 0.820138888888889 0.394116512345679 0.05277777777777778 0.09135802469135802
0 0.8157986111111111 0.31425540123456785 0.04722222222222222 0.0691358024691358
0 0.7819444444444444 0.3435378086419753 0.05138888888888889 0.08395061728395062
0 0.750173611111111 0.33136574074074077 0.04722222222222222 0.08148148148148147
0 0.6789930555555556 0.7279320987654321 0.0736111111111111 0.1308641975308642
0 0.6430555555555555 0.6671489197530864 0.0611111111111111 0.10617283950617282
0 0.5819444444444445 0.6935378086419753 0.05138888888888889 0.08395061728395062
0 0.48611111111111105 0.6931327160493828 0.05972222222222222 0.09876543209876543
0 0.41996527777777776 0.7021797839506172 0.05555555555555556 0.10123456790123457
1 0.4296875 0.7569637345679012 0.075 0.13580246913580246
2 0.36302083333333335 0.7674768518518518 0.06666666666666667 0.1037037037037037
2 0.6277777777777778 0.2867862654320988 0.043055555555555555 0.06419753086419752
2 0.5795138888888889 0.29986496913580246 0.04027777777777777 0.07160493827160494
2 0.5454861111111111 0.4242091049382716 0.04722222222222222 0.0765432098765432
2 0.4614583333333333 0.46606867283950615 0.05416666666666666 0.07901234567901234
2 0.42430555555555555 0.5835841049382716 0.0611111111111111 0.0765432098765432
2 0.38125 0.6268518518518518 0.0625 0.1037037037037037
2 0.34375 0.5240547839506172 0.0625 0.10123456790123457
1 0.31319444444444444 0.6521026234567902 0.08888888888888888 0.11358024691358024
1 0.2520833333333333 0.7297453703703705 0.041666666666666664 0.14074074074074075
1 0.20451388888888888 0.9626929012345679 0.07777777777777777 0.0691358024691358
0 0.23923611111111112 0.9067901234567902 0.08472222222222223 0.11358024691358024
2 0.18784722222222222 0.7830054012345679 0.06944444444444445 0.0691358024691358
2 0.20833333333333334 0.8506172839506172 0.07916666666666666 0.10123456790123457
4 0.0814236111111111 0.8304012345679013 0.1597222222222222 0.3358024691358025