1 0.4947916666666667 0.5007137345679012 0.12083333333333332 0.13580246913580246
3 0.8878472222222221 0.7754822530864198 0.06944444444444445 0.1728395061728395
3 0.7675347222222222 0.7581983024691358 0.09444444444444444 0.1382716049382716
3 0.8609375 0.5025270061728395 0.125 0.14567901234567898
3 0.5934027777777777 0.5230709876543209 0.08055555555555555 0.10864197530864197
3 0.5027777777777778 0.2806520061728395 0.08055555555555555 0.14567901234567898
3 0.45243055555555556 0.3491512345679012 0.11111111111111112 0.13580246913580246
3 0.623263888888889 0.12193287037037037 0.11527777777777777 0.14074074074074075
0 0.38125 0.5568094135802469 0.075 0.16049382716049382
0 0.4828125 0.6441936728395061 0.0625 0.07901234567901234
0 0.5196180555555555 0.3904128086419753 0.04861111111111111 0.08395061728395062
0 0.6534722222222222 0.3871527777777778 0.06944444444444445 0.15555555555555553
0 0.8119791666666666 0.364429012345679 0.05833333333333333 0.09135802469135802
2 0.9180555555555555 0.45611496913580246 0.03611111111111111 0.07160493827160494
2 0.20520833333333335 0.2965663580246914 0.029166666666666664 0.04938271604938271
0 0.27118055555555554 0.8897762345679012 0.0736111111111111 0.13580246913580246