3 0.8994791666666666 0.6173032407407407 0.05208333333333333 0.08148148148148147
0 0.98046875 0.4996527777777778 0.0296875 0.05555555555555556
0 0.8380208333333334 0.33935185185185185 0.026041666666666664 0.0537037037037037
0 0.5760416666666667 0.3359375 0.03333333333333333 0.05
0 0.29427083333333337 0.29953703703703705 0.029166666666666664 0.04907407407407407
0 0.26979166666666665 0.5549189814814814 0.03333333333333333 0.06296296296296296
0 0.52734375 0.5076967592592593 0.0390625 0.0685185185185185
0 0.7755208333333333 0.506712962962963 0.03854166666666666 0.07592592592592592
0 0.4526041666666667 0.5089699074074074 0.03958333333333333 0.06481481481481481
1 0.35286458333333337 0.5409143518518518 0.09635416666666666 0.07870370370370369
1 0.24661458333333336 0.8222222222222222 0.06822916666666666 0.21944444444444441
3 0.59375 0.7407986111111111 0.06875 0.1222222222222222
3 0.6260416666666667 0.844675925925926 0.06145833333333332 0.10185185185185183