0 0.49774305555555554 0.8820601851851851 0.08611111111111111 0.17037037037037037
0 0.6048611111111111 0.6296682098765432 0.07222222222222222 0.1530864197530864
0 0.271875 0.3581983024691358 0.075 0.1382716049382716
2 0.36701388888888886 0.8502121913580247 0.04027777777777777 0.11604938271604937
2 0.31666666666666665 0.755883487654321 0.04583333333333333 0.10864197530864197
2 0.15173611111111113 0.4834104938271605 0.034722222222222224 0.05432098765432099
0 0.2404513888888889 0.16180555555555556 0.06527777777777778 0.11111111111111112
0 0.3609375 0.41583719135802466 0.075 0.11604938271604937
0 0.38871527777777776 0.6446373456790123 0.08055555555555555 0.1580246913580247
2 0.4340277777777778 0.5020833333333333 0.043055555555555555 0.06666666666666667
2 0.506076388888889 0.6908950617283951 0.02777777777777778 0.05679012345679012
2 0.5741319444444445 0.4726466049382716 0.03888888888888888 0.0765432098765432
3 0.1467013888888889 0.943383487654321 0.07777777777777777 0.10864197530864197