3 0.8210069444444444 0.7521219135802469 0.11388888888888889 0.16049382716049382
0 0.47065972222222224 0.4143325617283951 0.05694444444444444 0.05679012345679012
0 0.19635416666666666 0.4030864197530864 0.05833333333333333 0.10617283950617282
0 0.25885416666666666 0.4096643518518518 0.03333333333333333 0.1037037037037037
0 0.29583333333333334 0.5141010802469136 0.041666666666666664 0.09382716049382715
0 0.4 0.5475694444444444 0.0375 0.08888888888888888
0 0.11788194444444444 0.8914158950617284 0.07638888888888888 0.12345679012345678
0 0.13958333333333334 0.6849922839506173 0.06666666666666667 0.10123456790123457
0 0.8003472222222221 0.8988811728395062 0.04444444444444444 0.07901234567901234
0 0.7817708333333333 0.8051311728395062 0.05416666666666666 0.07901234567901234
2 0.3692708333333333 0.48225308641975306 0.029166666666666664 0.03950617283950617
2 0.3590277777777778 0.5313464506172839 0.018055555555555554 0.0345679012345679