2 0.526953125 0.2506365740740741 0.04765625 0.04814814814814815
2 0.01927083333333333 0.7490162037037037 0.035416666666666666 0.09490740740740741
2 0.08020833333333333 0.6747106481481482 0.057291666666666664 0.0962962962962963
2 0.04375 0.6253472222222223 0.08125 0.11944444444444444
2 0.128515625 0.5109953703703703 0.04765625 0.07824074074074074
2 0.21184895833333334 0.3830439814814815 0.04244791666666666 0.050462962962962966
2 0.22825520833333335 0.47528935185185184 0.047135416666666666 0.0662037037037037
2 0.16979166666666665 0.6474537037037037 0.05208333333333333 0.0824074074074074
2 0.34921875 0.5717013888888889 0.0484375 0.07777777777777777
2 0.4983072916666667 0.44745370370370374 0.052864583333333326 0.0699074074074074
2 0.8658854166666666 0.5967013888888889 0.07239583333333333 0.06527777777777778
2 0.9734375 0.634375 0.053125 0.125
2 0.9498697916666666 0.5188657407407408 0.08723958333333333 0.09398148148148147
2 0.8830729166666667 0.4697916666666667 0.07239583333333333 0.07083333333333333
2 0.96640625 0.41640625 0.0671875 0.0796875
2 0.7290364583333333 0.43998842592592596 0.05807291666666666 0.07685185185185185