0 0.8862847222222221 0.3274884259259259 0.03194444444444444 0.05185185185185185
0 0.9579861111111111 0.24147376543209878 0.04722222222222222 0.06419753086419752
0 0.9769097222222222 0.3446759259259259 0.04444444444444444 0.05185185185185185
0 0.26041666666666663 0.6389660493827161 0.10833333333333332 0.16543209876543208
0 0.5303819444444444 0.7836805555555555 0.05138888888888889 0.11111111111111112
0 0.5480902777777777 0.5979745370370371 0.043055555555555555 0.07407407407407407
0 0.595486111111111 0.5446180555555555 0.04722222222222222 0.11111111111111112
0 0.3975694444444445 0.237866512345679 0.05138888888888889 0.09135802469135802
0 0.5965277777777778 0.4411458333333333 0.05555555555555556 0.06666666666666667
0 0.5208333333333333 0.09106867283950618 0.05416666666666666 0.07901234567901234
0 0.7376736111111111 0.5531635802469136 0.04722222222222222 0.09382716049382715
0 0.8036458333333334 0.48688271604938277 0.05416666666666666 0.09876543209876543
0 0.861111111111111 0.5546489197530864 0.04722222222222222 0.10617283950617282
0 0.9725694444444445 0.5891782407407408 0.05138888888888889 0.08148148148148147
0 0.8118055555555556 0.3666473765432099 0.0611111111111111 0.08641975308641975
0 0.8633680555555555 0.4365354938271605 0.02361111111111111 0.05432098765432099
0 0.842013888888889 0.2599729938271605 0.04027777777777777 0.05432098765432099
3 0.32569444444444445 0.19577546296296294 0.08888888888888888 0.1259259259259259
3 0.4130208333333333 0.16114969135802468 0.06666666666666667 0.11604938271604937
3 0.6661458333333333 0.14535108024691357 0.06666666666666667 0.09382716049382715
3 0.7196180555555556 0.12264660493827159 0.04861111111111111 0.0765432098765432
2 0.1421875 0.061940586419753085 0.075 0.03950617283950617
2 0.3475694444444445 0.6043016975308642 0.05138888888888889 0.06172839506172839
2 0.39947916666666666 0.5327546296296296 0.03333333333333333 0.059259259259259255
2 0.40347222222222223 0.5784722222222223 0.03194444444444444 0.04444444444444444
2 0.42048611111111106 0.6266589506172839 0.02222222222222222 0.0345679012345679
2 0.39895833333333336 0.7685185185185185 0.016666666666666666 0.037037037037037035
2 0.3506944444444445 0.45165895061728395 0.02638888888888889 0.0345679012345679
3 0.5328125 0.5656635802469137 0.0375 0.09382716049382715
3 0.49930555555555556 0.7207561728395062 0.03611111111111111 0.07901234567901234
3 0.9515625 0.4293788580246914 0.05 0.04938271604938271
3 0.9168402777777779 0.5570216049382716 0.043055555555555555 0.0765432098765432
3 0.8060763888888889 0.5612075617283951 0.04027777777777777 0.05679012345679012