2 0.5009114583333333 0.25763888888888886 0.045572916666666664 0.05277777777777778
2 0.9045572916666667 0.37233796296296295 0.06848958333333333 0.08842592592592592
2 0.8389322916666666 0.4373263888888889 0.07161458333333333 0.07777777777777777
2 0.8876302083333334 0.4762152777777778 0.06901041666666666 0.08055555555555555
2 0.9220052083333334 0.5653935185185185 0.07213541666666666 0.09953703703703703
2 0.8122395833333333 0.545949074074074 0.06822916666666666 0.07314814814814814
2 0.4708333333333333 0.44861111111111107 0.05416666666666666 0.05972222222222222
2 0.195703125 0.4099537037037037 0.04140625 0.05740740740740741
2 0.16015625 0.6684606481481482 0.0515625 0.08379629629629629
2 0.21692708333333335 0.5036458333333333 0.049479166666666664 0.07916666666666666
2 0.036328125 0.6617476851851852 0.06640625 0.10787037037037037
2 0.11341145833333333 0.5539930555555556 0.04244791666666666 0.08611111111111111