3 0.7276041666666667 0.9053819444444444 0.09895833333333333 0.18888888888888888
1 0.36666666666666664 0.1033564814814815 0.11458333333333333 0.11296296296296296
1 0.14739583333333334 0.18501157407407406 0.15729166666666666 0.09814814814814814
0 0.059114583333333325 0.4486689814814815 0.04010416666666666 0.06296296296296296
0 0.36354166666666665 0.553761574074074 0.04895833333333333 0.07314814814814814
0 0.4721354166666667 0.5869791666666667 0.03802083333333333 0.05833333333333333
0 0.25104166666666666 0.6890625 0.055208333333333325 0.075
0 0.2713541666666667 0.7779513888888889 0.055208333333333325 0.07777777777777777
0 0.4575520833333333 0.8143518518518519 0.058854166666666666 0.07870370370370369
0 0.5604166666666667 0.26087962962962963 0.03333333333333333 0.059259259259259255
0 0.7263020833333333 0.6173032407407407 0.04635416666666666 0.08148148148148147
0 0.9510416666666666 0.7626736111111111 0.042708333333333334 0.07222222222222222
0 0.60703125 0.9501736111111111 0.0703125 0.09722222222222222