0 0.03203125 0.16018518518518518 0.0484375 0.07037037037037037
0 0.13932291666666669 0.038078703703703705 0.02239583333333333 0.05740740740740741
0 0.3419270833333333 0.12442129629629631 0.024479166666666666 0.04259259259259259
0 0.08229166666666667 0.07297453703703703 0.03020833333333333 0.04907407407407407
0 0.25494791666666666 0.14560185185185187 0.03802083333333333 0.0537037037037037
2 0.1625 0.9487268518518519 0.05 0.0537037037037037
0 0.27369791666666665 0.8065972222222222 0.06302083333333333 0.11944444444444444
0 0.7104166666666667 0.7887731481481481 0.03333333333333333 0.046296296296296294
1 0.7736979166666667 0.875636574074074 0.14739583333333334 0.09814814814814814
0 0.05807291666666666 0.391261574074074 0.06302083333333333 0.07314814814814814
0 0.27317708333333335 0.4571180555555555 0.04635416666666666 0.0611111111111111