1 0.6710069444444444 0.20991512345679011 0.05138888888888889 0.11358024691358024
1 0.6652777777777777 0.2895061728395062 0.09305555555555554 0.07901234567901234
1 0.6340277777777777 0.10999228395061729 0.06805555555555555 0.10123456790123457
1 0.32760416666666664 0.9009837962962963 0.09583333333333333 0.1925925925925926
1 0.24635416666666665 0.6949459876543209 0.20833333333333331 0.30864197530864196
1 0.17378472222222224 0.6422646604938271 0.19444444444444445 0.1876543209876543
1 0.8859375 0.7764467592592592 0.225 0.31851851851851853
1 0.9010416666666666 0.6346450617283951 0.19583333333333333 0.2567901234567901
1 0.8850694444444445 0.5525462962962963 0.2263888888888889 0.1925925925925926
1 0.6538194444444445 0.367824074074074 0.17638888888888887 0.14814814814814814
1 0.8769097222222222 0.4375578703703704 0.2444444444444444 0.14074074074074075
1 0.7064236111111111 0.6152777777777778 0.1222222222222222 0.3555555555555555
1 0.6223958333333333 0.5649884259259259 0.10416666666666666 0.2518518518518518
1 0.5171875 0.5928626543209876 0.2 0.2419753086419753
1 0.9342013888888889 0.23385416666666664 0.12777777777777777 0.13333333333333333
1 0.9164930555555555 0.11709104938271604 0.1361111111111111 0.16543209876543208
1 0.576388888888889 0.21302083333333335 0.07777777777777777 0.06666666666666667
1 0.5664930555555555 0.17716049382716048 0.08611111111111111 0.05432098765432099
1 0.5104166666666667 0.38447145061728394 0.12083333333333332 0.2345679012345679
1 0.4175347222222222 0.42492283950617277 0.15694444444444444 0.21234567901234563
1 0.42465277777777777 0.26774691358024694 0.14305555555555555 0.16049382716049382
0 0.3861111111111111 0.5259259259259259 0.13472222222222222 0.2518518518518518
0 0.33368055555555554 0.3193094135802469 0.08611111111111111 0.16049382716049382
1 0.27065972222222223 0.3815007716049383 0.09444444444444444 0.20987654320987653
1 0.2359375 0.300462962962963 0.125 0.1259259259259259
1 0.18559027777777776 0.20437885802469138 0.13055555555555556 0.24938271604938272
1 0.43923611111111105 0.10283564814814813 0.1472222222222222 0.0962962962962963
0 0.25590277777777776 0.1888695987654321 0.08055555555555555 0.1308641975308642
0 0.2125 0.09666280864197531 0.0625 0.08395061728395062
0 0.32291666666666663 0.15489969135802467 0.07083333333333333 0.11604938271604937
0 0.3741319444444445 0.06780478395061729 0.06388888888888888 0.10123456790123457
0 0.37256944444444445 0.16896219135802468 0.06388888888888888 0.11604938271604937
1 0.7314236111111111 0.12268518518518519 0.09722222222222222 0.17037037037037037
1 0.828298611111111 0.15588348765432097 0.08472222222222223 0.10864197530864197
2 0.10989583333333333 0.45540123456790127 0.12916666666666665 0.13580246913580246