3 0.4018229166666667 0.47847222222222224 0.04427083333333333 0.04444444444444444
3 0.4770833333333333 0.8086805555555555 0.06666666666666667 0.11111111111111112
0 0.5013020833333333 0.07934027777777777 0.021354166666666667 0.03055555555555555
0 0.5950520833333333 0.09618055555555556 0.018229166666666664 0.03611111111111111
0 0.56875 0.14444444444444443 0.025 0.03888888888888888
0 0.46484375 0.11765046296296296 0.0203125 0.050925925925925916
0 0.35026041666666663 0.2881365740740741 0.028645833333333332 0.04814814814814815
0 0.36822916666666666 0.340625 0.03333333333333333 0.05
0 0.29791666666666666 0.6460069444444445 0.03020833333333333 0.03888888888888888
0 0.35078125 0.5601851851851852 0.0296875 0.045370370370370366
0 0.7390625 0.4195023148148148 0.034375 0.054629629629629625
0 0.89296875 0.49774305555555554 0.0359375 0.0611111111111111
0 0.7700520833333333 0.5557291666666667 0.04635416666666666 0.05833333333333333
0 0.68203125 0.6614583333333333 0.0515625 0.06666666666666667
0 0.28671875 0.9070601851851852 0.0515625 0.09537037037037036