1 0.753125 0.731712962962963 0.115625 0.3509259259259259
0 0.3848958333333333 0.0974537037037037 0.04791666666666666 0.0824074074074074
0 0.5057291666666667 0.19270833333333331 0.04583333333333333 0.09166666666666666
0 0.9302083333333334 0.6211226851851852 0.05416666666666666 0.09537037037037036
0 0.4932291666666667 0.41967592592592595 0.07083333333333333 0.12685185185185183
0 0.4690104166666667 0.5190972222222222 0.05052083333333333 0.09444444444444444
0 0.10572916666666665 0.6086226851851853 0.13333333333333333 0.19537037037037036
0 0.2515625 0.8965277777777778 0.109375 0.20555555555555555
2 0.43671875 0.6463541666666667 0.0484375 0.08333333333333333
2 0.35677083333333337 0.8775462962962963 0.04791666666666666 0.09259259259259259
0 0.7890625 0.3222800925925926 0.0375 0.06018518518518519