3 0.2583333333333333 0.9197916666666666 0.11354166666666665 0.15833333333333333
0 0.7213541666666667 0.31394675925925924 0.042708333333333334 0.0685185185185185
1 0.846875 0.41759259259259257 0.10625 0.11018518518518519
1 0.4986979166666667 0.2874421296296296 0.11614583333333332 0.08425925925925926
1 0.25625 0.6256944444444444 0.08125 0.21388888888888888
0 0.31666666666666665 0.40827546296296297 0.03020833333333333 0.050925925925925916
0 0.26692708333333337 0.1955439814814815 0.04010416666666666 0.06296296296296296
0 0.8903645833333333 0.39189814814814816 0.04010416666666666 0.046296296296296294
0 0.8567708333333334 0.5276041666666667 0.05416666666666666 0.05833333333333333
0 0.903125 0.6456018518518518 0.046875 0.0537037037037037
0 0.9231770833333334 0.7554398148148148 0.049479166666666664 0.054629629629629625
0 0.6127604166666667 0.506712962962963 0.04739583333333333 0.07592592592592592
0 0.20182291666666666 0.50625 0.06302083333333333 0.075