0 0.05833333333333333 0.3685185185185185 0.029166666666666664 0.037037037037037035
0 0.19557291666666668 0.3671875 0.028645833333333332 0.05
0 0.22760416666666666 0.506886574074074 0.03020833333333333 0.04814814814814815
0 0.39791666666666664 0.24253472222222222 0.02395833333333333 0.04444444444444444
0 0.6309895833333333 0.0978587962962963 0.03697916666666666 0.04259259259259259
0 0.5869791666666667 0.23223379629629629 0.02395833333333333 0.04259259259259259
0 0.7169270833333333 0.10063657407407407 0.027604166666666662 0.04814814814814815
0 0.6971354166666667 0.18628472222222223 0.034895833333333334 0.06944444444444445
0 0.8127604166666667 0.11221064814814814 0.034895833333333334 0.046296296296296294
0 0.8768229166666666 0.10248842592592593 0.04114583333333333 0.05185185185185185
0 0.9046875 0.40109953703703705 0.06875 0.09907407407407406
0 0.24583333333333335 0.7554976851851852 0.03854166666666666 0.045370370370370366
3 0.29921875 0.7098958333333333 0.0390625 0.06666666666666667