0 0.51953125 0.18784722222222222 0.0421875 0.06944444444444445
0 0.8997395833333334 0.4683449074074074 0.06510416666666666 0.08981481481481482
0 0.8984375 0.33287037037037037 0.05 0.06574074074074074
0 0.775 0.359837962962963 0.0375 0.050925925925925916
0 0.5403645833333333 0.43113425925925924 0.043229166666666666 0.04351851851851852
3 0.2078125 0.46209490740740744 0.078125 0.11481481481481481
3 0.6567708333333333 0.5413773148148148 0.04479166666666666 0.054629629629629625
3 0.859375 0.9435185185185185 0.08125 0.11203703703703702
3 0.7565104166666667 0.23703703703703702 0.04739583333333333 0.04907407407407407
3 0.09505208333333333 0.16736111111111113 0.06822916666666666 0.07222222222222222
3 0.12161458333333333 0.1083912037037037 0.08385416666666666 0.0824074074074074
1 0.39921875 0.24913194444444448 0.0546875 0.11388888888888889
0 0.8940104166666666 0.19126157407407407 0.03177083333333333 0.04814814814814815
0 0.85859375 0.1634837962962963 0.0359375 0.04259259259259259
0 0.8755208333333334 0.13211805555555556 0.026041666666666664 0.03611111111111111
0 0.634375 0.191724537037037 0.021875 0.04907407407407407