2 0.46944444444444444 0.23184799382716048 0.02638888888888889 0.05432098765432099
3 0.46944444444444444 0.30810185185185185 0.06388888888888888 0.1037037037037037
2 0.47152777777777777 0.4412229938271605 0.03055555555555555 0.05432098765432099
2 0.8598958333333334 0.9569251543209877 0.029166666666666664 0.04197530864197531
2 0.8125 0.5154899691358025 0.05 0.07160493827160494
2 0.8501736111111111 0.4959104938271605 0.04722222222222222 0.05432098765432099
2 0.9173611111111111 0.5039737654320987 0.05972222222222222 0.06419753086419752
0 0.5755208333333333 0.7076195987654321 0.09166666666666666 0.1308641975308642
0 0.6762152777777778 0.7640239197530864 0.08055555555555555 0.10617283950617282
0 0.5690972222222223 0.8470679012345679 0.05694444444444444 0.0691358024691358
0 0.9510416666666666 0.9244020061728395 0.09583333333333333 0.14567901234567898
3 0.6168402777777777 0.5783371913580246 0.06805555555555555 0.11604938271604937
3 0.6364583333333333 0.9370563271604938 0.06666666666666667 0.12098765432098765