3 0.5794270833333333 0.8388888888888889 0.07447916666666667 0.10277777777777777
0 0.4692708333333333 0.4361689814814815 0.022916666666666665 0.03796296296296296
0 0.20416666666666666 0.47054398148148147 0.042708333333333334 0.08796296296296295
0 0.8591145833333333 0.4412037037037037 0.03072916666666666 0.05740740740740741
0 0.8494791666666666 0.5016782407407407 0.03645833333333333 0.05648148148148148
0 0.66171875 0.36244212962962963 0.0296875 0.059259259259259255
0 0.6643229166666667 0.4346064814814815 0.03177083333333333 0.06296296296296296
0 0.62109375 0.5189814814814815 0.0359375 0.06296296296296296
0 0.465625 0.5443865740740741 0.0375 0.04814814814814815
0 0.4041666666666667 0.5966435185185185 0.042708333333333334 0.062037037037037036
0 0.4872395833333333 0.694675925925926 0.049479166666666664 0.07685185185185185
0 0.2203125 0.7221643518518518 0.05625 0.07870370370370369
0 0.78125 0.6691550925925925 0.05 0.06018518518518519
0 0.7861979166666667 0.9697916666666666 0.07864583333333333 0.05833333333333333