1 0.6057291666666667 0.18258101851851852 0.05833333333333333 0.062037037037037036
3 0.4778645833333333 0.5158564814814814 0.06197916666666666 0.11296296296296296
0 0.09322916666666667 0.7774884259259259 0.02395833333333333 0.05185185185185185
0 0.4880208333333333 0.21886574074074075 0.026041666666666664 0.03148148148148148
0 0.5125 0.1971064814814815 0.028125 0.03796296296296296
0 0.49140625 0.2778935185185185 0.0296875 0.037037037037037035
0 0.39505208333333336 0.3638888888888889 0.027604166666666662 0.05277777777777778
0 0.5205729166666667 0.32783564814814814 0.025520833333333333 0.046296296296296294
0 0.57578125 0.1439814814814815 0.0265625 0.03796296296296296
0 0.6408854166666667 0.24427083333333335 0.034895833333333334 0.041666666666666664
0 0.6807291666666667 0.26805555555555555 0.03958333333333333 0.0611111111111111
0 0.7291666666666667 0.2650462962962963 0.03333333333333333 0.04259259259259259
0 0.4536458333333333 0.4811921296296296 0.035416666666666666 0.059259259259259255
0 0.26432291666666663 0.6171875 0.025520833333333333 0.05
0 0.259375 0.6802083333333333 0.03125 0.041666666666666664
0 0.20729166666666665 0.7742476851851852 0.02395833333333333 0.045370370370370366
0 0.39453125 0.6611111111111111 0.0296875 0.04722222222222222
0 0.25442708333333336 0.903125 0.04635416666666666 0.075
0 0.31015625 0.9515046296296296 0.0390625 0.059259259259259255
0 0.3455729166666667 0.9227430555555556 0.03177083333333333 0.0611111111111111
0 0.40234375 0.8836805555555556 0.0359375 0.0611111111111111
0 0.5809895833333333 0.563136574074074 0.03072916666666666 0.04814814814814815