0 0.88125 0.13572530864197532 0.05 0.08395061728395062
0 0.646875 0.08375771604938272 0.0625 0.09876543209876543
0 0.40868055555555555 0.2770061728395062 0.04861111111111111 0.07901234567901234
0 0.2598958333333333 0.25052083333333336 0.041666666666666664 0.06666666666666667
0 0.5105902777777778 0.30752314814814813 0.05555555555555556 0.0962962962962963
0 0.4217013888888889 0.7141975308641976 0.07777777777777777 0.12839506172839504
0 0.17829861111111112 0.5303819444444444 0.05972222222222222 0.08888888888888888
0 0.91875 0.9753472222222221 0.1 0.04444444444444444
3 0.8362847222222222 0.9497106481481481 0.06944444444444445 0.0962962962962963
3 0.8272569444444444 0.8016782407407407 0.06388888888888888 0.08148148148148147
3 0.5229166666666667 0.7820216049382716 0.04583333333333333 0.0765432098765432
3 0.18298611111111113 0.9210069444444444 0.05972222222222222 0.08888888888888888