2 0.5411458333333333 0.7226851851851852 0.05416666666666666 0.10787037037037037
2 0.13854166666666667 0.4966435185185185 0.04583333333333333 0.07453703703703704
2 0.05559895833333332 0.6160300925925926 0.07994791666666666 0.12268518518518519
2 0.0296875 0.539236111111111 0.05625 0.08472222222222223
2 0.22473958333333335 0.36464120370370373 0.04635416666666666 0.05740740740740741
2 0.24700520833333334 0.4651041666666667 0.047135416666666666 0.07083333333333333
2 0.031119791666666664 0.7335069444444444 0.05598958333333333 0.1388888888888889
2 0.526171875 0.45526620370370374 0.05546875 0.0699074074074074
2 0.7713541666666667 0.4638310185185185 0.06145833333333332 0.08703703703703704
2 0.927734375 0.6375578703703704 0.07734375 0.07824074074074074
2 0.7595052083333333 0.20445601851851852 0.047135416666666666 0.062037037037037036