1 0.86328125 0.5615162037037037 0.1046875 0.15740740740740738
0 0.5359375 0.9197337962962964 0.0875 0.11759259259259258
0 0.559375 0.7425347222222223 0.08125 0.16944444444444445
0 0.6716145833333333 0.8243055555555555 0.06822916666666666 0.11111111111111112
0 0.4903645833333333 0.34878472222222223 0.06197916666666666 0.09444444444444444
0 0.7015625 0.28628472222222223 0.053125 0.06944444444444445
0 0.6700520833333333 0.21469907407407404 0.043229166666666666 0.07314814814814814
0 0.7315104166666667 0.17378472222222224 0.03802083333333333 0.09444444444444444
0 0.38541666666666663 0.11903935185185185 0.05833333333333333 0.07870370370370369
0 0.31302083333333336 0.1410300925925926 0.05416666666666666 0.06018518518518519
0 0.30963541666666666 0.0640625 0.05052083333333333 0.05
0 0.10338541666666665 0.1745949074074074 0.07239583333333333 0.11481481481481481
3 0.4015625 0.3886574074074074 0.078125 0.11481481481481481
2 0.8565104166666666 0.7232638888888889 0.028645833333333332 0.05277777777777778
2 0.46953125 0.6608796296296295 0.0265625 0.059259259259259255
2 0.35052083333333334 0.2300925925925926 0.03229166666666666 0.03518518518518519