3 0.5305397727272727 0.6628472222222223 0.09232954545454544 0.11631944444444445
0 0.40738636363636366 0.10607638888888889 0.05539772727272727 0.07465277777777778
0 0.3705965909090909 0.17118055555555556 0.05681818181818181 0.07986111111111112
0 0.7742897727272727 0.25243055555555555 0.06107954545454545 0.07986111111111112
0 0.8721590909090908 0.6230902777777778 0.05681818181818181 0.07118055555555555
0 0.686221590909091 0.7536458333333333 0.07244318181818181 0.10416666666666667
0 0.9673295454545455 0.8317708333333333 0.059659090909090905 0.10416666666666667
0 0.7414772727272727 0.9572916666666667 0.09232954545454544 0.08333333333333334
0 0.6737215909090909 0.8784722222222221 0.07244318181818181 0.10069444444444445
0 0.2538352272727272 0.6298611111111111 0.06392045454545454 0.11284722222222224
0 0.17642045454545455 0.5192708333333333 0.08096590909090909 0.10416666666666667
0 0.12215909090909091 0.6888888888888889 0.07244318181818181 0.09027777777777778
0 0.6306818181818181 0.4727430555555555 0.10511363636363635 0.1267361111111111