0 0.6389204545454545 0.2359375 0.06534090909090909 0.09375
3 0.30511363636363636 0.31840277777777776 0.06960227272727273 0.08680555555555555
0 0.19559659090909093 0.06822916666666667 0.05681818181818181 0.06770833333333334
0 0.1497159090909091 0.10347222222222223 0.05255681818181818 0.06944444444444445
0 0.19133522727272728 0.14565972222222223 0.048295454545454544 0.06944444444444445
0 0.04318181818181818 0.14600694444444445 0.05823863636363637 0.0763888888888889
0 0.8220170454545455 0.15677083333333336 0.059659090909090905 0.07291666666666667
0 0.7021306818181818 0.14600694444444445 0.06676136363636363 0.0763888888888889
0 0.9355113636363637 0.11614583333333335 0.05539772727272727 0.07291666666666667
0 0.9194602272727274 0.29913194444444446 0.048295454545454544 0.0763888888888889
0 0.8478693181818182 0.2873263888888889 0.05823863636363637 0.07465277777777778
0 0.9775568181818182 0.38211805555555556 0.04261363636363637 0.07986111111111112
0 0.6765625 0.6065972222222222 0.078125 0.08506944444444445
0 0.49715909090909094 0.5491319444444445 0.07244318181818181 0.10763888888888888