0 0.121875 0.20086805555555554 0.040625 0.0611111111111111
1 0.33671875 0.837673611111111 0.1453125 0.24722222222222218
1 0.9247395833333334 0.9292824074074074 0.14947916666666666 0.1398148148148148
0 0.9760416666666666 0.8361689814814814 0.04583333333333333 0.08796296296296295
0 0.8692708333333334 0.7241898148148148 0.03854166666666666 0.054629629629629625
0 0.8127604166666667 0.6706018518518518 0.034895833333333334 0.0537037037037037
0 0.7036458333333333 0.7156828703703704 0.06354166666666666 0.06574074074074074
0 0.7526041666666667 0.677488425925926 0.03645833333333333 0.05185185185185185
0 0.7484375 0.6264467592592593 0.028125 0.04351851851851852
0 0.8635416666666667 0.43599537037037034 0.02708333333333333 0.04074074074074074
0 0.44609375 0.7626157407407408 0.0421875 0.05648148148148148
0 0.2484375 0.29716435185185186 0.034375 0.0537037037037037
0 0.4817708333333333 0.3900462962962963 0.04479166666666666 0.06759259259259259
0 0.25494791666666666 0.23344907407407406 0.03802083333333333 0.07314814814814814
0 0.17317708333333331 0.19646990740740738 0.03697916666666666 0.06481481481481481
0 0.19947916666666668 0.27077546296296295 0.03645833333333333 0.07592592592592592
0 0.04192708333333333 0.5316550925925926 0.04010416666666666 0.06018518518518519
3 0.8255208333333334 0.936574074074074 0.06979166666666667 0.09814814814814814