2 0.14895833333333333 0.42040895061728395 0.029166666666666664 0.0345679012345679
2 0.44652777777777775 0.46761188271604937 0.018055555555555554 0.03209876543209876
2 0.44305555555555554 0.5547839506172839 0.02361111111111111 0.0345679012345679
2 0.22309027777777776 0.6303626543209877 0.03055555555555555 0.04197530864197531
2 0.15815972222222224 0.646238425925926 0.03194444444444444 0.05185185185185185
3 0.36944444444444446 0.3509452160493827 0.06388888888888888 0.09876543209876543
3 0.31961805555555556 0.6904320987654321 0.08611111111111111 0.1308641975308642
3 0.4960069444444445 0.581616512345679 0.06388888888888888 0.09135802469135802
3 0.6965277777777777 0.5587577160493827 0.05555555555555556 0.09876543209876543
3 0.7793402777777778 0.548804012345679 0.06805555555555555 0.09135802469135802
2 0.6234375 0.8031442901234568 0.025 0.046913580246913576
2 0.5744791666666667 0.8298804012345679 0.03333333333333333 0.0691358024691358
2 0.5366319444444445 0.8437692901234568 0.02638888888888889 0.046913580246913576
0 0.21736111111111112 0.06745756172839505 0.07222222222222222 0.05679012345679012
0 0.33836805555555555 0.16664737654320988 0.0611111111111111 0.08641975308641975
0 0.3828125 0.27166280864197534 0.05 0.08395061728395062
0 0.5487847222222222 0.5573688271604939 0.05694444444444444 0.12098765432098765
0 0.6932291666666667 0.6068672839506173 0.08333333333333333 0.10123456790123457
0 0.8642361111111111 0.6475887345679012 0.10972222222222221 0.13580246913580246
0 0.12013888888888888 0.7254050925925926 0.15277777777777776 0.18518518518518517