2 0.20703125 0.891898148148148 0.0421875 0.046296296296296294
2 0.21171875 0.6129629629629629 0.0328125 0.050925925925925916
1 0.8052083333333334 0.6659143518518518 0.09479166666666666 0.2287037037037037
1 0.5466145833333333 0.741550925925926 0.11510416666666665 0.12685185185185183
0 0.3609375 0.5220486111111111 0.0375 0.04722222222222222
0 0.34765625 0.5627893518518519 0.0265625 0.0537037037037037
0 0.3421875 0.6307291666666667 0.028125 0.05833333333333333
0 0.5388020833333333 0.36192129629629627 0.04635416666666666 0.06759259259259259
0 0.5276041666666667 0.24496527777777777 0.02708333333333333 0.05555555555555556
0 0.5182291666666667 0.1927662037037037 0.02708333333333333 0.032407407407407406
0 0.51796875 0.16197916666666667 0.0203125 0.03333333333333333
0 0.5942708333333333 0.15868055555555555 0.019791666666666666 0.03611111111111111
0 0.58359375 0.11822916666666668 0.0171875 0.03333333333333333
0 0.5692708333333333 0.09797453703703704 0.022916666666666665 0.024074074074074074
0 0.7838541666666667 0.12309027777777777 0.020833333333333332 0.03055555555555555
0 0.7403645833333333 0.1292824074074074 0.024479166666666666 0.03981481481481482
0 0.7846354166666667 0.07945601851851851 0.01927083333333333 0.037037037037037035
0 0.7606770833333333 0.07123842592592593 0.021354166666666667 0.02685185185185185
0 0.7424479166666667 0.09236111111111112 0.01927083333333333 0.02222222222222222
1 0.6846354166666667 0.11255787037037038 0.056770833333333326 0.04074074074074074