0 0.23715277777777777 0.38449074074074074 0.06805555555555555 0.08148148148148147
0 0.15920138888888888 0.36861496913580244 0.05277777777777778 0.07160493827160494
0 0.18611111111111112 0.41269290123456787 0.05972222222222222 0.0691358024691358
0 0.2850694444444445 0.44000771604938277 0.10138888888888889 0.09876543209876543
0 0.20416666666666666 0.4913194444444445 0.05833333333333333 0.08888888888888888
0 0.15746527777777777 0.4869598765432099 0.06805555555555555 0.08641975308641975
0 0.12170138888888889 0.5453510802469136 0.06527777777777778 0.09382716049382715
0 0.47829861111111105 0.2808641975308642 0.05972222222222222 0.06172839506172839
2 0.4822916666666667 0.32403549382716046 0.05833333333333333 0.05432098765432099
1 0.4364583333333333 0.47480709876543215 0.07916666666666666 0.1308641975308642
1 0.4916666666666667 0.3944444444444445 0.05833333333333333 0.08888888888888888
1 0.5520833333333333 0.33383487654320987 0.05416666666666666 0.08641975308641975
1 0.5715277777777777 0.38655478395061726 0.05555555555555556 0.10123456790123457
1 0.5272569444444445 0.4434606481481482 0.06388888888888888 0.0962962962962963
1 0.4809027777777778 0.5087577160493828 0.06805555555555555 0.09876543209876543
1 0.5541666666666667 0.5368055555555555 0.07083333333333333 0.11111111111111112
1 0.4989583333333333 0.5772762345679012 0.07916666666666666 0.13580246913580246
1 0.8046875 0.246412037037037 0.075 0.07407407407407407
0 0.7513888888888889 0.26863425925925927 0.06527777777777778 0.11851851851851851
0 0.6557291666666667 0.37816358024691354 0.07083333333333333 0.09382716049382715
0 0.7520833333333333 0.43549382716049384 0.09166666666666666 0.12098765432098765
0 0.6734375 0.43425925925925923 0.075 0.11851851851851851
0 0.7458333333333333 0.5424961419753086 0.07916666666666666 0.1506172839506173
0 0.8012152777777779 0.49701003086419754 0.06805555555555555 0.12839506172839504
0 0.8444444444444444 0.40169753086419757 0.07638888888888888 0.12839506172839504
0 0.9336805555555555 0.39544753086419754 0.0736111111111111 0.12839506172839504
0 0.9850694444444444 0.288695987654321 0.02638888888888889 0.10864197530864197
0 0.6626736111111111 0.5834490740740741 0.08472222222222223 0.14814814814814814
0 0.8180555555555555 0.599826388888889 0.09861111111111111 0.17777777777777776
0 0.9180555555555555 0.5664351851851852 0.09861111111111111 0.17037037037037037
0 0.898263888888889 0.6666087962962963 0.10277777777777777 0.1925925925925926
0 0.9805555555555555 0.5934992283950618 0.03611111111111111 0.19012345679012346
0 0.7548611111111111 0.6721836419753087 0.08472222222222223 0.1506172839506173
0 0.6694444444444445 0.7069058641975309 0.10138888888888889 0.1950617283950617
0 0.9777777777777779 0.7818094135802469 0.043055555555555555 0.16049382716049382
2 0.9053819444444444 0.7760609567901234 0.12638888888888888 0.18024691358024691
2 0.9840277777777778 0.9244020061728395 0.03055555555555555 0.14567901234567898
2 0.3836805555555555 0.5992283950617284 0.09861111111111111 0.12345679012345678
0 0.30972222222222223 0.5992283950617284 0.08194444444444444 0.12345679012345678
1 0.31961805555555556 0.49353780864197533 0.1361111111111111 0.08395061728395062
1 0.30347222222222225 0.5379436728395062 0.09444444444444444 0.07901234567901234
0 0.28107638888888886 0.6850887345679013 0.09027777777777776 0.13580246913580246
0 0.2661458333333333 0.7921682098765432 0.11666666666666665 0.1530864197530864
1 0.4916666666666667 0.6877121913580246 0.19583333333333333 0.11604938271604937
0 0.23628472222222224 0.568383487654321 0.05694444444444444 0.10864197530864197
0 0.17743055555555556 0.5844135802469136 0.0611111111111111 0.09382716049382715
0 0.06024305555555556 0.5516782407407408 0.0611111111111111 0.08148148148148147
0 0.11267361111111111 0.6544174382716049 0.08472222222222223 0.14320987654320988
0 0.5454861111111111 0.7736882716049382 0.1472222222222222 0.20987654320987653
1 0.607638888888889 0.733912037037037 0.07777777777777777 0.274074074074074
1 0.3545138888888889 0.8880015432098766 0.12777777777777777 0.21975308641975308
1 0.2829861111111111 0.9048996913580247 0.1222222222222222 0.11604938271604937
1 0.6961805555555556 0.9370563271604938 0.1736111111111111 0.12098765432098765
1 0.5508680555555555 0.8928047839506172 0.1361111111111111 0.10123456790123457
1 0.4053819444444445 0.9623649691358025 0.10138888888888889 0.07160493827160494
0 0.12743055555555555 0.9285108024691358 0.14861111111111108 0.1382716049382716
0 0.631076388888889 0.9585841049382717 0.10277777777777777 0.0765432098765432
0 0.5206597222222222 0.9497106481481481 0.11944444444444444 0.0962962962962963