1 0.9269097222222221 0.20418595679012347 0.14444444444444443 0.3802469135802469
2 0.795138888888889 0.14523533950617282 0.17777777777777776 0.21234567901234563
0 0.6578125 0.3325617283950617 0.25 0.3901234567901234
1 0.7619791666666667 0.3223958333333333 0.18333333333333332 0.4666666666666666
0 0.5590277777777778 0.17941743827160492 0.20555555555555555 0.34320987654320984
1 0.4625 0.22544367283950617 0.1 0.27901234567901234
2 0.3133680555555555 0.14128086419753086 0.1361111111111111 0.1950617283950617
1 0.3553819444444445 0.4018325617283951 0.1388888888888889 0.2567901234567901
2 0.25763888888888886 0.3501736111111111 0.15277777777777776 0.22222222222222224
0 0.17916666666666664 0.5525077160493828 0.2708333333333333 0.49876543209876545
2 0.13524305555555555 0.8075231481481481 0.2111111111111111 0.2962962962962963
1 0.3328125 0.7165123456790123 0.2125 0.35802469135802467
1 0.6946180555555556 0.7747685185185185 0.5111111111111111 0.437037037037037
1 0.718923611111111 0.7671296296296296 0.5597222222222222 0.45925925925925926
1 0.21354166666666666 0.9411651234567902 0.3333333333333333 0.11358024691358024