3 0.6805555555555556 0.6697916666666667 0.0736111111111111 0.13333333333333333
1 0.5982638888888889 0.6060570987654321 0.11527777777777777 0.1308641975308642
0 0.8862847222222221 0.9169945987654321 0.08194444444444444 0.1308641975308642
0 0.5064236111111111 0.6580246913580247 0.07222222222222222 0.11604938271604937
0 0.8590277777777778 0.5766782407407407 0.05555555555555556 0.08148148148148147
0 0.6767361111111111 0.5680362654320987 0.034722222222222224 0.06419753086419752
0 0.6097222222222223 0.33794367283950616 0.04444444444444444 0.07901234567901234
0 0.5689236111111111 0.38794367283950615 0.04722222222222222 0.07901234567901234
0 0.4456597222222222 0.3985532407407407 0.04444444444444444 0.08148148148148147
0 0.47465277777777776 0.33350694444444445 0.05555555555555556 0.08888888888888888
0 0.3715277777777778 0.3006751543209877 0.03055555555555555 0.04197530864197531
0 0.3111111111111111 0.31425540123456785 0.034722222222222224 0.0691358024691358
0 0.22760416666666666 0.32609953703703703 0.03333333333333333 0.07407407407407407
0 0.15486111111111112 0.44988425925925923 0.07222222222222222 0.11851851851851851
2 0.3631944444444445 0.9645833333333333 0.03888888888888888 0.06666666666666667
2 0.4951388888888889 0.8091628086419753 0.10277777777777777 0.08395061728395062
2 0.35208333333333336 0.7423032407407407 0.06666666666666667 0.08148148148148147
2 0.4161458333333333 0.8058641975308642 0.041666666666666664 0.06172839506172839
2 0.21944444444444447 0.6436921296296296 0.05138888888888889 0.059259259259259255