2 0.801953125 0.5265625 0.04765625 0.0625
2 0.333203125 0.6590277777777778 0.03515625 0.05555555555555556
2 0.871484375 0.9501157407407407 0.03671875 0.06898148148148148
2 0.8735677083333334 0.7560185185185185 0.047135416666666666 0.07453703703703704
2 0.6984375 0.2717013888888889 0.025 0.04027777777777777
2 0.8470052083333334 0.37216435185185187 0.047135416666666666 0.0662037037037037
2 0.76875 0.7791087962962963 0.059375 0.08009259259259259
2 0.7087239583333333 0.7320601851851852 0.054947916666666666 0.08287037037037036
2 0.7854166666666667 0.6262731481481482 0.04895833333333333 0.08379629629629629
2 0.7326822916666667 0.5705439814814814 0.04973958333333333 0.06296296296296296
2 0.6584635416666667 0.5196180555555555 0.04192708333333333 0.0611111111111111
2 0.67265625 0.4776041666666667 0.0296875 0.04583333333333333
2 0.651171875 0.4482060185185185 0.03046875 0.04953703703703703
2 0.4263020833333333 0.8716435185185185 0.04010416666666666 0.07453703703703704
2 0.4024739583333333 0.8041087962962964 0.03619791666666666 0.08009259259259259
2 0.37955729166666663 0.7711805555555555 0.03411458333333333 0.0611111111111111
2 0.58984375 0.5994791666666667 0.0328125 0.05833333333333333
2 0.537109375 0.7118055555555556 0.03671875 0.0611111111111111
3 0.519921875 0.5215856481481482 0.05546875 0.07129629629629629
2 0.4765625 0.9734375 0.05625 0.053125