3 0.2734375 0.6600887345679013 0.0625 0.13580246913580246
0 0.8335069444444445 0.6352623456790123 0.07638888888888888 0.1580246913580247
0 0.5715277777777777 0.588136574074074 0.08055555555555555 0.14814814814814814
0 0.46545138888888893 0.592013888888889 0.07777777777777777 0.17777777777777776
0 0.5727430555555555 0.7643711419753086 0.0736111111111111 0.1506172839506173
0 0.33125 0.05324074074074074 0.05 0.08148148148148147
0 0.440625 0.23738425925925927 0.0625 0.11851851851851851
0 0.47204861111111107 0.41550925925925924 0.08472222222222223 0.11851851851851851
0 0.1640625 0.7330439814814815 0.1 0.16296296296296295
0 0.9715277777777779 0.7869791666666667 0.05555555555555556 0.13333333333333333
2 0.9802083333333333 0.407349537037037 0.029166666666666664 0.07407407407407407
2 0.8053819444444444 0.9317708333333334 0.03888888888888888 0.06666666666666667
2 0.6539930555555555 0.7271797839506172 0.03611111111111111 0.10123456790123457
2 0.6180555555555556 0.3000192901234568 0.03611111111111111 0.046913580246913576
2 0.5715277777777777 0.43036265432098764 0.018055555555555554 0.04197530864197531
2 0.6532986111111111 0.3672839506172839 0.02222222222222222 0.0345679012345679