3 0.6347222222222222 0.6201003086419753 0.05694444444444444 0.08395061728395062
0 0.709201388888889 0.5799768518518518 0.06527777777777778 0.1037037037037037
0 0.9743055555555555 0.6439429012345679 0.04861111111111111 0.0691358024691358
0 0.8032986111111111 0.5946952160493828 0.05972222222222222 0.09876543209876543
0 0.7651041666666667 0.5263503086419753 0.04583333333333333 0.08395061728395062
0 0.48559027777777775 0.2187114197530864 0.05555555555555556 0.10617283950617282
0 0.5107638888888889 0.16236496913580248 0.04027777777777777 0.07160493827160494
0 0.5008680555555556 0.3568672839506173 0.04861111111111111 0.10123456790123457
0 0.39600694444444445 0.2554591049382716 0.03888888888888888 0.0765432098765432
0 0.2581597222222222 0.6479938271604938 0.05694444444444444 0.12098765432098765
0 0.25243055555555555 0.5468364197530864 0.04861111111111111 0.10617283950617282
0 0.2796875 0.4312114197530864 0.0625 0.10617283950617282
0 0.20954861111111112 0.21155478395061728 0.04722222222222222 0.10123456790123457
0 0.13576388888888888 0.16442901234567903 0.05277777777777778 0.09135802469135802
3 0.5180555555555555 0.5897569444444445 0.04861111111111111 0.08888888888888888
3 0.6513888888888889 0.8070408950617283 0.06527777777777778 0.12345679012345678
3 0.37430555555555556 0.7747299382716049 0.09861111111111111 0.14320987654320988
1 0.45902777777777776 0.7981674382716049 0.08055555555555555 0.14320987654320988