1 0.6829861111111111 0.7041859567901234 0.07222222222222222 0.18024691358024691
1 0.4375 0.924074074074074 0.05 0.14814814814814814
1 0.484375 0.9028742283950617 0.075 0.19012345679012346
1 0.5255208333333333 0.631983024691358 0.07916666666666666 0.18271604938271604
0 0.3484375 0.8880015432098766 0.1375 0.21975308641975308
0 0.5765625 0.7619984567901235 0.0875 0.18024691358024691
0 0.6241319444444444 0.6878086419753087 0.07638888888888888 0.1506172839506173
0 0.6529513888888889 0.4573688271604938 0.06527777777777778 0.12098765432098765
0 0.6357638888888889 0.3374614197530864 0.05277777777777778 0.10617283950617282
0 0.5708333333333333 0.1931327160493827 0.05416666666666666 0.09876543209876543
0 0.5255208333333333 0.10160108024691357 0.041666666666666664 0.09382716049382715
0 0.4838541666666667 0.0486304012345679 0.04583333333333333 0.0691358024691358