0 0.09461805555555555 0.2054783950617284 0.08611111111111111 0.12345679012345678
0 0.4111111111111111 0.8863233024691357 0.08472222222222223 0.1382716049382716
0 0.22916666666666666 0.042959104938271604 0.09583333333333333 0.0765432098765432
0 0.6319444444444444 0.4088348765432099 0.03888888888888888 0.08641975308641975
0 0.5513888888888889 0.1330054012345679 0.04027777777777777 0.0691358024691358
0 0.6585069444444445 0.2212384259259259 0.02638888888888889 0.05185185185185185
0 0.5967013888888889 0.1017554012345679 0.02777777777777778 0.0691358024691358
0 0.632986111111111 0.11030092592592593 0.02222222222222222 0.05185185185185185
3 0.40694444444444444 0.2303047839506173 0.07638888888888888 0.10123456790123457
3 0.6473958333333333 0.5829475308641976 0.06666666666666667 0.12839506172839504
1 0.6600694444444445 0.8975887345679012 0.05138888888888889 0.13580246913580246