2 0.9493055555555555 0.18074845679012347 0.09861111111111111 0.18024691358024691
0 0.921701388888889 0.3981095679012346 0.15277777777777776 0.4024691358024691
1 0.8381944444444445 0.4847800925925926 0.21388888888888888 0.5851851851851851
0 0.7791666666666666 0.8623649691358025 0.20833333333333331 0.2716049382716049
1 0.6713541666666666 0.6983603395061728 0.2833333333333333 0.21234567901234563
0 0.6880208333333333 0.4706018518518518 0.10416666666666666 0.3037037037037037
2 0.6871527777777777 0.19182098765432098 0.13055555555555556 0.30864197530864196
0 0.5689236111111111 0.29174382716049385 0.1597222222222222 0.32098765432098764
0 0.45069444444444445 0.1777391975308642 0.15138888888888888 0.2617283950617284
2 0.5380208333333333 0.5676118827160493 0.16666666666666666 0.23209876543209873
2 0.46597222222222223 0.4383487654320987 0.06944444444444445 0.2641975308641975
0 0.3810763888888889 0.36919367283950616 0.16527777777777777 0.27901234567901234
0 0.18055555555555552 0.26803626543209874 0.14861111111111108 0.2641975308641975
0 0.4138888888888889 0.6878472222222223 0.14027777777777778 0.2444444444444444
0 0.5288194444444445 0.8395833333333333 0.18888888888888888 0.26666666666666666
1 0.18211805555555555 0.8136381172839506 0.11111111111111112 0.36790123456790125
1 0.2923611111111111 0.7390817901234568 0.1472222222222222 0.4469135802469135
2 0.17621527777777776 0.9414930555555555 0.10555555555555556 0.11111111111111112
2 0.12934027777777776 0.7627700617283951 0.08055555555555555 0.2567901234567901
1 0.10572916666666665 0.5921489197530864 0.15833333333333333 0.3061728395061728