3 0.5721354166666667 0.8142939814814815 0.02239583333333333 0.03796296296296296
0 0.5490885416666667 0.8752893518518519 0.029427083333333333 0.0537037037037037
0 0.4721354166666667 0.26348379629629626 0.028645833333333332 0.04259259259259259
0 0.5415364583333333 0.3234375 0.023697916666666666 0.05
0 0.708203125 0.28385416666666663 0.02265625 0.04583333333333333
0 0.7522135416666667 0.27141203703703703 0.02630208333333333 0.04907407407407407
0 0.7388020833333333 0.2089699074074074 0.024479166666666666 0.052314814814814814
0 0.931640625 0.7571180555555556 0.04140625 0.0736111111111111
0 0.8888020833333334 0.6929398148148148 0.03072916666666666 0.04212962962962963
0 0.78828125 0.968287037037037 0.0546875 0.06157407407407407
0 0.6295572916666667 0.8945601851851851 0.04348958333333333 0.07037037037037037
0 0.6700520833333333 0.7273726851851852 0.03697916666666666 0.05787037037037037
0 0.266796875 0.8412615740740741 0.03046875 0.06064814814814814
0 0.9041666666666666 0.13929398148148148 0.02395833333333333 0.050462962962962966
3 0.28463541666666664 0.8479166666666667 0.02239583333333333 0.03333333333333333
3 0.743359375 0.6650462962962963 0.04296875 0.055092592592592596
3 0.8319010416666666 0.8164351851851851 0.04505208333333333 0.07037037037037037
3 0.9514322916666667 0.9494212962962963 0.03723958333333333 0.06759259259259259
3 0.889453125 0.7378472222222222 0.04765625 0.08194444444444444
3 0.516796875 0.33848379629629627 0.03359375 0.055092592592592596
0 0.16328125 0.3402199074074074 0.0296875 0.03981481481481482
0 0.19622395833333334 0.33524305555555556 0.02682291666666666 0.04861111111111111