1 0.959201388888889 0.22216435185185185 0.07777777777777777 0.1037037037037037
1 0.6137152777777778 0.4091820987654321 0.06805555555555555 0.1308641975308642
0 0.5385416666666667 0.17260802469135803 0.10833333333333332 0.18271604938271604
0 0.27361111111111114 0.5639081790123457 0.13472222222222222 0.22469135802469134
0 0.38506944444444446 0.9392746913580247 0.07638888888888888 0.11604938271604937
0 0.8494791666666666 0.5721450617283951 0.03333333333333333 0.05679012345679012
0 0.9184027777777779 0.6968171296296296 0.043055555555555555 0.059259259259259255
3 0.08819444444444444 0.873726851851852 0.07638888888888888 0.1037037037037037
3 0.17291666666666666 0.8714120370370371 0.05833333333333333 0.07407407407407407
3 0.25902777777777775 0.8891010802469136 0.08055555555555555 0.09382716049382715
3 0.617361111111111 0.9582561728395061 0.07222222222222222 0.07901234567901234
3 0.8779513888888889 0.2655864197530864 0.06527777777777778 0.10617283950617282
3 0.6010416666666667 0.6990354938271606 0.03333333333333333 0.05432098765432099
1 0.5369791666666667 0.9560378086419753 0.04583333333333333 0.08395061728395062