0 0.18229166666666666 0.33391203703703703 0.05833333333333333 0.07407407407407407
0 0.10347222222222223 0.36334876543209876 0.05694444444444444 0.06419753086419752
0 0.46163194444444444 0.37297453703703703 0.05138888888888889 0.07407407407407407
0 0.47204861111111107 0.28802083333333334 0.04722222222222222 0.06666666666666667
0 0.5324652777777777 0.26277006172839507 0.043055555555555555 0.05679012345679012
0 0.6315972222222223 0.2306134259259259 0.03194444444444444 0.05185185185185185
0 0.7543402777777778 0.278491512345679 0.05555555555555556 0.09135802469135802
0 0.8130208333333334 0.225366512345679 0.05416666666666666 0.09135802469135802
0 0.7734375 0.3955246913580247 0.0625 0.11604938271604937
0 0.8875 0.39701003086419756 0.075 0.12839506172839504
3 0.9394097222222222 0.5038194444444445 0.08194444444444444 0.08888888888888888
0 0.8628472222222221 0.5491512345679013 0.08194444444444444 0.13580246913580246
0 0.9010416666666666 0.777295524691358 0.10833333333333332 0.18271604938271604
0 0.8649305555555555 0.9114197530864198 0.12361111111111109 0.1728395061728395
0 0.7746527777777777 0.969020061728395 0.09305555555555554 0.05679012345679012