1 0.3555555555555555 0.44018132716049385 0.0611111111111111 0.12098765432098765
3 0.9428819444444445 0.31730324074074073 0.10138888888888889 0.08148148148148147
1 0.9527777777777778 0.0738233024691358 0.05555555555555556 0.1382716049382716
3 0.7039930555555556 0.5592399691358024 0.04861111111111111 0.07160493827160494
0 0.38559027777777777 0.12403549382716048 0.06805555555555555 0.05432098765432099
3 0.6199652777777778 0.2648341049382716 0.05555555555555556 0.0765432098765432
3 0.7074652777777778 0.27511574074074074 0.05555555555555556 0.08148148148148147
3 0.45920138888888895 0.951929012345679 0.09027777777777776 0.09135802469135802
3 0.743923611111111 0.8119791666666666 0.04722222222222222 0.13333333333333333
3 0.6373263888888889 0.6632137345679012 0.09027777777777776 0.13580246913580246
0 0.7392361111111111 0.0611304012345679 0.04722222222222222 0.0691358024691358
0 0.2921875 0.6166280864197531 0.0875 0.23950617283950618
0 0.2578125 0.3972608024691358 0.0375 0.1382716049382716
1 0.548611111111111 0.07609953703703703 0.034722222222222224 0.07407407407407407