3 0.6572916666666667 0.8757137345679012 0.08333333333333333 0.13580246913580246
3 0.7302083333333333 0.8790123456790123 0.07916666666666666 0.1580246913580247
3 0.6723958333333333 0.7590856481481482 0.05416666666666666 0.0962962962962963
3 0.7171875 0.7127121913580247 0.0625 0.11604938271604937
0 0.6026041666666667 0.6023533950617284 0.07083333333333333 0.12345679012345678
0 0.27569444444444446 0.2950231481481481 0.06388888888888888 0.0962962962962963
0 0.31197916666666664 0.14411651234567902 0.05833333333333333 0.09135802469135802
0 0.34600694444444446 0.2559606481481481 0.05138888888888889 0.0962962962962963
0 0.7631944444444445 0.4797260802469136 0.03888888888888888 0.09382716049382715
0 0.6713541666666667 0.665991512345679 0.04583333333333333 0.09135802469135802
1 0.4692708333333333 0.5782407407407407 0.09166666666666666 0.08148148148148147
1 0.4802083333333333 0.7946952160493828 0.09166666666666666 0.09876543209876543