3 0.4208333333333333 0.08761574074074074 0.06666666666666667 0.08148148148148147
3 0.6314236111111111 0.4765432098765432 0.08472222222222223 0.1530864197530864
3 0.4227430555555555 0.4823109567901234 0.08611111111111111 0.18024691358024691
0 0.44392361111111106 0.20318287037037036 0.07222222222222222 0.14074074074074075
0 0.5159722222222223 0.5191743827160493 0.09444444444444444 0.23209876543209873
2 0.6293402777777778 0.6100694444444444 0.05555555555555556 0.08888888888888888
0 0.7711805555555555 0.7169174382716049 0.1986111111111111 0.34320987654320984
0 0.9083333333333334 0.6021797839506172 0.17916666666666664 0.3012345679012346
0 0.8210069444444444 0.3804783950617284 0.07638888888888888 0.12345679012345678
0 0.7524305555555555 0.4021026234567901 0.09861111111111111 0.11358024691358024
1 0.8348958333333334 0.21155478395061728 0.07916666666666666 0.10123456790123457
1 0.8293402777777779 0.08391203703703703 0.06805555555555555 0.07407407407407407
0 0.9708333333333334 0.23703703703703702 0.05416666666666666 0.07407407407407407
0 0.9227430555555556 0.147241512345679 0.0611111111111111 0.09135802469135802