1 0.9026041666666667 0.5463348765432099 0.09583333333333333 0.08641975308641975
0 0.4973958333333333 0.9032021604938272 0.12916666666666665 0.1876543209876543
0 0.657986111111111 0.8712384259259259 0.1222222222222222 0.2518518518518518
0 0.8055555555555556 0.9285108024691358 0.11111111111111112 0.1382716049382716
0 0.9484375 0.960474537037037 0.1 0.07407407407407407
0 0.9663194444444445 0.45613425925925927 0.06388888888888888 0.11851851851851851
0 0.7338541666666667 0.4666666666666667 0.08333333333333333 0.13333333333333333
0 0.8423611111111111 0.2623070987654321 0.07222222222222222 0.1308641975308642
0 0.7071180555555555 0.27660108024691354 0.0611111111111111 0.09382716049382715
0 0.5375 0.26413966049382714 0.0875 0.1876543209876543
0 0.334375 0.48964120370370373 0.1125 0.2074074074074074