2 0.6751736111111111 0.9207561728395062 0.04722222222222222 0.07901234567901234
0 0.5399305555555556 0.9053047839506172 0.04861111111111111 0.10123456790123457
0 0.8989583333333334 0.9541473765432098 0.09166666666666666 0.08641975308641975
0 0.6729166666666667 0.45981867283950617 0.05833333333333333 0.07901234567901234
0 0.6163194444444444 0.3514274691358025 0.03888888888888888 0.07160493827160494
0 0.5741319444444445 0.335474537037037 0.03888888888888888 0.07407407407407407
0 0.4630208333333333 0.7336612654320988 0.041666666666666664 0.06419753086419752
0 0.38090277777777776 0.726099537037037 0.043055555555555555 0.07407407407407407
0 0.38524305555555555 0.6154128086419753 0.04861111111111111 0.08395061728395062
0 0.29791666666666666 0.587037037037037 0.04583333333333333 0.07407407407407407
0 0.15972222222222224 0.8748649691358026 0.04444444444444444 0.07160493827160494
3 0.3701388888888889 0.9227430555555556 0.05277777777777778 0.11111111111111112
3 0.5303819444444444 0.6698881172839506 0.10138888888888889 0.16790123456790124