0 0.2857638888888889 0.10439814814814814 0.05277777777777778 0.0962962962962963
0 0.30243055555555554 0.3905864197530864 0.0611111111111111 0.10617283950617282
0 0.2557291666666667 0.43638117283950617 0.04583333333333333 0.07901234567901234
0 0.2694444444444445 0.3077739197530864 0.06388888888888888 0.10617283950617282
0 0.28402777777777777 0.23013117283950618 0.05555555555555556 0.07901234567901234
0 0.17430555555555555 0.292554012345679 0.0611111111111111 0.09135802469135802
0 0.09496527777777777 0.26697530864197533 0.06805555555555555 0.08395061728395062
0 0.10729166666666665 0.4476658950617284 0.08333333333333333 0.12345679012345678
0 0.32708333333333334 0.8142746913580247 0.06666666666666667 0.11604938271604937
0 0.5116319444444445 0.525462962962963 0.08888888888888888 0.1259259259259259
0 0.6243055555555556 0.12625385802469136 0.03611111111111111 0.04938271604938271
0 0.9859375 0.284741512345679 0.025 0.09135802469135802
0 0.8090277777777779 0.2691936728395062 0.043055555555555555 0.07901234567901234
0 0.5901041666666667 0.6764467592592592 0.07083333333333333 0.11851851851851851