0 0.06944444444444445 0.06122685185185185 0.06388888888888888 0.1037037037037037
0 0.3407986111111111 0.4757137345679013 0.08472222222222223 0.13580246913580246
1 0.1296875 0.5040702160493827 0.1125 0.09876543209876543
1 0.12013888888888888 0.2501157407407407 0.10277777777777777 0.08148148148148147
1 0.125 0.18819444444444444 0.0875 0.08888888888888888
1 0.33090277777777777 0.28292824074074074 0.08055555555555555 0.08148148148148147
1 0.5305555555555556 0.7723572530864198 0.11111111111111112 0.1728395061728395
1 0.6133680555555555 0.8538580246913581 0.09861111111111111 0.18271604938271604
1 0.5473958333333333 0.43555169753086415 0.06666666666666667 0.06172839506172839
0 0.2560763888888889 0.24484953703703702 0.05277777777777778 0.07407407407407407
0 0.33333333333333337 0.20316358024691356 0.05416666666666666 0.09382716049382715
0 0.4010416666666667 0.21788194444444448 0.04583333333333333 0.08888888888888888
0 0.5916666666666667 0.6154320987654321 0.07083333333333333 0.1308641975308642
0 0.5527777777777778 0.484741512345679 0.043055555555555555 0.09135802469135802