0 0.5194444444444445 0.27347608024691356 0.05138888888888889 0.09382716049382715
0 0.554513888888889 0.2605516975308642 0.04027777777777777 0.06172839506172839
3 0.9609375 0.26099537037037035 0.0625 0.14074074074074075
0 0.6265625 0.18917824074074074 0.05 0.08148148148148147
0 0.6659722222222222 0.1584104938271605 0.04444444444444444 0.05432098765432099
0 0.7315972222222222 0.1757716049382716 0.05694444444444444 0.0765432098765432
0 0.7734375 0.24938271604938272 0.05 0.09876543209876543
0 0.6239583333333333 0.6725308641975308 0.05416666666666666 0.1950617283950617
0 0.7222222222222222 0.5505787037037038 0.11944444444444444 0.2074074074074074
0 0.814236111111111 0.7018904320987654 0.1222222222222222 0.19753086419753085
0 0.38541666666666663 0.7044560185185185 0.13333333333333333 0.23703703703703702
0 0.1798611111111111 0.9582561728395061 0.13472222222222222 0.07901234567901234