1 0.6489583333333333 0.7415316358024692 0.07916666666666666 0.20493827160493824
1 0.7052083333333333 0.6024498456790124 0.06666666666666667 0.1580246913580247
0 0.6347222222222222 0.1896026234567901 0.05694444444444444 0.11358024691358024
0 0.7071180555555555 0.21969521604938272 0.04861111111111111 0.09876543209876543
0 0.7819444444444444 0.7796296296296296 0.15138888888888888 0.25925925925925924
0 0.6508680555555555 0.9563657407407407 0.12361111111111109 0.08148148148148147
0 0.6123263888888889 0.3783371913580247 0.06527777777777778 0.11604938271604937
0 0.5350694444444445 0.4828703703703704 0.07638888888888888 0.14074074074074075
0 0.38784722222222223 0.5036072530864197 0.11944444444444444 0.1728395061728395
0 0.13767361111111112 0.6462962962962963 0.1222222222222222 0.1925925925925926
0 0.16180555555555554 0.859548611111111 0.1611111111111111 0.22222222222222224