0 0.6319444444444444 0.14255401234567902 0.05138888888888889 0.09135802469135802
0 0.6739583333333333 0.07690972222222223 0.029166666666666664 0.04444444444444444
3 0.390625 0.9232253086419753 0.0375 0.08395061728395062
0 0.8090277777777779 0.14986496913580247 0.03055555555555555 0.07160493827160494
0 0.7555555555555555 0.18013117283950617 0.03611111111111111 0.07901234567901234
0 0.6498263888888889 0.37816358024691354 0.04027777777777777 0.09382716049382715
0 0.03993055555555555 0.9474922839506172 0.0736111111111111 0.10123456790123457
0 0.7307291666666667 0.7880401234567901 0.07083333333333333 0.11358024691358024
0 0.23246527777777776 0.6806520061728395 0.09305555555555554 0.14567901234567898
0 0.1703125 0.49429012345679013 0.075 0.11358024691358024
3 0.04774305555555555 0.24953703703703703 0.0736111111111111 0.07407407407407407
3 0.1734375 0.32403549382716046 0.05 0.05432098765432099
3 0.4510416666666667 0.14510030864197532 0.05833333333333333 0.08395061728395062
3 0.6 0.433179012345679 0.0375 0.09135802469135802
2 0.648263888888889 0.9437114197530864 0.05277777777777778 0.10617283950617282