0 0.2845486111111111 0.4030671296296296 0.034722222222222224 0.059259259259259255
3 0.12239583333333333 0.5439429012345679 0.06666666666666667 0.0691358024691358
3 0.15902777777777777 0.3886766975308642 0.043055555555555555 0.06172839506172839
1 0.48663194444444446 0.7241512345679013 0.05138888888888889 0.13580246913580246
1 0.10954861111111111 0.6527391975308642 0.05972222222222222 0.06172839506172839
2 0.5520833333333333 0.960474537037037 0.029166666666666664 0.07407407407407407
2 0.4454861111111111 0.9442708333333334 0.04722222222222222 0.06666666666666667
2 0.6925347222222222 0.8662229938271604 0.03194444444444444 0.05432098765432099
2 0.531076388888889 0.8600501543209876 0.015277777777777776 0.04197530864197531
2 0.4942708333333333 0.8410493827160493 0.029166666666666664 0.03209876543209876
2 0.6333333333333333 0.899363425925926 0.029166666666666664 0.05185185185185185
2 0.3423611111111111 0.8822530864197532 0.02222222222222222 0.03950617283950617
3 0.624826388888889 0.6331211419753087 0.11527777777777777 0.1506172839506173
0 0.759548611111111 0.32158564814814816 0.04722222222222222 0.0962962962962963
0 0.5960069444444445 0.7743055555555556 0.06388888888888888 0.11111111111111112
0 0.3795138888888889 0.5317708333333333 0.04027777777777777 0.06666666666666667
0 0.28107638888888886 0.7561149691358025 0.05277777777777778 0.07160493827160494
1 0.10364583333333333 0.3091628086419753 0.029166666666666664 0.08395061728395062
1 0.8413194444444445 0.8736304012345679 0.07638888888888888 0.0691358024691358
1 0.5463541666666667 0.4468171296296296 0.05833333333333333 0.059259259259259255
1 0.03628472222222222 0.8029320987654321 0.05694444444444444 0.1308641975308642
1 0.22916666666666666 0.5720679012345679 0.07083333333333333 0.0691358024691358
1 0.3145833333333333 0.5839891975308642 0.06666666666666667 0.06172839506172839
3 0.8618055555555555 0.9516782407407407 0.0611111111111111 0.08148148148148147