0 0.4913194444444445 0.1080054012345679 0.03888888888888888 0.0691358024691358
0 0.4057291666666667 0.12395833333333332 0.03333333333333333 0.06666666666666667
0 0.41579861111111105 0.9158179012345679 0.034722222222222224 0.0691358024691358
3 0.39479166666666665 0.4638503086419753 0.04583333333333333 0.08395061728395062
0 0.39427083333333335 0.6821180555555555 0.05416666666666666 0.11111111111111112
0 0.5336805555555555 0.7018518518518518 0.0611111111111111 0.1037037037037037
0 0.601388888888889 0.22561728395061728 0.05277777777777778 0.10123456790123457
0 0.7772569444444445 0.08483796296296295 0.06388888888888888 0.1259259259259259
3 0.49444444444444446 0.5118827160493827 0.05138888888888889 0.09876543209876543
3 0.8425347222222221 0.5922260802469136 0.05694444444444444 0.09382716049382715
3 0.6899305555555555 0.46467978395061726 0.0611111111111111 0.10123456790123457
3 0.43524305555555554 0.7085069444444445 0.04861111111111111 0.08888888888888888
3 0.30416666666666664 0.7245563271604938 0.05833333333333333 0.12098765432098765
3 0.2659722222222222 0.9019675925925925 0.09444444444444444 0.18518518518518517