1 0.30538194444444444 0.14797453703703703 0.08888888888888888 0.07407407407407407
0 0.15920138888888888 0.11666666666666665 0.09027777777777776 0.13333333333333333
0 0.3642361111111111 0.9092013888888889 0.10972222222222221 0.17777777777777776
0 0.4041666666666667 0.7101851851851853 0.09583333333333333 0.17037037037037037
0 0.5581597222222222 0.6492283950617284 0.06944444444444445 0.12345679012345678
0 0.5809027777777778 0.5930555555555556 0.05555555555555556 0.11111111111111112
0 0.6090277777777777 0.45999228395061725 0.05555555555555556 0.10123456790123457
0 0.5986111111111111 0.38449074074074074 0.04722222222222222 0.08148148148148147
0 0.5376736111111111 0.28703703703703703 0.04722222222222222 0.07407407407407407
0 0.4604166666666667 0.19525462962962964 0.03333333333333333 0.059259259259259255
0 0.46336805555555555 0.14205246913580247 0.03611111111111111 0.07160493827160494