2 0.8163194444444445 0.2341435185185185 0.1638888888888889 0.23703703703703702
2 0.9234375 0.37862654320987654 0.15 0.21975308641975308
2 0.9779513888888889 0.5423804012345679 0.04027777777777777 0.2691358024691358
0 0.9706597222222222 0.5360532407407408 0.05694444444444444 0.2814814814814815
0 0.9270833333333334 0.7857831790123456 0.14166666666666666 0.42469135802469127
2 0.8501736111111111 0.8538194444444445 0.29722222222222217 0.28888888888888886
2 0.7164930555555555 0.38817515432098765 0.1611111111111111 0.2419753086419753
2 0.6647569444444444 0.5547839506172839 0.17638888888888887 0.2345679012345679
1 0.4859375 0.2509645061728395 0.2375 0.14567901234567898
1 0.515451388888889 0.8671296296296296 0.14027777777777778 0.25925925925925924
2 0.6178819444444444 0.8032021604938272 0.2513888888888889 0.3876543209876543
2 0.4064236111111111 0.9158564814814815 0.1222222222222222 0.16296296296296295
2 0.35868055555555556 0.559375 0.14861111111111108 0.2
0 0.3793402777777778 0.6484567901234568 0.23055555555555554 0.4469135802469135
0 0.24288194444444447 0.9414930555555555 0.21388888888888888 0.11111111111111112
2 0.30833333333333335 0.8342978395061728 0.041666666666666664 0.21234567901234563
1 0.23958333333333331 0.6995370370370371 0.14166666666666666 0.47407407407407404
0 0.14809027777777778 0.7561342592592593 0.16805555555555554 0.31851851851851853