2 0.47482638888888895 0.9243055555555555 0.07777777777777777 0.11111111111111112
0 0.33697916666666666 0.3516782407407407 0.04583333333333333 0.08148148148148147
0 0.41631944444444446 0.20067515432098765 0.02638888888888889 0.04197530864197531
0 0.5635416666666667 0.24656635802469137 0.03333333333333333 0.04938271604938271
0 0.6819444444444445 0.3353009259259259 0.02638888888888889 0.05185185185185185
0 0.7086805555555555 0.3797067901234568 0.02361111111111111 0.046913580246913576
0 0.5793402777777777 0.46342592592592596 0.03055555555555555 0.05185185185185185
0 0.6359375 0.5214891975308642 0.0375 0.06172839506172839
0 0.650173611111111 0.6214891975308642 0.034722222222222224 0.06172839506172839
0 0.545138888888889 0.803491512345679 0.05277777777777778 0.09135802469135802
0 0.26545138888888886 0.3274884259259259 0.02777777777777778 0.05185185185185185
0 0.2873263888888889 0.38620756172839504 0.02777777777777778 0.05679012345679012
3 0.28315972222222224 0.7324266975308642 0.05694444444444444 0.06172839506172839
1 0.6180555555555556 0.9142554012345678 0.0736111111111111 0.0691358024691358