0 0.7354166666666667 0.12650462962962963 0.03333333333333333 0.059259259259259255
0 0.68125 0.31113040123456787 0.0375 0.0691358024691358
0 0.5994791666666667 0.2527391975308642 0.03333333333333333 0.06172839506172839
3 0.7765625 0.6983024691358024 0.05 0.07160493827160494
3 0.5859375 0.8783179012345679 0.05 0.0691358024691358
3 0.46684027777777776 0.9301311728395062 0.05555555555555556 0.07901234567901234
0 0.7368055555555555 0.5487075617283951 0.03611111111111111 0.05679012345679012
0 0.5741319444444445 0.5720679012345679 0.03888888888888888 0.0691358024691358
0 0.572048611111111 0.7876929012345679 0.034722222222222224 0.0691358024691358
0 0.3859375 0.5427854938271606 0.0375 0.05432098765432099
0 0.4286458333333333 0.5233796296296296 0.041666666666666664 0.059259259259259255
0 0.47829861111111105 0.6279899691358024 0.034722222222222224 0.07160493827160494
0 0.41579861111111105 0.6733024691358025 0.04722222222222222 0.07160493827160494
0 0.6409722222222223 0.6370370370370371 0.04444444444444444 0.07407407407407407
0 0.6489583333333333 0.7548032407407408 0.041666666666666664 0.08148148148148147
0 0.9831597222222221 0.6766010802469136 0.03194444444444444 0.09382716049382715
0 0.8763888888888889 0.7982253086419753 0.06527777777777778 0.08395061728395062
0 0.9303819444444444 0.8919945987654321 0.10138888888888889 0.1308641975308642
0 0.09600694444444444 0.40250771604938274 0.07638888888888888 0.09876543209876543