0 0.30416666666666664 0.11606867283950617 0.04583333333333333 0.07901234567901234
0 0.7470486111111111 0.4461612654320987 0.034722222222222224 0.06419753086419752
0 0.146875 0.33894675925925927 0.075 0.11851851851851851
0 0.31440972222222224 0.29347993827160496 0.06944444444444445 0.14320987654320988
0 0.5751736111111111 0.10505401234567902 0.07222222222222222 0.09135802469135802
0 0.34739583333333335 0.5069444444444444 0.041666666666666664 0.08888888888888888
0 0.40503472222222225 0.12955246913580248 0.03194444444444444 0.07160493827160494
3 0.17847222222222223 0.6117283950617284 0.09444444444444444 0.12345679012345678
3 0.36597222222222225 0.44048996913580246 0.05694444444444444 0.07160493827160494
3 0.8548611111111111 0.2797260802469136 0.04722222222222222 0.09382716049382715
0 0.9538194444444444 0.9474922839506172 0.08888888888888888 0.10123456790123457