0 0.9288194444444444 0.5817708333333333 0.03888888888888888 0.06666666666666667
0 0.83125 0.8049768518518519 0.05 0.1037037037037037
0 0.8319444444444445 0.6204282407407408 0.05138888888888889 0.08148148148148147
0 0.7088541666666667 0.4114583333333333 0.04583333333333333 0.06666666666666667
0 0.5326388888888889 0.24419367283950616 0.04027777777777777 0.07901234567901234
0 0.3921875 0.0511766975308642 0.0375 0.06172839506172839
0 0.4059027777777778 0.11902006172839505 0.043055555555555555 0.05679012345679012
0 0.3857638888888889 0.26591435185185186 0.05277777777777778 0.1037037037037037
0 0.24010416666666665 0.2899884259259259 0.05833333333333333 0.05185185185185185
0 0.3095486111111111 0.5312885802469136 0.07222222222222222 0.09382716049382715
0 0.5602430555555555 0.6797260802469136 0.0611111111111111 0.09382716049382715
0 0.46371527777777777 0.5292438271604938 0.06805555555555555 0.12098765432098765
3 0.7298611111111111 0.7210069444444445 0.05972222222222222 0.08888888888888888
3 0.7034722222222223 0.7898533950617284 0.06944444444444445 0.12345679012345678
3 0.6135416666666667 0.6970871913580247 0.07083333333333333 0.11604938271604937
3 0.5144097222222223 0.9671296296296296 0.06944444444444445 0.059259259259259255
3 0.328125 0.7343364197530864 0.0625 0.10617283950617282
3 0.28663194444444445 0.9437114197530864 0.08888888888888888 0.10617283950617282
3 0.04600694444444444 0.9623649691358025 0.08888888888888888 0.07160493827160494