0 0.7277777777777777 0.6564429012345678 0.043055555555555555 0.0691358024691358
0 0.050347222222222224 0.5561149691358025 0.05694444444444444 0.07160493827160494
0 0.2815972222222222 0.5414737654320987 0.04444444444444444 0.06419753086419752
0 0.35 0.6445987654320987 0.05 0.06419753086419752
0 0.736111111111111 0.7959297839506172 0.05972222222222222 0.10123456790123457
0 0.5131944444444445 0.6699266975308642 0.05138888888888889 0.06172839506172839
0 0.4692708333333333 0.651099537037037 0.05416666666666666 0.07407407407407407
0 0.5777777777777777 0.8745563271604938 0.06805555555555555 0.12098765432098765
3 0.3373263888888889 0.7189429012345678 0.05277777777777778 0.0691358024691358
3 0.17638888888888887 0.8142554012345679 0.05277777777777778 0.0691358024691358
3 0.14201388888888888 0.773707561728395 0.05277777777777778 0.05679012345679012
3 0.1876736111111111 0.6908179012345679 0.07222222222222222 0.0691358024691358