0 0.6270833333333333 0.10628858024691357 0.05416666666666666 0.09382716049382715
3 0.58125 0.5430362654320987 0.0375 0.06419753086419752
0 0.5359375 0.5399305555555556 0.0625 0.11111111111111112
3 0.44305555555555554 0.5288966049382716 0.04861111111111111 0.0765432098765432
0 0.40868055555555555 0.5092592592592593 0.04861111111111111 0.11851851851851851
0 0.33611111111111114 0.9671296296296296 0.05972222222222222 0.059259259259259255
3 0.5696180555555556 0.24756944444444445 0.03611111111111111 0.08888888888888888
3 0.5532986111111111 0.19558256172839505 0.034722222222222224 0.05679012345679012
3 0.5815972222222222 0.1695216049382716 0.03194444444444444 0.0765432098765432
3 0.5078125 0.36541280864197534 0.05 0.08395061728395062
3 0.4151041666666667 0.31548996913580246 0.04583333333333333 0.07160493827160494
3 0.42065972222222225 0.7173032407407407 0.04444444444444444 0.08148148148148147
3 0.3236111111111111 0.5208526234567901 0.05972222222222222 0.11358024691358024
3 0.2899305555555555 0.6721836419753087 0.08611111111111111 0.1506172839506173
3 0.8484375 0.47141203703703705 0.0625 0.07407407407407407
3 0.7022569444444444 0.3364776234567901 0.06388888888888888 0.11358024691358024
3 0.5793402777777777 0.884741512345679 0.043055555555555555 0.09135802469135802
3 0.6263888888888889 0.8919753086419753 0.04027777777777777 0.08395061728395062
3 0.6586805555555555 0.8433063271604938 0.0611111111111111 0.12098765432098765