1 0.8303819444444445 0.8518518518518519 0.07638888888888888 0.1037037037037037
1 0.697048611111111 0.8686728395061728 0.07222222222222222 0.21234567901234563
3 0.39826388888888886 0.9668016975308642 0.05277777777777778 0.06172839506172839
0 0.31805555555555554 0.1687692901234568 0.03611111111111111 0.046913580246913576
0 0.26336805555555554 0.22469135802469137 0.02361111111111111 0.04938271604938271
0 0.18645833333333334 0.2043016975308642 0.041666666666666664 0.06172839506172839
0 0.11527777777777777 0.24502314814814813 0.06805555555555555 0.0962962962962963
0 0.6269097222222222 0.2289158950617284 0.06944444444444445 0.12345679012345678
0 0.913888888888889 0.7606674382716049 0.10277777777777777 0.14320987654320988
0 0.9020833333333333 0.5433256172839507 0.12916666666666665 0.16790123456790124
0 0.5736111111111111 0.9389467592592592 0.07222222222222222 0.11851851851851851
0 0.22013888888888888 0.9244020061728395 0.06527777777777778 0.14567901234567898
3 0.740625 0.5453510802469136 0.0625 0.09382716049382715
3 0.15989583333333332 0.6426311728395062 0.06666666666666667 0.07901234567901234