0 0.4145833333333333 0.8946566358024691 0.11666666666666665 0.20493827160493824
2 0.2421875 0.813966049382716 0.125 0.16543209876543208
1 0.15 0.8647376543209877 0.125 0.2419753086419753
1 0.23559027777777777 0.6917631172839507 0.15555555555555553 0.16790123456790124
1 0.3237847222222222 0.6758873456790123 0.20694444444444443 0.1580246913580247
2 0.10920138888888889 0.46732253086419756 0.07777777777777777 0.12839506172839504
2 0.21145833333333336 0.37957175925925923 0.07916666666666666 0.11851851851851851
2 0.33697916666666666 0.31221064814814814 0.08333333333333333 0.0962962962962963
1 0.3524305555555555 0.3912422839506173 0.12361111111111109 0.10123456790123457
1 0.39722222222222225 0.4182098765432099 0.10694444444444444 0.08641975308641975
1 0.47517361111111106 0.28746141975308637 0.10972222222222221 0.10617283950617282
2 0.4756944444444445 0.3585069444444445 0.07638888888888888 0.08888888888888888
2 0.3824652777777778 0.18655478395061728 0.06805555555555555 0.10123456790123457
2 0.45069444444444445 0.17133487654320986 0.06388888888888888 0.08641975308641975
2 0.49288194444444444 0.10603780864197532 0.06388888888888888 0.08395061728395062
1 0.5291666666666667 0.14230324074074074 0.07083333333333333 0.08148148148148147
2 0.5447916666666667 0.1867091049382716 0.07083333333333333 0.0765432098765432
1 0.4020833333333333 0.5476658950617284 0.11666666666666665 0.12345679012345678
1 0.4708333333333333 0.6731288580246914 0.09166666666666666 0.24938271604938272
0 0.4293402777777778 0.5020833333333333 0.06805555555555555 0.06666666666666667
0 0.4958333333333333 0.4409336419753086 0.07916666666666666 0.1506172839506173
2 0.5223958333333333 0.6962962962962963 0.07916666666666666 0.1925925925925926
2 0.5803819444444445 0.5893711419753086 0.10138888888888889 0.1506172839506173
2 0.695138888888889 0.027816358024691356 0.07777777777777777 0.04938271604938271
1 0.5836805555555555 0.9392746913580247 0.1361111111111111 0.11604938271604937
1 0.7112847222222223 0.8772376543209877 0.2569444444444444 0.2419753086419753
0 0.5736111111111111 0.2573688271604938 0.07222222222222222 0.12098765432098765
2 0.5822916666666667 0.45432098765432094 0.08333333333333333 0.10864197530864197
1 0.5847222222222223 0.37503858024691356 0.08194444444444444 0.09382716049382715
2 0.6520833333333333 0.429320987654321 0.10416666666666666 0.10864197530864197
2 0.6536458333333333 0.2525077160493827 0.07916666666666666 0.09876543209876543
2 0.7196180555555556 0.34440586419753083 0.11111111111111112 0.1950617283950617
2 0.7720486111111111 0.4144483024691358 0.07222222222222222 0.1382716049382716
0 0.6605902777777778 0.5253858024691358 0.09305555555555554 0.1382716049382716
0 0.6934027777777778 0.6201388888888889 0.10555555555555556 0.17777777777777776
0 0.7899305555555556 0.6870949074074074 0.11111111111111112 0.2148148148148148
3 0.8628472222222221 0.38939043209876545 0.15694444444444444 0.19753086419753085
1 0.798611111111111 0.5149305555555556 0.10972222222222221 0.11111111111111112
3 0.9027777777777779 0.8838927469135802 0.19305555555555554 0.22716049382716047
2 0.8571180555555555 0.6700617283950617 0.0611111111111111 0.19012345679012346
2 0.8993055555555556 0.6262152777777777 0.09861111111111111 0.15555555555555553
2 0.9475694444444445 0.7301697530864197 0.10138888888888889 0.1728395061728395
2 0.9508680555555555 0.5369020061728395 0.0736111111111111 0.14567901234567898
2 0.9779513888888889 0.5281057098765432 0.04027777777777777 0.1530864197530864
0 0.9583333333333334 0.4033371913580247 0.07916666666666666 0.11604938271604937