0 0.6921875 0.29205246913580246 0.0375 0.07160493827160494
0 0.6454861111111111 0.23966049382716048 0.034722222222222224 0.05432098765432099
0 0.1265625 0.7521797839506172 0.075 0.10123456790123457
0 0.165625 0.6364583333333333 0.05 0.06666666666666667
0 0.4229166666666667 0.9232253086419753 0.05833333333333333 0.08395061728395062
0 0.6487847222222223 0.9118827160493828 0.06944444444444445 0.09876543209876543
0 0.9076388888888889 0.7760223765432099 0.05277777777777778 0.08641975308641975
0 0.8147569444444445 0.6345679012345679 0.05138888888888889 0.0691358024691358
0 0.892361111111111 0.4529899691358025 0.04722222222222222 0.07160493827160494
0 0.765451388888889 0.18991126543209877 0.02777777777777778 0.06419753086419752
0 0.9550347222222222 0.23678626543209877 0.03194444444444444 0.06419753086419752
0 0.44652777777777775 0.24722222222222223 0.03055555555555555 0.04444444444444444
0 0.5048611111111111 0.3204089506172839 0.02222222222222222 0.0345679012345679
3 0.4840277777777778 0.7598186728395062 0.043055555555555555 0.07901234567901234
3 0.9324652777777779 0.6685378086419753 0.05555555555555556 0.08395061728395062
3 0.8828125 0.7015046296296296 0.0375 0.059259259259259255