0 0.8729166666666666 0.10974151234567901 0.05833333333333333 0.09135802469135802
1 0.8157986111111111 0.19328703703703703 0.07222222222222222 0.07407407407407407
1 0.7789930555555555 0.08678626543209876 0.0611111111111111 0.06419753086419752
1 0.3050347222222222 0.23161651234567898 0.09444444444444444 0.09135802469135802
0 0.109375 0.2802469135802469 0.1 0.16049382716049382
0 0.15347222222222223 0.501736111111111 0.10694444444444444 0.22222222222222224
0 0.80625 0.34955632716049384 0.1 0.12098765432098765
0 0.8710069444444445 0.2650270061728395 0.08888888888888888 0.14567901234567898
0 0.9706597222222222 0.2845293209876543 0.05694444444444444 0.17530864197530863
0 0.9215277777777778 0.5252121913580247 0.15555555555555553 0.3160493827160494
0 0.4864583333333333 0.29461805555555554 0.06666666666666667 0.11111111111111112
0 0.6236111111111111 0.5278935185185185 0.10972222222222221 0.23703703703703702
3 0.5427083333333333 0.516261574074074 0.09166666666666666 0.14814814814814814
2 0.7234375 0.6051311728395061 0.0625 0.07901234567901234
3 0.6949652777777777 0.49083719135802467 0.08055555555555555 0.11604938271604937