0 0.06631944444444444 0.18688271604938272 0.05138888888888889 0.09876543209876543
3 0.4265625 0.8021990740740741 0.1 0.14814814814814814
0 0.5223958333333333 0.6762924382716049 0.06666666666666667 0.14320987654320988
0 0.46597222222222223 0.6896026234567901 0.06944444444444445 0.11358024691358024
0 0.47100694444444446 0.5956018518518518 0.06388888888888888 0.1037037037037037
0 0.45138888888888895 0.5381944444444444 0.06527777777777778 0.08888888888888888
0 0.4515625 0.462037037037037 0.05 0.07407407407407407
0 0.4923611111111111 0.45530478395061724 0.04722222222222222 0.10123456790123457
0 0.48663194444444446 0.3830054012345679 0.05138888888888889 0.0691358024691358
0 0.43125 0.4291473765432099 0.05 0.08641975308641975
0 0.44409722222222225 0.35866126543209875 0.04444444444444444 0.06419753086419752
0 0.5430555555555555 0.30603780864197533 0.04861111111111111 0.08395061728395062
0 0.5914930555555555 0.25611496913580245 0.04861111111111111 0.07160493827160494
0 0.5517361111111111 0.23234953703703703 0.034722222222222224 0.07407407407407407
0 0.7225694444444445 0.05808256172839506 0.03888888888888888 0.05679012345679012
1 0.875 0.23975694444444445 0.1125 0.08888888888888888
0 0.4359375 0.3027391975308642 0.0375 0.06172839506172839
0 0.45069444444444445 0.25125385802469136 0.03888888888888888 0.04938271604938271