0 0.7392361111111111 0.29205246913580246 0.04722222222222222 0.07160493827160494
0 0.540798611111111 0.3375385802469136 0.04722222222222222 0.09382716049382715
0 0.4364583333333333 0.4685378086419753 0.041666666666666664 0.08395061728395062
0 0.31805555555555554 0.40298996913580243 0.04861111111111111 0.07160493827160494
0 0.3628472222222222 0.3524112654320988 0.04444444444444444 0.06419753086419752
0 0.36527777777777776 0.5724151234567901 0.05555555555555556 0.11358024691358024
0 0.6413194444444444 0.44691358024691363 0.05138888888888889 0.09382716049382715
0 0.677951388888889 0.637133487654321 0.06527777777777778 0.10864197530864197
0 0.9777777777777779 0.6878665123456791 0.043055555555555555 0.09135802469135802
3 0.539236111111111 0.9645833333333333 0.07222222222222222 0.06666666666666667
3 0.4692708333333333 0.9204475308641975 0.07916666666666666 0.12839506172839504
3 0.6036458333333333 0.7710069444444445 0.05416666666666666 0.08888888888888888
3 0.83125 0.5131944444444445 0.0625 0.08888888888888888
3 0.7815972222222223 0.45011574074074073 0.05694444444444444 0.08148148148148147