0 0.6538194444444445 0.11556712962962963 0.03888888888888888 0.059259259259259255
1 0.5161458333333333 0.24855324074074076 0.10416666666666666 0.08148148148148147
1 0.6138888888888889 0.45472608024691363 0.10277777777777777 0.09382716049382715
0 0.7796875 0.951929012345679 0.1125 0.09135802469135802
0 0.3546875 0.9326195987654321 0.0875 0.1308641975308642
0 0.8368055555555556 0.2702739197530864 0.0611111111111111 0.10617283950617282
0 0.6394097222222223 0.2738811728395062 0.05694444444444444 0.07901234567901234
0 0.6751736111111111 0.33794367283950616 0.05972222222222222 0.07901234567901234
0 0.4409722222222222 0.18587962962962962 0.04444444444444444 0.059259259259259255
0 0.04982638888888889 0.3080246913580247 0.06527777777777778 0.11604938271604937
0 0.057638888888888885 0.4095679012345679 0.05277777777777778 0.0691358024691358
0 0.20902777777777776 0.5650462962962963 0.11805555555555555 0.1925925925925926
0 0.15920138888888888 0.9411651234567902 0.12777777777777777 0.11358024691358024
3 0.12690972222222224 0.9076195987654321 0.08194444444444444 0.1308641975308642