1 0.0828125 0.48506944444444444 0.1375 0.28888888888888886
1 0.13003472222222223 0.6389467592592593 0.14444444444444443 0.31851851851851853
1 0.20052083333333331 0.6702932098765432 0.16666666666666666 0.3530864197530864
1 0.2791666666666667 0.39986496913580244 0.10833333333333332 0.2716049382716049
1 0.2130208333333333 0.2774305555555555 0.14166666666666666 0.11111111111111112
1 0.25625 0.8560378086419753 0.15 0.2839506172839506
1 0.3701388888888889 0.8411651234567902 0.14027777777777778 0.3135802469135802
1 0.4708333333333333 0.8946566358024691 0.15416666666666665 0.20493827160493824
0 0.547048611111111 0.8008487654320987 0.1472222222222222 0.2641975308641975
1 0.611111111111111 0.9199652777777778 0.09722222222222222 0.15555555555555553
1 0.703125 0.9199652777777778 0.125 0.15555555555555553
1 0.8394097222222221 0.8123649691358026 0.3194444444444444 0.2716049382716049
0 0.8362847222222222 0.9262924382716049 0.19444444444444445 0.14320987654320988
2 0.7288194444444445 0.748070987654321 0.07638888888888888 0.10864197530864197
2 0.9166666666666666 0.6640432098765432 0.14583333333333331 0.1530864197530864
2 0.7980902777777777 0.6229359567901234 0.13055555555555556 0.18024691358024691
0 0.6418402777777777 0.587866512345679 0.18055555555555552 0.29135802469135796
1 0.4958333333333333 0.5140625 0.25416666666666665 0.2
2 0.701388888888889 0.5431712962962962 0.10277777777777777 0.1925925925925926
0 0.711111111111111 0.3635030864197531 0.13472222222222222 0.23950617283950618
2 0.7024305555555556 0.43169367283950616 0.11111111111111112 0.07901234567901234
0 0.5940972222222223 0.29581404320987653 0.15694444444444444 0.21975308641975308
0 0.4951388888888889 0.37409336419753086 0.11527777777777777 0.1950617283950617
1 0.40451388888888895 0.36003086419753083 0.10277777777777777 0.1950617283950617
1 0.4685763888888889 0.23080632716049382 0.14027777777777778 0.12098765432098765
1 0.3564236111111111 0.2534336419753086 0.07222222222222222 0.1506172839506173
1 0.3243055555555555 0.1675733024691358 0.1361111111111111 0.1382716049382716
0 0.4645833333333333 0.10243055555555555 0.06666666666666667 0.11111111111111112
1 0.40815972222222224 0.17118055555555556 0.08194444444444444 0.11111111111111112
2 0.7177083333333333 0.2518518518518519 0.07916666666666666 0.1037037037037037
0 0.6763888888888889 0.13271604938271603 0.09027777777777776 0.16543209876543208
1 0.496875 0.13721064814814815 0.0875 0.0962962962962963
1 0.6402777777777777 0.08836805555555556 0.043055555555555555 0.11111111111111112
0 0.6145833333333333 0.06261574074074075 0.05416666666666666 0.08148148148148147
1 0.5616319444444444 0.08020833333333333 0.10138888888888889 0.06666666666666667
1 0.9395833333333334 0.17957175925925925 0.11666666666666665 0.11851851851851851