1 0.17534722222222224 0.8427854938271604 0.13194444444444445 0.254320987654321
1 0.13923611111111112 0.615258487654321 0.10972222222222221 0.10864197530864197
0 0.6217013888888889 0.9244020061728395 0.10277777777777777 0.14567901234567898
0 0.9760416666666666 0.5550733024691358 0.04583333333333333 0.1382716049382716
0 0.9125 0.5851658950617284 0.0875 0.12345679012345678
0 0.9284722222222221 0.30597993827160497 0.08194444444444444 0.14320987654320988
0 0.8340277777777778 0.1349922839506173 0.05555555555555556 0.10123456790123457
0 0.7557291666666667 0.27216435185185184 0.05833333333333333 0.1037037037037037
0 0.48315972222222225 0.18589891975308642 0.05694444444444444 0.10617283950617282
0 0.4532986111111111 0.12224151234567901 0.04722222222222222 0.09135802469135802
3 0.37309027777777776 0.5200617283950617 0.09305555555555554 0.19012345679012346
3 0.06197916666666666 0.3633873456790123 0.10833333333333332 0.1580246913580247