1 0.5605902777777778 0.5285686728395061 0.08055555555555555 0.07901234567901234
1 0.5791666666666667 0.6895061728395062 0.08333333333333333 0.07901234567901234
0 0.09097222222222222 0.07471064814814814 0.05694444444444444 0.0962962962962963
0 0.41631944444444446 0.20513117283950616 0.05138888888888889 0.07901234567901234
0 0.3873263888888889 0.33350694444444445 0.05277777777777778 0.08888888888888888
0 0.4449652777777778 0.29106867283950616 0.043055555555555555 0.07901234567901234
0 0.5277777777777778 0.28194444444444444 0.05555555555555556 0.08888888888888888
0 0.8381944444444445 0.4255208333333333 0.03888888888888888 0.06666666666666667
0 0.6756944444444445 0.5252893518518518 0.06388888888888888 0.1037037037037037
0 0.736111111111111 0.9563657407407407 0.09722222222222222 0.08148148148148147
0 0.7553819444444445 0.5895061728395061 0.05138888888888889 0.07901234567901234
3 0.75 0.7661651234567901 0.0875 0.11358024691358024
3 0.8194444444444444 0.7770254629629629 0.07638888888888888 0.1259259259259259
3 0.7586805555555556 0.6810378086419753 0.0611111111111111 0.08395061728395062
3 0.7972222222222223 0.6381172839506173 0.05694444444444444 0.10123456790123457