3 0.264453125 0.49699074074074073 0.05078125 0.09398148148148147
0 0.7139322916666667 0.9538773148148149 0.08411458333333333 0.09212962962962963
0 0.5192708333333333 0.7270833333333333 0.06666666666666667 0.11666666666666665
0 0.7412760416666667 0.6571180555555556 0.06380208333333333 0.11111111111111112
0 0.6415364583333333 0.230787037037037 0.04244791666666666 0.08657407407407407
0 0.595703125 0.15850694444444444 0.04453125 0.07638888888888888
0 0.5665364583333333 0.28489583333333335 0.04869791666666666 0.07916666666666666
0 0.5251302083333333 0.2713541666666667 0.025260416666666664 0.05833333333333333
0 0.17565104166666665 0.588599537037037 0.05755208333333332 0.09907407407407406
0 0.08893229166666666 0.4606481481481482 0.04973958333333333 0.08379629629629629
0 0.08216145833333333 0.28177083333333336 0.05182291666666666 0.06666666666666667