3 0.8154513888888889 0.3705054012345679 0.07777777777777777 0.0691358024691358
3 0.6432291666666667 0.3452546296296296 0.04583333333333333 0.059259259259259255
3 0.5717013888888889 0.3439429012345679 0.05277777777777778 0.0691358024691358
2 0.6543402777777778 0.7186921296296296 0.03055555555555555 0.059259259259259255
3 0.4364583333333333 0.8892939814814815 0.09166666666666666 0.16296296296296295
0 0.6800347222222223 0.19278549382716048 0.04444444444444444 0.05432098765432099
0 0.9631944444444445 0.18557098765432098 0.06388888888888888 0.10864197530864197
0 0.29756944444444444 0.10931712962962963 0.03888888888888888 0.059259259259259255
0 0.390625 0.09616126543209877 0.0375 0.06419753086419752
0 0.736111111111111 0.858738425925926 0.09722222222222222 0.2518518518518518
3 0.584201388888889 0.6474151234567901 0.07777777777777777 0.11358024691358024