1 0.8321180555555555 0.6173804012345678 0.0611111111111111 0.0691358024691358
1 0.08715277777777777 0.4771219135802469 0.06805555555555555 0.16049382716049382
1 0.4293402777777778 0.6549768518518518 0.09305555555555554 0.1037037037037037
0 0.25520833333333337 0.453491512345679 0.05416666666666666 0.09135802469135802
0 0.4612847222222222 0.22798996913580244 0.03194444444444444 0.07160493827160494
0 0.6536458333333333 0.12667824074074074 0.041666666666666664 0.08148148148148147
0 0.7578125 0.6034336419753086 0.0875 0.1506172839506173
0 0.2390625 0.8377121913580247 0.0625 0.11604938271604937
0 0.20989583333333334 0.9311342592592592 0.06666666666666667 0.11851851851851851
0 0.1 0.8308063271604939 0.075 0.12098765432098765
0 0.9546875 0.13072916666666665 0.0875 0.13333333333333333