0 0.5114583333333333 0.20744598765432096 0.06666666666666667 0.10864197530864197
0 0.3451388888888889 0.06944444444444445 0.05277777777777778 0.08888888888888888
0 0.4217013888888889 0.9114197530864198 0.09027777777777776 0.1728395061728395
0 0.21475694444444446 0.3490547839506173 0.05138888888888889 0.10123456790123457
0 0.1328125 0.3724151234567901 0.0625 0.11358024691358024
0 0.10625 0.1978202160493827 0.075 0.09876543209876543
3 0.04375 0.1587577160493827 0.075 0.09876543209876543
1 0.18836805555555555 0.19577546296296294 0.0736111111111111 0.1259259259259259
1 0.2263888888888889 0.5208526234567901 0.09027777777777776 0.11358024691358024
1 0.44357638888888895 0.7353395061728395 0.05277777777777778 0.14567901234567898
3 0.7357638888888889 0.6494791666666667 0.09027777777777776 0.13333333333333333
3 0.5755208333333333 0.8051697530864198 0.07916666666666666 0.1728395061728395
1 0.5352430555555555 0.9280092592592591 0.09861111111111111 0.11851851851851851