1 0.6286458333333333 0.309008487654321 0.05416666666666666 0.10864197530864197
1 0.6213541666666667 0.15372299382716048 0.05833333333333333 0.05432098765432099
1 0.7041666666666667 0.23894675925925926 0.03333333333333333 0.11851851851851851
2 0.4767361111111111 0.23532021604938272 0.05972222222222222 0.09876543209876543
1 0.3824652777777778 0.8710069444444445 0.09305555555555554 0.08888888888888888
2 0.40625 0.969020061728395 0.05 0.05679012345679012
2 0.465625 0.9645833333333333 0.0375 0.06666666666666667
2 0.5625 0.9772376543209876 0.0375 0.04197530864197531
1 0.5180555555555555 0.9304783950617284 0.04861111111111111 0.12345679012345678
2 0.47986111111111107 0.865991512345679 0.04722222222222222 0.09135802469135802
2 0.5852430555555556 0.898070987654321 0.0611111111111111 0.10864197530864197
0 0.5987847222222222 0.969020061728395 0.04444444444444444 0.05679012345679012
0 0.696875 0.9478202160493827 0.0625 0.09876543209876543
3 0.7243055555555555 0.8929012345679013 0.0736111111111111 0.13580246913580246
2 0.6503472222222222 0.7696180555555555 0.05694444444444444 0.11111111111111112
2 0.5064236111111111 0.810474537037037 0.04722222222222222 0.07407407407407407
0 0.44392361111111106 0.805960648148148 0.04722222222222222 0.0962962962962963
0 0.55625 0.7916473765432099 0.05 0.08641975308641975
0 0.69375 0.7622106481481482 0.05 0.0962962962962963
3 0.7071180555555555 0.6862268518518518 0.08611111111111111 0.1037037037037037
2 0.6258680555555556 0.6657407407407407 0.04861111111111111 0.08148148148148147
2 0.5923611111111111 0.6998649691358024 0.04722222222222222 0.07160493827160494
2 0.4769097222222222 0.7600694444444445 0.04444444444444444 0.08888888888888888
2 0.5048611111111111 0.7178047839506172 0.04722222222222222 0.10123456790123457
3 0.5461805555555556 0.6679012345679013 0.0611111111111111 0.13580246913580246
1 0.4215277777777778 0.5915895061728395 0.05555555555555556 0.14567901234567898
1 0.4807291666666667 0.6094135802469136 0.07083333333333333 0.09382716049382715
2 0.50625 0.5364583333333333 0.05 0.06666666666666667
0 0.5045138888888889 0.4846450617283951 0.04027777777777777 0.05679012345679012
0 0.5592013888888889 0.36861496913580244 0.04027777777777777 0.07160493827160494
0 0.6078125 0.5745370370370371 0.05 0.07407407407407407
0 0.61875 0.513599537037037 0.05 0.07407407407407407
2 0.7659722222222223 0.526929012345679 0.05694444444444444 0.09135802469135802
2 0.6947916666666667 0.6093171296296296 0.04583333333333333 0.059259259259259255
2 0.7081597222222222 0.5624614197530864 0.05694444444444444 0.10617283950617282
2 0.689236111111111 0.5122106481481482 0.05972222222222222 0.0962962962962963
1 0.6305555555555555 0.4190393518518518 0.04861111111111111 0.1037037037037037
0 0.6661458333333333 0.38794367283950615 0.05416666666666666 0.07901234567901234
0 0.7532986111111111 0.42741126543209873 0.034722222222222224 0.06419753086419752
2 0.7138888888888889 0.35677083333333337 0.04027777777777777 0.06666666666666667
2 0.7390625 0.12075617283950617 0.0375 0.07901234567901234
2 0.8175347222222221 0.24583333333333335 0.05694444444444444 0.06666666666666667
2 0.8041666666666666 0.4057098765432099 0.04583333333333333 0.08641975308641975
2 0.7796875 0.32667824074074076 0.05 0.08148148148148147
2 0.8743055555555556 0.34502314814814816 0.0611111111111111 0.0962962962962963
2 0.746875 0.23013117283950618 0.05 0.07901234567901234
2 0.03628472222222222 0.22395833333333334 0.05694444444444444 0.06666666666666667
2 0.9524305555555556 0.5831018518518518 0.0611111111111111 0.1037037037037037
2 0.9189236111111111 0.7257908950617284 0.07222222222222222 0.12345679012345678