0 0.7503472222222223 0.7842399691358024 0.04444444444444444 0.07160493827160494
0 0.8793402777777779 0.845023148148148 0.05555555555555556 0.0962962962962963
3 0.4064236111111111 0.5578510802469137 0.05972222222222222 0.09382716049382715
3 0.2696180555555555 0.9307291666666666 0.1361111111111111 0.13333333333333333
0 0.5345486111111111 0.6502121913580247 0.04722222222222222 0.11604938271604937
0 0.552951388888889 0.5607253086419753 0.04027777777777777 0.08395061728395062
0 0.7237847222222222 0.9645833333333333 0.05694444444444444 0.06666666666666667
0 0.6098958333333333 0.9753472222222221 0.041666666666666664 0.04444444444444444
0 0.5645833333333333 0.8804591049382717 0.041666666666666664 0.0765432098765432
0 0.5170138888888889 0.9263503086419753 0.05277777777777778 0.08395061728395062
0 0.4484375 0.4877121913580247 0.075 0.11604938271604937
0 0.5744791666666667 0.2523341049382716 0.04583333333333333 0.0765432098765432
0 0.3633680555555555 0.21903935185185186 0.0611111111111111 0.1037037037037037
0 0.30416666666666664 0.32332175925925927 0.07083333333333333 0.11851851851851851
0 0.3223958333333333 0.5052469135802469 0.09166666666666666 0.16049382716049382
0 0.20017361111111112 0.7004822530864198 0.1222222222222222 0.1728395061728395