3 0.40069444444444446 0.6624421296296296 0.03888888888888888 0.059259259259259255
0 0.09131944444444444 0.943383487654321 0.06388888888888888 0.10864197530864197
0 0.9652777777777779 0.6440393518518518 0.06805555555555555 0.1037037037037037
0 0.7663194444444444 0.6522569444444445 0.05138888888888889 0.08888888888888888
0 0.7602430555555555 0.48678626543209874 0.04861111111111111 0.06419753086419752
0 0.6692708333333333 0.6423804012345679 0.041666666666666664 0.0691358024691358
0 0.679513888888889 0.5574266975308642 0.04027777777777777 0.06172839506172839
0 0.7451388888888889 0.5621141975308641 0.04027777777777777 0.06172839506172839
3 0.765798611111111 0.7195216049382716 0.04722222222222222 0.0765432098765432
3 0.8348958333333334 0.8400077160493827 0.06666666666666667 0.09876543209876543
0 0.08611111111111111 0.5899112654320987 0.05972222222222222 0.06419753086419752
3 0.8480902777777779 0.5871141975308641 0.05555555555555556 0.06172839506172839
0 0.6664930555555555 0.1974729938271605 0.03611111111111111 0.05432098765432099
0 0.8671875 0.27239583333333334 0.0375 0.06666666666666667