0 0.6838541666666667 0.7799189814814815 0.09583333333333333 0.16296296296296295
0 0.815625 0.5684027777777778 0.1 0.15555555555555553
0 0.7197916666666667 0.257445987654321 0.05833333333333333 0.10864197530864197
3 0.7697916666666667 0.21302083333333335 0.03333333333333333 0.06666666666666667
0 0.49861111111111106 0.1771797839506173 0.05972222222222222 0.10123456790123457
0 0.35746527777777776 0.48219521604938276 0.05555555555555556 0.09876543209876543
3 0.44201388888888893 0.3930362654320988 0.05277777777777778 0.06419753086419752
3 0.6791666666666667 0.6390239197530864 0.05833333333333333 0.10617283950617282
3 0.5953125 0.28607253086419754 0.075 0.12839506172839504
3 0.6335069444444444 0.22750771604938272 0.05138888888888889 0.09876543209876543
3 0.9859375 0.37025462962962963 0.025 0.059259259259259255
3 0.9213541666666666 0.41188271604938276 0.07083333333333333 0.09876543209876543
3 0.928125 0.5092399691358025 0.05 0.07160493827160494
3 0.968923611111111 0.8181520061728396 0.05972222222222222 0.14567901234567898