3 0.24149305555555553 0.4642939814814815 0.11111111111111112 0.16296296296296295
0 0.16059027777777776 0.3602237654320988 0.043055555555555555 0.06419753086419752
0 0.2421875 0.3238811728395062 0.05 0.07901234567901234
0 0.47204861111111107 0.2671296296296296 0.034722222222222224 0.059259259259259255
0 0.4930555555555555 0.3357253086419753 0.04861111111111111 0.08395061728395062
0 0.4970486111111111 0.5658179012345679 0.04722222222222222 0.0691358024691358
0 0.3868055555555555 0.6884452160493828 0.0611111111111111 0.09876543209876543
0 0.5758680555555555 0.7641782407407407 0.04861111111111111 0.08148148148148147
0 0.599826388888889 0.9560378086419753 0.06527777777777778 0.08395061728395062
0 0.8286458333333334 0.5832561728395061 0.05416666666666666 0.07901234567901234
0 0.8928819444444445 0.7531635802469137 0.06388888888888888 0.09382716049382715
3 0.28663194444444445 0.6522569444444445 0.07638888888888888 0.08888888888888888