0 0.6534722222222222 0.3587577160493827 0.04444444444444444 0.09876543209876543
0 0.6015625 0.322241512345679 0.05 0.09135802469135802
3 0.8505208333333334 0.10916280864197532 0.05416666666666666 0.08395061728395062
3 0.9394097222222222 0.08425925925925926 0.08194444444444444 0.11851851851851851
3 0.7223958333333333 0.31057098765432095 0.05416666666666666 0.10864197530864197
3 0.8017361111111111 0.3956983024691358 0.08472222222222223 0.1382716049382716
3 0.7454861111111111 0.6166473765432099 0.04722222222222222 0.08641975308641975
3 0.6907986111111111 0.8167438271604939 0.05972222222222222 0.12098765432098765
3 0.6244791666666667 0.8928047839506172 0.04583333333333333 0.10123456790123457
3 0.41909722222222223 0.7542438271604939 0.06944444444444445 0.12098765432098765
0 0.19322916666666665 0.386304012345679 0.05833333333333333 0.09135802469135802
0 0.08472222222222223 0.7887152777777777 0.10694444444444444 0.15555555555555553
3 0.13211805555555556 0.8996527777777779 0.11111111111111112 0.15555555555555553