0 0.2923611111111111 0.552662037037037 0.04722222222222222 0.07407407407407407
0 0.36666666666666664 0.5475694444444444 0.04583333333333333 0.08888888888888888
0 0.3345486111111111 0.6010223765432099 0.05972222222222222 0.08641975308641975
0 0.24288194444444447 0.5388503086419754 0.05138888888888889 0.08395061728395062
0 0.16284722222222223 0.5428819444444445 0.05694444444444444 0.08888888888888888
0 0.3486111111111111 0.4757716049382716 0.04722222222222222 0.0765432098765432
0 0.3203125 0.3832561728395062 0.05 0.07901234567901234
0 0.38402777777777775 0.422974537037037 0.043055555555555555 0.07407407407407407
0 0.5534722222222223 0.08292824074074075 0.04444444444444444 0.08148148148148147
0 0.47777777777777775 0.4219135802469136 0.05555555555555556 0.09382716049382715
0 0.5625 0.8743248456790124 0.1 0.1580246913580247