3 0.6852864583333333 0.14733796296296295 0.04869791666666666 0.06342592592592591
3 0.7838541666666667 0.7947337962962963 0.03645833333333333 0.055092592592592596
0 0.27005208333333336 0.23206018518518517 0.024479166666666666 0.045370370370370366
0 0.241796875 0.2529513888888889 0.03046875 0.04027777777777777
0 0.6186197916666667 0.06759259259259259 0.03723958333333333 0.04768518518518518
0 0.7147135416666667 0.1302662037037037 0.04192708333333333 0.05740740740740741
0 0.953515625 0.0484375 0.03828125 0.0625
0 0.95234375 0.6677662037037038 0.0640625 0.0824074074074074
0 0.9279947916666667 0.9216435185185186 0.07161458333333333 0.12453703703703703
0 0.37174479166666663 0.8423032407407407 0.03723958333333333 0.05648148148148148
0 0.7510416666666667 0.8784722222222221 0.03958333333333333 0.06944444444444445