1 0.678125 0.32548225308641976 0.0625 0.1728395061728395
1 0.5890625 0.5967206790123456 0.0625 0.22469135802469134
0 0.7729166666666667 0.13721064814814815 0.05833333333333333 0.0962962962962963
0 0.7060763888888889 0.11221064814814814 0.05277777777777778 0.0962962962962963
0 0.6359375 0.09403935185185185 0.0625 0.1037037037037037
0 0.5578125 0.1054783950617284 0.0625 0.12345679012345678
0 0.5579861111111111 0.22546296296296298 0.07222222222222222 0.1259259259259259
0 0.4611111111111111 0.35572916666666665 0.08472222222222223 0.13333333333333333
0 0.19965277777777776 0.8363233024691358 0.08055555555555555 0.1382716049382716
0 0.32552083333333337 0.9671296296296296 0.07916666666666666 0.059259259259259255
0 0.10086805555555556 0.9437114197530864 0.09861111111111111 0.10617283950617282