0 0.2803819444444445 0.6132716049382716 0.03888888888888888 0.0765432098765432
0 0.31354166666666666 0.6598958333333333 0.04583333333333333 0.06666666666666667
0 0.16180555555555556 0.5311921296296296 0.03611111111111111 0.059259259259259255
0 0.19965277777777776 0.6443479938271606 0.03055555555555555 0.05432098765432099
0 0.4213541666666667 0.6075038580246914 0.03333333333333333 0.04938271604938271
0 0.3980902777777778 0.4310185185185185 0.03055555555555555 0.037037037037037035
0 0.8119791666666666 0.5707561728395062 0.04583333333333333 0.07901234567901234
0 0.8651041666666666 0.7326003086419753 0.04583333333333333 0.08395061728395062
0 0.7277777777777777 0.8204282407407406 0.043055555555555555 0.08148148148148147
0 0.65 0.8687885802469136 0.0375 0.09382716049382715
0 0.2652777777777778 0.7796489197530864 0.06805555555555555 0.10617283950617282