1 0.6901041666666667 0.3835841049382716 0.07083333333333333 0.0765432098765432
1 0.696875 0.34402006172839505 0.0875 0.05679012345679012
0 0.4378472222222222 0.12183641975308641 0.05694444444444444 0.10617283950617282
0 0.4685763888888889 0.0851466049382716 0.04027777777777777 0.0765432098765432
0 0.4965277777777778 0.0773341049382716 0.03055555555555555 0.0765432098765432
0 0.38645833333333335 0.11788194444444444 0.05416666666666666 0.08888888888888888
0 0.31232638888888886 0.2641010802469136 0.05277777777777778 0.09382716049382715
0 0.5197916666666667 0.43539737654320987 0.03333333333333333 0.08641975308641975
0 0.5536458333333333 0.4812885802469136 0.05416666666666666 0.09382716049382715
0 0.6279513888888889 0.5412422839506172 0.07777777777777777 0.10123456790123457
0 0.35052083333333334 0.7962770061728395 0.07916666666666666 0.14567901234567898
0 0.19305555555555554 0.7077546296296295 0.1361111111111111 0.25925925925925924
3 0.14809027777777778 0.6008680555555556 0.10555555555555556 0.11111111111111112