1 0.2998263888888889 0.8624614197530864 0.07777777777777777 0.10617283950617282
1 0.40121527777777777 0.8350308641975308 0.043055555555555555 0.1950617283950617
3 0.4463541666666667 0.5552854938271605 0.04583333333333333 0.05432098765432099
3 0.3545138888888889 0.7727237654320988 0.04027777777777777 0.06419753086419752
3 0.36996527777777777 0.6949266975308641 0.043055555555555555 0.06172839506172839
0 0.29149305555555555 0.7167438271604938 0.0611111111111111 0.12098765432098765
0 0.1857638888888889 0.6305555555555555 0.07777777777777777 0.11111111111111112
0 0.31875 0.5246141975308641 0.0375 0.06172839506172839
0 0.35677083333333337 0.4190200617283951 0.041666666666666664 0.05679012345679012
0 0.10486111111111111 0.5117862654320987 0.05972222222222222 0.06419753086419752
0 0.12569444444444444 0.44336419753086415 0.06388888888888888 0.06172839506172839