0 0.3640625 0.842554012345679 0.05 0.09135802469135802
0 0.5071180555555556 0.036786265432098765 0.02361111111111111 0.06419753086419752
0 0.5012152777777777 0.16377314814814814 0.043055555555555555 0.0962962962962963
0 0.6222222222222222 0.17415123456790121 0.05694444444444444 0.13580246913580246
0 0.4131944444444445 0.3449266975308642 0.03888888888888888 0.06172839506172839
0 0.5012152777777777 0.45185185185185184 0.05555555555555556 0.1037037037037037
0 0.4041666666666667 0.49081790123456787 0.04583333333333333 0.0691358024691358
0 0.43888888888888894 0.4171296296296296 0.02777777777777778 0.059259259259259255
0 0.43506944444444445 0.5997878086419753 0.03888888888888888 0.08395061728395062
0 0.4817708333333333 0.6820408950617284 0.05416666666666666 0.12345679012345678
0 0.3701388888888889 0.6046296296296296 0.02777777777777778 0.059259259259259255
0 0.08732638888888888 0.9403163580246913 0.06527777777777778 0.04938271604938271
0 0.1953125 0.9425347222222221 0.075 0.04444444444444444
0 0.2928819444444445 0.9684413580246913 0.03888888888888888 0.04938271604938271