1 0.6784722222222223 0.9128858024691358 0.09444444444444444 0.1382716049382716
0 0.8647569444444445 0.8089313271604939 0.07638888888888888 0.12098765432098765
3 0.06996527777777778 0.6571373456790124 0.10555555555555556 0.1580246913580247
3 0.3951388888888889 0.3531057098765432 0.09027777777777776 0.1530864197530864
3 0.7451388888888889 0.7341820987654322 0.07777777777777777 0.1308641975308642
3 0.6293402777777778 0.7494020061728395 0.09305555555555554 0.14567901234567898
3 0.6763888888888889 0.6906828703703705 0.09027777777777776 0.14074074074074075
3 0.5361111111111111 0.6878665123456791 0.08472222222222223 0.09135802469135802
3 0.4574652777777778 0.6345100308641975 0.08055555555555555 0.12839506172839504
3 0.4684027777777778 0.5476466049382716 0.05555555555555556 0.0765432098765432
3 0.4947916666666667 0.8091820987654321 0.07083333333333333 0.1308641975308642
3 0.12395833333333332 0.7872878086419753 0.09166666666666666 0.08395061728395062
3 0.29930555555555555 0.6007137345679012 0.08611111111111111 0.13580246913580246
3 0.29375 0.39596836419753084 0.125 0.1950617283950617