1 0.24010416666666665 0.8838927469135802 0.08333333333333333 0.22716049382716047
0 0.3038194444444445 0.7091049382716049 0.06388888888888888 0.14320987654320988
2 0.34618055555555555 0.5694637345679012 0.0736111111111111 0.13580246913580246
1 0.30104166666666665 0.8641396604938272 0.04583333333333333 0.1876543209876543
0 0.32916666666666666 0.5123070987654321 0.07083333333333333 0.1308641975308642
0 0.3842013888888889 0.41938657407407404 0.07777777777777777 0.14814814814814814
0 0.4364583333333333 0.31107253086419756 0.06666666666666667 0.12839506172839504
0 0.45173611111111106 0.4684799382716049 0.07222222222222222 0.14320987654320988
0 0.4197916666666667 0.6049768518518518 0.08333333333333333 0.1037037037037037
0 0.38211805555555556 0.6836033950617284 0.08611111111111111 0.12345679012345678
0 0.34895833333333337 0.8245756172839507 0.09166666666666666 0.16790123456790124
1 0.3807291666666667 0.9411651234567902 0.17083333333333334 0.11358024691358024
0 0.4421875 0.8039351851851851 0.1 0.17037037037037037
1 0.4875 0.3666280864197531 0.0625 0.23950617283950618
1 0.4644097222222222 0.6465470679012346 0.09444444444444444 0.20246913580246914
1 0.5109375 0.6916473765432098 0.075 0.28641975308641976
0 0.4998263888888889 0.9073109567901234 0.10277777777777777 0.18024691358024691
0 0.5881944444444445 0.8178433641975309 0.10138888888888889 0.1950617283950617
0 0.7397569444444445 0.8794560185185185 0.1388888888888889 0.23703703703703702
0 0.6689236111111111 0.6756558641975309 0.10972222222222221 0.1950617283950617
0 0.810763888888889 0.5140625 0.14027777777777778 0.2
0 0.5831597222222222 0.5946373456790124 0.08194444444444444 0.1580246913580247
0 0.6625 0.48346836419753086 0.1125 0.1950617283950617
0 0.5699652777777777 0.4873070987654321 0.08055555555555555 0.1308641975308642
0 0.5376736111111111 0.3783564814814815 0.08472222222222223 0.16296296296296295
0 0.5986111111111111 0.29511959876543215 0.08472222222222223 0.1308641975308642
1 0.595486111111111 0.23994984567901234 0.1472222222222222 0.1580246913580247
1 0.5503472222222222 0.21979166666666666 0.10694444444444444 0.13333333333333333
1 0.5145833333333333 0.12638888888888888 0.041666666666666664 0.17777777777777776
0 0.6758680555555555 0.2939814814814815 0.08611111111111111 0.16296296296296295
0 0.5579861111111111 0.0951195987654321 0.05972222222222222 0.1308641975308642
0 0.6166666666666667 0.11946373456790123 0.07083333333333333 0.13580246913580246
0 0.8006944444444445 0.16946373456790123 0.08888888888888888 0.13580246913580246
1 0.7552083333333333 0.32262731481481477 0.10416666666666666 0.22962962962962963