0 0.695138888888889 0.131616512345679 0.05277777777777778 0.09135802469135802
0 0.20555555555555555 0.5188850308641976 0.0736111111111111 0.12839506172839504
0 0.27465277777777775 0.7568094135802469 0.09305555555555554 0.16049382716049382
0 0.8243055555555555 0.8732445987654321 0.08611111111111111 0.1308641975308642
3 0.08142361111111111 0.23728780864197532 0.07222222222222222 0.08395061728395062
3 0.2078125 0.33406635802469137 0.05 0.04938271604938271
3 0.515625 0.1482253086419753 0.05 0.08395061728395062
3 0.6680555555555555 0.4481481481481482 0.03611111111111111 0.0962962962962963
0 0.7173611111111111 0.3932098765432099 0.04722222222222222 0.08641975308641975
0 0.8237847222222221 0.16655092592592594 0.03194444444444444 0.05185185185185185
0 0.8842013888888889 0.13958333333333334 0.04027777777777777 0.06666666666666667
0 0.7307291666666667 0.054957561728395055 0.03333333333333333 0.05679012345679012