0 0.5359375 0.4648341049382716 0.0375 0.0765432098765432
0 0.5729166666666667 0.4568479938271605 0.03333333333333333 0.05432098765432099
0 0.30711805555555555 0.08802083333333333 0.03611111111111111 0.06666666666666667
3 0.16215277777777776 0.7157021604938272 0.09305555555555554 0.1876543209876543
0 0.8652777777777778 0.7348958333333333 0.06805555555555555 0.06666666666666667
0 0.7737847222222223 0.8712577160493827 0.05694444444444444 0.09876543209876543
0 0.3043402777777778 0.7955246913580247 0.043055555555555555 0.11604938271604937
0 0.25729166666666664 0.6450231481481482 0.07083333333333333 0.0962962962962963
0 0.40069444444444446 0.394849537037037 0.03888888888888888 0.07407407407407407
0 0.35694444444444445 0.47511574074074076 0.03888888888888888 0.08148148148148147
0 0.20052083333333334 0.33958333333333335 0.05416666666666666 0.06666666666666667