3 0.859201388888889 0.16921296296296295 0.09027777777777776 0.1259259259259259
0 0.7458333333333333 0.20636574074074074 0.05416666666666666 0.08148148148148147
0 0.7362847222222222 0.7959297839506172 0.05694444444444444 0.10123456790123457
0 0.6616319444444445 0.7205246913580247 0.06388888888888888 0.11604938271604937
0 0.5402777777777777 0.5820987654320987 0.043055555555555555 0.06419753086419752
0 0.4807291666666667 0.6016782407407407 0.04583333333333333 0.08148148148148147
0 0.4892361111111111 0.47872299382716055 0.034722222222222224 0.05432098765432099
0 0.45434027777777775 0.5076774691358025 0.043055555555555555 0.07160493827160494
0 0.43888888888888894 0.6460841049382716 0.04027777777777777 0.0765432098765432
0 0.40295138888888893 0.6085841049382716 0.04027777777777777 0.0765432098765432
0 0.4059027777777778 0.7170524691358025 0.043055555555555555 0.07160493827160494
0 0.28055555555555556 0.8988811728395062 0.04861111111111111 0.07901234567901234
0 0.33315972222222223 0.4716628086419753 0.04444444444444444 0.08395061728395062
0 0.30486111111111114 0.6363811728395061 0.04722222222222222 0.07901234567901234
3 0.45138888888888895 0.7929783950617284 0.07777777777777777 0.12345679012345678
0 0.5552083333333333 0.139429012345679 0.05416666666666666 0.09135802469135802