0 0.8746527777777778 0.934837962962963 0.15555555555555553 0.1259259259259259
1 0.9288194444444444 0.7090856481481481 0.1388888888888889 0.2962962962962963
1 0.803125 0.8649112654320987 0.1375 0.2641975308641975
1 0.7243055555555555 0.7820023148148147 0.11111111111111112 0.4296296296296296
1 0.8993055555555556 0.3003472222222222 0.1986111111111111 0.2444444444444444
0 0.9081597222222222 0.4600887345679013 0.14444444444444443 0.13580246913580246
0 0.826388888888889 0.6278163580246914 0.14027777777777778 0.24938271604938272
0 0.7743055555555556 0.3480131172839506 0.08611111111111111 0.16790123456790124
0 0.6913194444444445 0.3008873456790123 0.10138888888888889 0.1580246913580247
1 0.7935763888888889 0.10104166666666665 0.14027777777777778 0.13333333333333333
0 0.579861111111111 0.1499807098765432 0.09722222222222222 0.1530864197530864
0 0.5715277777777777 0.283545524691358 0.10555555555555556 0.18271604938271604
0 0.5475694444444444 0.4535300925925926 0.11388888888888889 0.18518518518518517
2 0.70625 0.4271026234567901 0.075 0.11358024691358024
2 0.6340277777777777 0.414795524691358 0.08055555555555555 0.18271604938271604
2 0.5850694444444444 0.5608217592592593 0.10138888888888889 0.11851851851851851
0 0.6470486111111111 0.6914544753086419 0.13472222222222222 0.21728395061728395
0 0.5979166666666667 0.851099537037037 0.14583333333333331 0.274074074074074
0 0.4817708333333333 0.7677083333333333 0.11666666666666665 0.26666666666666666
0 0.3958333333333333 0.6486882716049382 0.14166666666666666 0.20987654320987653
1 0.4583333333333333 0.3981288580246914 0.06666666666666667 0.24938271604938272
0 0.40763888888888894 0.28107638888888886 0.10277777777777777 0.17777777777777776
1 0.35173611111111114 0.4140625 0.19722222222222222 0.2
1 0.34253472222222225 0.5328125 0.18194444444444444 0.2
1 0.3125 0.44643132716049383 0.2125 0.12098765432098765
1 0.17586805555555557 0.43676697530864195 0.11111111111111112 0.21728395061728395
1 0.1467013888888889 0.27619598765432096 0.15277777777777776 0.10864197530864197
0 0.2894097222222222 0.8238811728395061 0.13194444444444445 0.27901234567901234
0 0.3625 0.9262924382716049 0.15 0.14320987654320988
0 0.06302083333333333 0.3758101851851852 0.11666666666666665 0.17037037037037037
0 0.07447916666666667 0.8883294753086419 0.13333333333333333 0.21728395061728395
1 0.1859375 0.8921103395061728 0.1625 0.21234567901234563
1 0.03975694444444444 0.7316358024691357 0.07638888888888888 0.1382716049382716
1 0.171875 0.742824074074074 0.1375 0.14814814814814814