1 0.35277777777777775 0.1648341049382716 0.06805555555555555 0.0765432098765432
0 0.5112847222222222 0.7535108024691357 0.06944444444444445 0.1382716049382716
0 0.5026041666666667 0.5137924382716049 0.09583333333333333 0.14320987654320988
0 0.5196180555555555 0.25817901234567897 0.04861111111111111 0.09135802469135802
0 0.6729166666666667 0.305787037037037 0.04583333333333333 0.07407407407407407
0 0.6449652777777778 0.25052083333333336 0.043055555555555555 0.06666666666666667
0 0.5142361111111111 0.0970679012345679 0.034722222222222224 0.0691358024691358
0 0.47413194444444445 0.0939429012345679 0.03888888888888888 0.0691358024691358
0 0.4340277777777778 0.13152006172839506 0.03055555555555555 0.05679012345679012
0 0.2907986111111111 0.0601466049382716 0.04722222222222222 0.0765432098765432
0 0.19618055555555555 0.253491512345679 0.0611111111111111 0.09135802469135802