1 0.6328125 0.8456211419753087 0.0375 0.1506172839506173
3 0.39427083333333335 0.960474537037037 0.05416666666666666 0.07407407407407407
0 0.3109375 0.8333333333333334 0.05 0.06666666666666667
0 0.19409722222222223 0.6108024691358025 0.06944444444444445 0.07160493827160494
0 0.29756944444444444 0.9256944444444445 0.05138888888888889 0.08888888888888888
0 0.3390625 0.8878665123456789 0.05 0.09135802469135802
0 0.496875 0.776929012345679 0.0625 0.09135802469135802
0 0.41284722222222225 0.8571952160493828 0.05694444444444444 0.09876543209876543
0 0.5888888888888889 0.5377893518518518 0.06527777777777778 0.1037037037037037
0 0.6059027777777778 0.6828703703703705 0.06805555555555555 0.14074074074074075
0 0.9017361111111111 0.43420138888888893 0.17222222222222222 0.17777777777777776