0 0.6645833333333333 0.5626929012345678 0.041666666666666664 0.0691358024691358
0 0.4138888888888889 0.6374421296296295 0.04027777777777777 0.059259259259259255
0 0.625173611111111 0.44369212962962956 0.034722222222222224 0.059259259259259255
0 0.6324652777777777 0.5180362654320987 0.03055555555555555 0.06419753086419752
0 0.6368055555555555 0.3030671296296296 0.03611111111111111 0.059259259259259255
0 0.4916666666666667 0.19994212962962962 0.03333333333333333 0.059259259259259255
0 0.4293402777777778 0.28464506172839504 0.03055555555555555 0.05679012345679012
0 0.39965277777777775 0.30841049382716046 0.03055555555555555 0.05432098765432099
0 0.39583333333333337 0.26153549382716046 0.029166666666666664 0.05432098765432099
0 0.3715277777777778 0.21959876543209877 0.03055555555555555 0.06419753086419752
0 0.3243055555555555 0.19056712962962963 0.03611111111111111 0.059259259259259255
0 0.46267361111111105 0.3692708333333333 0.034722222222222224 0.06666666666666667
0 0.38159722222222225 0.5082561728395062 0.04444444444444444 0.07901234567901234
3 0.4578125 0.8731481481481481 0.05 0.0962962962962963
3 0.590625 0.8354938271604938 0.05 0.12098765432098765
3 0.35399305555555555 0.4659143518518518 0.04861111111111111 0.1037037037037037
3 0.4046875 0.3690200617283951 0.0375 0.05679012345679012
0 0.21927083333333336 0.606616512345679 0.05416666666666666 0.09135802469135802
0 0.17447916666666666 0.5959297839506172 0.05833333333333333 0.10123456790123457
3 0.1546875 0.5451774691358025 0.075 0.07160493827160494
3 0.20121527777777776 0.40898919753086416 0.043055555555555555 0.06172839506172839
3 0.13177083333333334 0.7461805555555555 0.05416666666666666 0.11111111111111112
3 0.09479166666666666 0.7821952160493828 0.05833333333333333 0.09876543209876543
3 0.08472222222222223 0.6398533950617284 0.08194444444444444 0.12345679012345678