1 0.7467013888888889 0.11487268518518519 0.19027777777777777 0.17037037037037037
1 0.6895833333333333 0.1795138888888889 0.19166666666666665 0.17777777777777776
2 0.717013888888889 0.3692515432098765 0.21527777777777776 0.21975308641975308
0 0.6034722222222222 0.5596836419753086 0.3694444444444444 0.5506172839506173
2 0.16354166666666664 0.3829089506172839 0.2708333333333333 0.4345679012345679
2 0.34444444444444444 0.2917824074074074 0.2013888888888889 0.4148148148148148
1 0.48715277777777777 0.24722222222222223 0.14305555555555555 0.4444444444444445
2 0.5684027777777778 0.19631558641975308 0.10555555555555556 0.23950617283950618
1 0.2618055555555555 0.09774305555555556 0.1611111111111111 0.11111111111111112
0 0.8842013888888889 0.6007523148148148 0.22777777777777777 0.4296296296296296
0 0.8217013888888889 0.7649112654320988 0.30277777777777776 0.46419753086419746