3 0.7927083333333333 0.06599151234567902 0.06666666666666667 0.09135802469135802
3 0.9717013888888889 0.8813850308641975 0.05277777777777778 0.12839506172839504
3 0.4979166666666667 0.5747878086419753 0.04583333333333333 0.08395061728395062
3 0.2748263888888889 0.3336612654320988 0.05277777777777778 0.06419753086419752
3 0.19913194444444443 0.627662037037037 0.06388888888888888 0.07407407407407407
3 0.09270833333333332 0.6200038580246914 0.041666666666666664 0.04938271604938271
0 0.5241319444444444 0.7269290123456791 0.05138888888888889 0.09135802469135802
0 0.4442708333333333 0.6022569444444444 0.05416666666666666 0.08888888888888888
0 0.35520833333333335 0.5062885802469136 0.05416666666666666 0.09382716049382715
0 0.9635416666666666 0.2377314814814815 0.07083333333333333 0.16296296296296295
0 0.6479166666666667 0.49824459876543215 0.07083333333333333 0.1308641975308642
1 0.7020833333333333 0.4794945987654321 0.05416666666666666 0.1308641975308642
1 0.7611111111111111 0.3988425925925926 0.07222222222222222 0.18518518518518517
1 0.5789930555555556 0.5703510802469136 0.0736111111111111 0.09382716049382715