0 0.23177083333333334 0.24517746913580246 0.05416666666666666 0.07160493827160494
0 0.475 0.04419367283950617 0.0625 0.07901234567901234
0 0.7217013888888889 0.24619984567901235 0.07777777777777777 0.1580246913580247
0 0.7465277777777778 0.6054012345679013 0.10555555555555556 0.13580246913580246
0 0.898611111111111 0.5400848765432099 0.07222222222222222 0.08641975308641975
0 0.8475694444444445 0.571238425925926 0.02638888888888889 0.05185185185185185
0 0.38055555555555554 0.39558256172839507 0.0611111111111111 0.05679012345679012
0 0.42048611111111106 0.08489583333333332 0.034722222222222224 0.06666666666666667
3 0.49496527777777777 0.3745563271604938 0.08055555555555555 0.12098765432098765
3 0.4685763888888889 0.5048032407407408 0.04027777777777777 0.08148148148148147
3 0.3390625 0.951929012345679 0.0375 0.09135802469135802
1 0.45034722222222223 0.7120949074074074 0.09444444444444444 0.2148148148148148
1 0.624826388888889 0.7529128086419753 0.14027777777777778 0.08395061728395062
2 0.4461805555555555 0.6144097222222222 0.02361111111111111 0.04444444444444444
2 0.5828125 0.8385802469135802 0.025 0.027160493827160494
2 0.34097222222222223 0.35848765432098767 0.01944444444444444 0.04197530864197531