1 0.4270833333333333 0.7573688271604938 0.11666666666666665 0.12098765432098765
1 0.3715277777777778 0.49330632716049383 0.11805555555555555 0.12098765432098765
1 0.12569444444444444 0.11205632716049382 0.11388888888888889 0.12098765432098765
1 0.3572916666666667 0.26738040123456785 0.05833333333333333 0.0691358024691358
3 0.6597222222222222 0.6244791666666667 0.05694444444444444 0.13333333333333333
3 0.609375 0.6899305555555555 0.05 0.11111111111111112
3 0.6767361111111111 0.8208719135802468 0.07222222222222222 0.16049382716049382
3 0.6005208333333333 0.8243248456790123 0.07916666666666666 0.1580246913580247
0 0.7112847222222223 0.3375385802469136 0.04444444444444444 0.09382716049382715
0 0.6236111111111111 0.5721643518518518 0.05972222222222222 0.1037037037037037
0 0.5404513888888889 0.505420524691358 0.09027777777777776 0.18271604938271604
3 0.6517361111111111 0.1252121913580247 0.04722222222222222 0.11604938271604937