0 0.8253472222222221 0.6820216049382716 0.04444444444444444 0.0765432098765432
0 0.8291666666666666 0.7772569444444445 0.04583333333333333 0.08888888888888888
0 0.9152777777777779 0.7223958333333333 0.043055555555555555 0.06666666666666667
0 0.6840277777777778 0.5714891975308641 0.043055555555555555 0.06172839506172839
0 0.5772569444444444 0.34714506172839504 0.02638888888888889 0.05679012345679012
0 0.49722222222222223 0.44394290123456787 0.04444444444444444 0.0691358024691358
0 0.34878472222222223 0.2718171296296296 0.03194444444444444 0.059259259259259255
0 0.36458333333333337 0.33489583333333334 0.041666666666666664 0.06666666666666667
0 0.19635416666666666 0.5629436728395062 0.07083333333333333 0.07901234567901234
0 0.3482638888888889 0.5057098765432099 0.05277777777777778 0.08641975308641975
0 0.44201388888888893 0.7539930555555555 0.06527777777777778 0.11111111111111112
3 0.7354166666666667 0.930054012345679 0.05833333333333333 0.09135802469135802
3 0.6038194444444445 0.9323688271604939 0.07638888888888888 0.12098765432098765
0 0.5434027777777778 0.9274305555555555 0.06805555555555555 0.11111111111111112
0 0.16822916666666665 0.9709104938271604 0.07083333333333333 0.05432098765432099