3 0.4229166666666667 0.5904128086419753 0.04583333333333333 0.08395061728395062
1 0.8901041666666666 0.18643904320987653 0.10833333333333332 0.21975308641975308
1 0.8211805555555556 0.18234953703703702 0.11111111111111112 0.07407407407407407
1 0.7100694444444444 0.11043595679012345 0.03888888888888888 0.18024691358024691
3 0.4305555555555555 0.8978973765432098 0.0611111111111111 0.08641975308641975
0 0.5543402777777777 0.7760802469135802 0.10555555555555556 0.22716049382716047
0 0.4736111111111111 0.5175925925925926 0.05972222222222222 0.18518518518518517
0 0.24947916666666664 0.4499807098765432 0.10833333333333332 0.1530864197530864
0 0.20208333333333334 0.2678047839506173 0.06666666666666667 0.10123456790123457
0 0.09027777777777776 0.12708333333333333 0.09305555555555554 0.06666666666666667
2 0.39166666666666666 0.27839506172839507 0.020833333333333332 0.05679012345679012