0 0.1814236111111111 0.28350694444444446 0.04722222222222222 0.08888888888888888
0 0.18315972222222224 0.3548804012345679 0.04444444444444444 0.0691358024691358
3 0.45190972222222225 0.6591628086419753 0.05694444444444444 0.08395061728395062
0 0.4887152777777778 0.34494598765432094 0.05555555555555556 0.10864197530864197
0 0.5940972222222223 0.28695987654320987 0.05694444444444444 0.08641975308641975
0 0.8189236111111111 0.45219907407407406 0.08472222222222223 0.14814814814814814
0 0.882986111111111 0.5767168209876543 0.08472222222222223 0.17530864197530863
0 0.35260416666666666 0.7394675925925925 0.10833333333333332 0.18518518518518517
0 0.4539930555555555 0.8015625 0.09861111111111111 0.2
1 0.6699652777777778 0.42405478395061724 0.06805555555555555 0.10123456790123457
1 0.5894097222222222 0.615258487654321 0.09444444444444444 0.10864197530864197
1 0.15364583333333331 0.8344521604938272 0.11666666666666665 0.1876543209876543
1 0.08940972222222222 0.8943287037037037 0.05694444444444444 0.2074074074074074