3 0.24097222222222223 0.43925540123456785 0.04444444444444444 0.0691358024691358
3 0.8784722222222221 0.7576774691358025 0.14444444444444443 0.2716049382716049
3 0.5572916666666667 0.8622299382716049 0.08333333333333333 0.14320987654320988
3 0.5925347222222223 0.6353973765432099 0.05694444444444444 0.08641975308641975
3 0.44756944444444446 0.8031635802469136 0.07638888888888888 0.09382716049382715
3 0.34253472222222225 0.9392746913580247 0.09444444444444444 0.11604938271604937
3 0.26545138888888886 0.693383487654321 0.07777777777777777 0.10864197530864197
3 0.15225694444444443 0.7429783950617284 0.08888888888888888 0.12345679012345678
0 0.09322916666666667 0.40111882716049385 0.08333333333333333 0.12098765432098765
0 0.12951388888888887 0.13013117283950618 0.05277777777777778 0.07901234567901234
0 0.69375 0.12860725308641974 0.1 0.1728395061728395
0 0.8352430555555556 0.16766975308641974 0.11111111111111112 0.1728395061728395
1 0.7835069444444445 0.5764274691358025 0.07638888888888888 0.07160493827160494
1 0.22291666666666665 0.342554012345679 0.08333333333333333 0.09135802469135802
0 0.2852430555555555 0.07808641975308642 0.0611111111111111 0.10617283950617282
0 0.3609375 0.14930555555555555 0.0625 0.11111111111111112