0 0.74375 0.5695601851851853 0.075 0.17037037037037037
3 0.8256944444444445 0.7189429012345678 0.03888888888888888 0.0691358024691358
3 0.7836805555555555 0.6475694444444444 0.0611111111111111 0.08888888888888888
0 0.21041666666666664 0.6892554012345679 0.04583333333333333 0.0691358024691358
3 0.29791666666666666 0.08777006172839505 0.04583333333333333 0.05679012345679012
3 0.04409722222222222 0.2710841049382716 0.08194444444444444 0.0765432098765432
3 0.35746527777777776 0.1398341049382716 0.05555555555555556 0.0765432098765432
3 0.31319444444444444 0.37471064814814814 0.06388888888888888 0.0962962962962963
3 0.34375 0.5629436728395062 0.05 0.07901234567901234
3 0.27274305555555556 0.5193672839506173 0.0611111111111111 0.10123456790123457
3 0.6652777777777777 0.7819637345679012 0.08055555555555555 0.13580246913580246
3 0.7435763888888889 0.8657407407407407 0.04027777777777777 0.08148148148148147
0 0.42795138888888895 0.06024305555555556 0.07777777777777777 0.11111111111111112