1 0.22413194444444445 0.7087577160493828 0.05138888888888889 0.09876543209876543
0 0.1421875 0.9266203703703704 0.1125 0.14074074074074075
0 0.7685763888888889 0.1789351851851852 0.10277777777777777 0.17037037037037037
0 0.7805555555555556 0.47407407407407404 0.0736111111111111 0.14814814814814814
0 0.611111111111111 0.3117283950617284 0.05972222222222222 0.12345679012345678
0 0.5918402777777778 0.18713348765432097 0.05555555555555556 0.10864197530864197
3 0.35260416666666666 0.07511574074074075 0.05833333333333333 0.08148148148148147
3 0.878125 0.16221064814814815 0.0625 0.0962962962962963
3 0.3362847222222222 0.4780864197530864 0.05694444444444444 0.10617283950617282
3 0.54375 0.4833526234567901 0.05 0.11358024691358024
3 0.4217013888888889 0.8685570987654321 0.06527777777777778 0.1308641975308642
3 0.35677083333333337 0.6741319444444445 0.05416666666666666 0.08888888888888888