1 0.9697916666666666 0.8987654320987655 0.05833333333333333 0.19753086419753085
1 0.8880208333333334 0.6786072530864198 0.05416666666666666 0.1728395061728395
3 0.4842013888888889 0.4250385802469136 0.07777777777777777 0.09382716049382715
3 0.16736111111111113 0.41263503086419756 0.09722222222222222 0.12839506172839504
3 0.34635416666666663 0.5379436728395062 0.05833333333333333 0.07901234567901234
0 0.828298611111111 0.5141203703703704 0.07222222222222222 0.14074074074074075
0 0.49722222222222223 0.2884452160493827 0.05694444444444444 0.09876543209876543
0 0.21579861111111112 0.22488425925925926 0.07222222222222222 0.11851851851851851
0 0.13142361111111112 0.19814814814814813 0.07222222222222222 0.0962962962962963
0 0.06267361111111111 0.28771219135802467 0.08472222222222223 0.11604938271604937
1 0.48767361111111107 0.7427662037037037 0.05972222222222222 0.2074074074074074
1 0.4677083333333333 0.8943287037037037 0.10416666666666666 0.2074074074074074