0 0.5829861111111111 0.14544753086419754 0.08472222222222223 0.12839506172839504
2 0.09878472222222222 0.1810570987654321 0.09444444444444444 0.1308641975308642
1 0.05503472222222222 0.9177469135802468 0.10694444444444444 0.16049382716049382
2 0.1701388888888889 0.9032021604938272 0.15277777777777776 0.1876543209876543
1 0.2286458333333333 0.9414930555555555 0.20416666666666666 0.11111111111111112
1 0.13871527777777776 0.7567515432098766 0.18055555555555552 0.21975308641975308
1 0.19739583333333333 0.675096450617284 0.15416666666666665 0.2345679012345679
2 0.28541666666666665 0.7290509259259259 0.13333333333333333 0.2518518518518518
0 0.40763888888888894 0.8582561728395062 0.22777777777777777 0.27901234567901234
0 0.46736111111111106 0.6660493827160494 0.13472222222222222 0.23209876543209873
0 0.3970486111111111 0.6028935185185185 0.13472222222222222 0.23703703703703702
0 0.7059027777777778 0.8437114197530864 0.18055555555555552 0.3061728395061728
1 0.846875 0.8437114197530864 0.175 0.3061728395061728
1 0.8496527777777778 0.5510609567901235 0.23055555555555554 0.3802469135802469
1 0.6340277777777777 0.6981288580246914 0.25555555555555554 0.24938271604938272
0 0.7098958333333333 0.49081790123456787 0.16666666666666666 0.2691358024691358
0 0.3654513888888889 0.42417052469135796 0.11527777777777777 0.18271604938271604
1 0.5833333333333333 0.5671875 0.15416666666666665 0.2
0 0.5145833333333333 0.4467978395061728 0.11666666666666665 0.21234567901234563
1 0.5277777777777778 0.4299189814814815 0.19305555555555554 0.16296296296296295
2 0.709375 0.3036072530864197 0.1375 0.1728395061728395
2 0.8475694444444445 0.24866898148148148 0.1388888888888889 0.16296296296296295
1 0.43993055555555555 0.3821759259259259 0.0736111111111111 0.2518518518518518
1 0.34878472222222223 0.25713734567901236 0.04444444444444444 0.1580246913580247
0 0.3939236111111111 0.2142939814814815 0.08472222222222223 0.16296296296296295
0 0.44288194444444445 0.1785108024691358 0.10138888888888889 0.1382716049382716
0 0.5086805555555556 0.25179398148148147 0.09861111111111111 0.16296296296296295
0 0.6034722222222222 0.2605324074074074 0.10694444444444444 0.2148148148148148
0 0.6697916666666667 0.1799189814814815 0.09583333333333333 0.16296296296296295
0 0.7802083333333333 0.13804012345679012 0.07916666666666666 0.11358024691358024
2 0.5772569444444444 0.11477623456790123 0.10138888888888889 0.13580246913580246
1 0.4208333333333333 0.10036651234567902 0.06666666666666667 0.09135802469135802
1 0.8600694444444444 0.1521219135802469 0.10138888888888889 0.16049382716049382