0 0.5322916666666667 0.8720871913580247 0.08333333333333333 0.11604938271604937
0 0.4677083333333333 0.8156828703703705 0.07916666666666666 0.14074074074074075
0 0.43871527777777775 0.9709104938271604 0.11805555555555555 0.05432098765432099
0 0.3951388888888889 0.8804976851851851 0.10277777777777777 0.17037037037037037
0 0.2036458333333333 0.6357831790123456 0.14166666666666666 0.22469135802469134
1 0.5279513888888889 0.9538194444444444 0.07777777777777777 0.08888888888888888
1 0.42743055555555554 0.6944444444444444 0.09861111111111111 0.08888888888888888
0 0.4373263888888889 0.6528356481481482 0.06527777777777778 0.0962962962962963
0 0.3467013888888889 0.526929012345679 0.05277777777777778 0.09135802469135802
0 0.23472222222222222 0.4262731481481482 0.05694444444444444 0.0962962962962963
0 0.04097222222222222 0.295679012345679 0.06944444444444445 0.09135802469135802
0 0.10295138888888888 0.469386574074074 0.09027777777777776 0.14814814814814814