0 0.5496527777777778 0.9333526234567902 0.05555555555555556 0.11358024691358024
0 0.15416666666666665 0.9266203703703704 0.13333333333333333 0.14074074074074075
0 0.5659722222222222 0.5771797839506172 0.06944444444444445 0.10123456790123457
0 0.2852430555555555 0.6387924382716049 0.08611111111111111 0.14320987654320988
0 0.2664930555555555 0.5362268518518518 0.0736111111111111 0.1037037037037037
0 0.13333333333333333 0.1983989197530864 0.06666666666666667 0.10617283950617282
0 0.3939236111111111 0.4705825617283951 0.034722222222222224 0.05679012345679012
0 0.3519097222222222 0.5486304012345679 0.05694444444444444 0.0691358024691358
0 0.4170138888888889 0.5855709876543209 0.05277777777777778 0.10864197530864197
0 0.5647569444444445 0.7844135802469137 0.06388888888888888 0.09382716049382715
0 0.5206597222222222 0.3802854938271605 0.03194444444444444 0.05432098765432099