2 0.9380208333333334 0.843383487654321 0.11666666666666665 0.30864197530864196
2 0.675 0.36149691358024694 0.05 0.16049382716049382
1 0.6706597222222223 0.2442901234567901 0.06944444444444445 0.11358024691358024
1 0.6557291666666667 0.14035493827160495 0.08333333333333333 0.14320987654320988
1 0.7454861111111111 0.27218364197530864 0.08472222222222223 0.1506172839506173
0 0.31006944444444445 0.3599922839506173 0.08888888888888888 0.10123456790123457
0 0.24166666666666664 0.2385030864197531 0.13333333333333333 0.23950617283950618
0 0.2960069444444445 0.7605516975308643 0.1638888888888889 0.2617283950617284
0 0.28402777777777777 0.9177469135802468 0.20555555555555555 0.16049382716049382
0 0.46701388888888895 0.8563657407407408 0.19027777777777777 0.2814814814814815
2 0.44079861111111107 0.7279899691358025 0.1597222222222222 0.2716049382716049
1 0.43107638888888894 0.48194444444444445 0.21527777777777776 0.28888888888888886
1 0.44722222222222224 0.36539351851851853 0.10694444444444444 0.23703703703703702
2 0.4144097222222222 0.15756172839506172 0.10694444444444444 0.19012345679012346
2 0.5161458333333333 0.1823881172839506 0.12916666666666665 0.16790123456790124
2 0.5942708333333333 0.4679398148148148 0.10416666666666666 0.22962962962962963
1 0.7604166666666666 0.4523148148148148 0.2708333333333333 0.22962962962962963
1 0.70625 0.7847800925925925 0.15 0.3851851851851852
2 0.8397569444444445 0.2627507716049383 0.1388888888888889 0.20987654320987653
2 0.8404513888888889 0.631616512345679 0.15277777777777776 0.29135802469135796
2 0.795138888888889 0.8734567901234568 0.17777777777777776 0.24691358024691357