0 0.8984375 0.5867091049382716 0.05 0.0765432098765432
1 0.11319444444444444 0.9478202160493827 0.1638888888888889 0.09876543209876543
1 0.4645833333333333 0.750173611111111 0.07916666666666666 0.22222222222222224
3 0.8414930555555555 0.7453896604938272 0.09861111111111111 0.1876543209876543
0 0.22569444444444448 0.46028163580246917 0.11388888888888889 0.20493827160493824
0 0.3954861111111111 0.44201388888888893 0.08472222222222223 0.17777777777777776
0 0.6381944444444445 0.9414930555555555 0.10138888888888889 0.11111111111111112
0 0.8918402777777779 0.45999228395061725 0.05555555555555556 0.10123456790123457
0 0.7472222222222222 0.23738425925925927 0.06944444444444445 0.11851851851851851
0 0.6756944444444445 0.24018132716049384 0.06388888888888888 0.12098765432098765
0 0.9550347222222222 0.7450231481481482 0.04444444444444444 0.0962962962962963