1 0.06076388888888888 0.6575231481481482 0.11527777777777777 0.0962962962962963
0 0.45868055555555554 0.1974151234567901 0.0611111111111111 0.11358024691358024
0 0.06284722222222222 0.33859953703703705 0.05694444444444444 0.07407407407407407
3 0.8671875 0.6701195987654321 0.1 0.1308641975308642
3 0.27934027777777776 0.5247106481481482 0.06805555555555555 0.0962962962962963
3 0.14600694444444445 0.4249421296296296 0.05138888888888889 0.059259259259259255
0 0.6520833333333333 0.4155864197530864 0.06666666666666667 0.10617283950617282
0 0.10989583333333333 0.9668016975308642 0.06666666666666667 0.06172839506172839
0 0.6861111111111111 0.12415123456790123 0.09722222222222222 0.13580246913580246
0 0.15763888888888888 0.5547067901234568 0.04027777777777777 0.046913580246913576
0 0.10416666666666666 0.5276620370370371 0.05833333333333333 0.07407407407407407