1 0.8414930555555555 0.8456018518518519 0.24861111111111112 0.3037037037037037
1 0.7116319444444444 0.7418788580246913 0.15138888888888888 0.24938271604938272
1 0.7201388888888889 0.5551118827160494 0.17777777777777776 0.23209876543209873
1 0.1265625 0.5759645061728395 0.1 0.14567901234567898
2 0.13333333333333333 0.6425925925925926 0.07916666666666666 0.18518518518518517
1 0.07604166666666666 0.8233796296296296 0.07083333333333333 0.25925925925925924
0 0.13576388888888888 0.8570408950617283 0.07777777777777777 0.12345679012345678
0 0.234375 0.7670331790123457 0.0875 0.22469135802469134
1 0.23142361111111112 0.9437114197530864 0.09722222222222222 0.10617283950617282
1 0.3206597222222222 0.9456018518518519 0.09444444444444444 0.1037037037037037
1 0.17413194444444444 0.7346836419753087 0.10138888888888889 0.1506172839506173
1 0.18229166666666666 0.6231867283950617 0.05833333333333333 0.19012345679012346
1 0.3164930555555555 0.8475887345679013 0.14861111111111108 0.13580246913580246
1 0.2873263888888889 0.7074074074074075 0.05277777777777778 0.2148148148148148
1 0.44756944444444446 0.7102623456790124 0.1388888888888889 0.35802469135802467
1 0.5319444444444444 0.6673032407407408 0.1638888888888889 0.2814814814814815
0 0.3638888888888889 0.710763888888889 0.09027777777777776 0.17777777777777776
2 0.41336805555555556 0.6127893518518518 0.0736111111111111 0.1037037037037037
1 0.33333333333333337 0.6374228395061727 0.07916666666666666 0.21234567901234563
1 0.4307291666666667 0.5236689814814814 0.17083333333333334 0.16296296296296295
0 0.23020833333333335 0.5697145061728395 0.09166666666666666 0.14567901234567898
0 0.3220486111111111 0.5434799382716049 0.09722222222222222 0.14320987654320988
1 0.2538194444444445 0.4733989197530864 0.08888888888888888 0.10617283950617282
0 0.27274305555555556 0.40794753086419755 0.11111111111111112 0.12839506172839504
1 0.3388888888888889 0.44207175925925923 0.09027777777777776 0.11851851851851851
2 0.1671875 0.19633487654320986 0.0625 0.08641975308641975
1 0.1701388888888889 0.3661072530864197 0.07777777777777777 0.1728395061728395
1 0.2652777777777778 0.22621527777777778 0.09305555555555554 0.15555555555555553
1 0.3130208333333333 0.1896219135802469 0.10416666666666666 0.16049382716049382
2 0.3657986111111111 0.061786265432098766 0.07222222222222222 0.06419753086419752
1 0.3060763888888889 0.09419367283950617 0.07777777777777777 0.07901234567901234
0 0.3506944444444445 0.37004243827160493 0.07638888888888888 0.14320987654320988
0 0.4053819444444445 0.42415123456790127 0.10138888888888889 0.13580246913580246
0 0.4416666666666667 0.31033950617283945 0.14583333333333331 0.14567901234567898
1 0.5142361111111111 0.43682484567901236 0.10972222222222221 0.1580246913580247
2 0.5611111111111111 0.4487461419753086 0.08472222222222223 0.1506172839506173
1 0.626736111111111 0.37754629629629627 0.08472222222222223 0.1925925925925926
0 0.46684027777777776 0.2050733024691358 0.09305555555555554 0.1382716049382716
2 0.5288194444444445 0.17835648148148148 0.07638888888888888 0.16296296296296295
2 0.5046875 0.1023341049382716 0.075 0.0765432098765432
0 0.575 0.3155285493827161 0.1125 0.16543209876543208
1 0.9019097222222221 0.4404320987654321 0.19444444444444445 0.1308641975308642
1 0.8414930555555555 0.30721450617283946 0.1861111111111111 0.14567901234567898
1 0.617361111111111 0.27669753086419757 0.19722222222222222 0.12839506172839504
0 0.5911458333333333 0.1634645061728395 0.09166666666666666 0.14567901234567898
0 0.6756944444444445 0.14010416666666664 0.07638888888888888 0.13333333333333333
1 0.5647569444444445 0.0982253086419753 0.07638888888888888 0.08395061728395062
1 0.7826388888888889 0.13011188271604937 0.17777777777777776 0.23209876543209873
1 0.7788194444444445 0.16726466049382716 0.12638888888888888 0.1876543209876543
1 0.7236111111111111 0.08580246913580247 0.04722222222222222 0.07160493827160494