0 0.8947916666666667 0.3449266975308642 0.04583333333333333 0.06172839506172839
0 0.29131944444444446 0.215162037037037 0.03888888888888888 0.07407407407407407
1 0.2779513888888889 0.6435570987654321 0.06527777777777778 0.1308641975308642
1 0.18819444444444444 0.6900270061728395 0.08888888888888888 0.14567901234567898
3 0.20885416666666665 0.8611496913580247 0.07083333333333333 0.11604938271604937
1 0.13003472222222223 0.8467978395061728 0.11944444444444444 0.21234567901234563
0 0.16354166666666667 0.0648341049382716 0.04583333333333333 0.0765432098765432
0 0.17465277777777777 0.4920717592592593 0.06805555555555555 0.11851851851851851
0 0.34965277777777776 0.27141203703703703 0.03055555555555555 0.07407407407407407
0 0.3765625 0.31730324074074073 0.0375 0.08148148148148147
0 0.42743055555555554 0.3742091049382716 0.0611111111111111 0.0765432098765432
1 0.5057291666666667 0.23769290123456788 0.07083333333333333 0.0691358024691358