1 0.6194444444444445 0.3969328703703704 0.05138888888888889 0.14074074074074075
2 0.09045138888888889 0.905420524691358 0.17777777777777776 0.18271604938271604
2 0.19739583333333333 0.8012538580246913 0.14166666666666666 0.24938271604938272
2 0.3171875 0.7051890432098766 0.125 0.21975308641975308
2 0.328125 0.8857831790123457 0.1 0.22469135802469134
2 0.12395833333333332 0.3193094135802469 0.11666666666666665 0.16049382716049382
2 0.5784722222222223 0.24002700617283948 0.09444444444444444 0.14567901234567898
0 0.4640625 0.27976466049382714 0.0875 0.1876543209876543
0 0.5279513888888889 0.3993055555555555 0.07777777777777777 0.11111111111111112
1 0.4166666666666667 0.8820023148148148 0.12083333333333332 0.22962962962962963
2 0.49027777777777776 0.8593942901234568 0.11805555555555555 0.24691358024691357
0 0.5546875 0.6584683641975309 0.125 0.1950617283950617
0 0.5902777777777778 0.8027391975308642 0.14305555555555555 0.2617283950617284
0 0.7241319444444445 0.7701774691358024 0.1388888888888889 0.2716049382716049
2 0.6670138888888889 0.6189621913580247 0.12777777777777777 0.11604938271604937
1 0.8355902777777778 0.9180748456790123 0.15555555555555553 0.1580246913580247
2 0.937673611111111 0.7625771604938272 0.1222222222222222 0.1876543209876543
1 0.8526041666666666 0.686863425925926 0.09583333333333333 0.2518518518518518
1 0.6354166666666667 0.47590663580246917 0.17083333333333334 0.20493827160493824
1 0.8505208333333334 0.3609760802469136 0.05416666666666666 0.09382716049382715
2 0.9232638888888889 0.3535108024691358 0.07777777777777777 0.1382716049382716
2 0.7947916666666667 0.39988425925925924 0.04583333333333333 0.11851851851851851
1 0.8571180555555555 0.32175925925925924 0.0736111111111111 0.11851851851851851
2 0.7557291666666667 0.4841049382716049 0.07083333333333333 0.14320987654320988
1 0.7411458333333333 0.3779128086419753 0.07916666666666666 0.08395061728395062
1 0.8734375 0.4817901234567901 0.1625 0.11358024691358024
2 0.9467013888888889 0.59375 0.10277777777777777 0.2