0 0.29375 0.24621913580246915 0.1 0.20493827160493824
0 0.29913194444444446 0.4337191358024691 0.12638888888888888 0.20493827160493824
0 0.3555555555555555 0.5445023148148148 0.1361111111111111 0.22962962962962963
1 0.18229166666666666 0.1814621913580247 0.14583333333333331 0.11604938271604937
1 0.09791666666666667 0.35007716049382714 0.18333333333333332 0.1876543209876543
1 0.2611111111111111 0.8336226851851851 0.1847222222222222 0.17037037037037037
2 0.2536458333333333 0.6760802469135803 0.12916666666666665 0.22716049382716047
0 0.1375 0.7566936728395062 0.125 0.27901234567901234
0 0.4135416666666667 0.9019675925925925 0.14583333333333331 0.18518518518518517
0 0.5458333333333333 0.9585841049382717 0.16666666666666666 0.0765432098765432
1 0.4291666666666667 0.2664158950617284 0.08333333333333333 0.12345679012345678
2 0.4376736111111111 0.16853780864197532 0.07222222222222222 0.08395061728395062
0 0.4796875 0.11388888888888889 0.1 0.17777777777777776
2 0.5107638888888889 0.27129629629629626 0.09027777777777776 0.1925925925925926
2 0.5914930555555555 0.37285879629629626 0.12361111111111109 0.1925925925925926
2 0.6666666666666667 0.2390432098765432 0.12083333333333332 0.1530864197530864
2 0.6862847222222223 0.10441743827160495 0.11944444444444444 0.14320987654320988