0 0.8541666666666666 0.4892554012345679 0.05833333333333333 0.0691358024691358
0 0.9076388888888889 0.42050540123456787 0.05277777777777778 0.0691358024691358
0 0.6145833333333333 0.4652391975308642 0.041666666666666664 0.06172839506172839
0 0.22222222222222224 0.7913966049382716 0.05694444444444444 0.0765432098765432
0 0.2829861111111111 0.7270833333333333 0.04722222222222222 0.06666666666666667
0 0.33315972222222223 0.6787229938271605 0.04444444444444444 0.05432098765432099
3 0.5302083333333333 0.5714891975308641 0.05416666666666666 0.06172839506172839
3 0.5696180555555556 0.6193479938271605 0.03611111111111111 0.05432098765432099
3 0.8552083333333333 0.6144097222222222 0.041666666666666664 0.04444444444444444
3 0.9137152777777778 0.7383487654320987 0.043055555555555555 0.06419753086419752
3 0.7201388888888889 0.8266010802469136 0.05277777777777778 0.09382716049382715
3 0.5947916666666667 0.6869598765432099 0.05833333333333333 0.08641975308641975
0 0.4649305555555555 0.9712384259259259 0.09861111111111111 0.05185185185185185
0 0.4078125 0.8922453703703704 0.075 0.14074074074074075
0 0.32690972222222225 0.9304012345679012 0.08194444444444444 0.13580246913580246