0 0.09496527777777777 0.0898341049382716 0.05555555555555556 0.0765432098765432
0 0.7246527777777778 0.07527006172839505 0.043055555555555555 0.05679012345679012
0 0.7173611111111111 0.308179012345679 0.04722222222222222 0.09135802469135802
0 0.75625 0.22050540123456788 0.05 0.0691358024691358
0 0.7689236111111111 0.2929591049382716 0.04722222222222222 0.0765432098765432
0 0.9788194444444445 0.5893518518518518 0.03888888888888888 0.1037037037037037
3 0.5013888888888889 0.49106867283950617 0.06527777777777778 0.07901234567901234
3 0.7060763888888889 0.9160108024691358 0.10277777777777777 0.1382716049382716
3 0.49409722222222224 0.9307291666666666 0.09444444444444444 0.13333333333333333
3 0.13038194444444445 0.2601466049382716 0.07638888888888888 0.0765432098765432
0 0.33871527777777777 0.17528935185185185 0.043055555555555555 0.1037037037037037
0 0.20260416666666664 0.36140046296296297 0.07083333333333333 0.1259259259259259
0 0.1484375 0.6925925925925925 0.125 0.18518518518518517
0 0.5159722222222223 0.6310570987654321 0.05694444444444444 0.1308641975308642
0 0.579861111111111 0.9497106481481481 0.09722222222222222 0.0962962962962963
0 0.8317708333333333 0.8985725308641974 0.07916666666666666 0.12839506172839504
0 0.9114583333333334 0.9221836419753087 0.11666666666666665 0.1506172839506173