3 0.48159722222222223 0.352662037037037 0.06944444444444445 0.07407407407407407
0 0.5651041666666667 0.8282214506172838 0.08333333333333333 0.2345679012345679
3 0.48715277777777777 0.803125 0.08055555555555555 0.2
3 0.679513888888889 0.7706983024691357 0.07777777777777777 0.1382716049382716
3 0.10954861111111111 0.12125771604938271 0.08472222222222223 0.09876543209876543
0 0.18854166666666666 0.2300733024691358 0.08333333333333333 0.1382716049382716
0 0.14565972222222223 0.5321566358024692 0.10694444444444444 0.20493827160493824
0 0.5055555555555555 0.48196373456790126 0.0611111111111111 0.13580246913580246
0 0.9635416666666666 0.9285108024691358 0.07083333333333333 0.1382716049382716
0 0.8675347222222222 0.9538194444444444 0.13194444444444445 0.08888888888888888
0 0.8765625 0.7253086419753086 0.1 0.1506172839506173
0 0.8116319444444444 0.7286651234567901 0.06388888888888888 0.11358024691358024
0 0.7706597222222222 0.15291280864197532 0.04444444444444444 0.08395061728395062
0 0.7569444444444444 0.07635030864197531 0.05138888888888889 0.08395061728395062
0 0.718923611111111 0.16541280864197533 0.04722222222222222 0.08395061728395062
0 0.9777777777777779 0.45243055555555556 0.043055555555555555 0.11111111111111112