0 0.9265625 0.6914158950617284 0.05 0.12345679012345678
0 0.7052083333333333 0.468383487654321 0.05416666666666666 0.10864197530864197
0 0.6744791666666667 0.3039158950617284 0.05833333333333333 0.12345679012345678
3 0.9118055555555555 0.7812114197530864 0.0611111111111111 0.10617283950617282
3 0.47065972222222224 0.717650462962963 0.08194444444444444 0.1259259259259259
3 0.06024305555555556 0.12054398148148149 0.11111111111111112 0.16296296296296295
0 0.5223958333333333 0.9392746913580247 0.12916666666666665 0.11604938271604937
0 0.8564236111111111 0.6006172839506172 0.05972222222222222 0.10123456790123457
0 0.7178819444444444 0.6821180555555555 0.05138888888888889 0.11111111111111112
0 0.6430555555555555 0.6274498456790123 0.0611111111111111 0.1580246913580247
0 0.10260416666666665 0.7841628086419753 0.19583333333333333 0.2839506172839506