3 0.952951388888889 0.22596450617283947 0.09027777777777776 0.14567901234567898
2 0.9260416666666667 0.8731288580246913 0.14583333333333331 0.24938271604938272
1 0.9315972222222222 0.5550925925925926 0.11944444444444444 0.18518518518518517
0 0.8631944444444445 0.2655864197530864 0.08888888888888888 0.10617283950617282
2 0.9038194444444445 0.3739969135802469 0.12638888888888888 0.16049382716049382
2 0.8486111111111111 0.5448109567901234 0.1222222222222222 0.18024691358024691
2 0.787326388888889 0.45383873456790125 0.09027777777777776 0.13580246913580246
2 0.7446180555555555 0.49594907407407407 0.0611111111111111 0.14814814814814814
1 0.6888888888888889 0.38665123456790124 0.12777777777777777 0.13580246913580246
3 0.7664930555555556 0.2687307098765432 0.12361111111111109 0.1530864197530864
2 0.6885416666666667 0.28713348765432095 0.07083333333333333 0.10864197530864197
2 0.6420138888888889 0.22334104938271607 0.10277777777777777 0.16543209876543208
2 0.5809027777777778 0.16006944444444443 0.05555555555555556 0.08888888888888888
0 0.6864583333333333 0.5082947530864198 0.10416666666666666 0.1728395061728395
0 0.6083333333333333 0.4567322530864198 0.09166666666666666 0.1728395061728395
0 0.576388888888889 0.3851658950617284 0.07777777777777777 0.12345679012345678
2 0.5744791666666667 0.29913194444444446 0.07083333333333333 0.08888888888888888
1 0.5220486111111111 0.26425540123456787 0.07222222222222222 0.0691358024691358
2 0.5159722222222223 0.3443672839506173 0.06944444444444445 0.10123456790123457
2 0.5109375 0.45383873456790125 0.0875 0.13580246913580246
2 0.4645833333333333 0.5404513888888889 0.06666666666666667 0.17777777777777776
3 0.8041666666666666 0.7037422839506172 0.2208333333333333 0.3012345679012346
1 0.6786458333333333 0.7496334876543209 0.21666666666666665 0.30864197530864196
1 0.578298611111111 0.6920331790123456 0.13472222222222222 0.22469135802469134
1 0.5279513888888889 0.7814043209876542 0.16527777777777777 0.17530864197530863
2 0.6340277777777777 0.9032021604938272 0.10555555555555556 0.1876543209876543
0 0.5390625 0.8921103395061728 0.1 0.21234567901234563
0 0.36961805555555555 0.7004822530864198 0.09861111111111111 0.1728395061728395
1 0.23038194444444446 0.8572337962962964 0.1638888888888889 0.1925925925925926
1 0.19600694444444444 0.5833912037037037 0.12638888888888888 0.2074074074074074
1 0.13923611111111112 0.7004050925925925 0.09722222222222222 0.18518518518518517
2 0.21753472222222223 0.6588541666666667 0.10694444444444444 0.13333333333333333
1 0.2734375 0.5354166666666667 0.1875 0.13333333333333333
1 0.4229166666666667 0.4932677469135802 0.09583333333333333 0.22716049382716047
1 0.35225694444444444 0.42405478395061724 0.11388888888888889 0.10123456790123457
1 0.35052083333333334 0.3179591049382716 0.07916666666666666 0.0765432098765432
0 0.44253472222222223 0.32644675925925926 0.08194444444444444 0.11851851851851851
0 0.5159722222222223 0.1661651234567901 0.06944444444444445 0.11358024691358024
2 0.49375 0.10397376543209877 0.0625 0.06419753086419752
1 0.47829861111111105 0.06795910493827159 0.05972222222222222 0.0765432098765432
2 0.4109375 0.10603780864197532 0.0625 0.08395061728395062
2 0.34930555555555554 0.11961805555555556 0.0611111111111111 0.11111111111111112
1 0.42899305555555556 0.2067901234567901 0.09861111111111111 0.11358024691358024
2 0.3095486111111111 0.23391203703703703 0.07222222222222222 0.07407407407407407
1 0.2595486111111111 0.20167824074074076 0.09722222222222222 0.08148148148148147
1 0.27604166666666663 0.29814814814814816 0.07083333333333333 0.0962962962962963
1 0.23958333333333334 0.3330439814814815 0.041666666666666664 0.16296296296296295
2 0.19496527777777778 0.297337962962963 0.09305555555555554 0.1259259259259259