3 0.06649305555555556 0.8163966049382717 0.0611111111111111 0.0765432098765432
3 0.867013888888889 0.7102430555555556 0.06527777777777778 0.11111111111111112
3 0.802951388888889 0.7171489197530864 0.06527777777777778 0.10617283950617282
3 0.5887152777777778 0.8613811728395062 0.05555555555555556 0.07901234567901234
0 0.21319444444444446 0.7202546296296296 0.03888888888888888 0.059259259259259255
0 0.14791666666666664 0.7125192901234568 0.05833333333333333 0.046913580246913576
0 0.5631944444444444 0.7551311728395061 0.06388888888888888 0.07901234567901234
0 0.39618055555555554 0.7185378086419754 0.0611111111111111 0.08395061728395062
0 0.3423611111111111 0.9541473765432098 0.04722222222222222 0.08641975308641975
0 0.07395833333333332 0.9402584876543211 0.09166666666666666 0.10864197530864197
0 0.8701388888888889 0.2665702160493827 0.05277777777777778 0.09876543209876543
0 0.9046875 0.4036844135802469 0.0875 0.16049382716049382
0 0.7123263888888889 0.8021990740740741 0.07777777777777777 0.14814814814814814