2 0.7727430555555556 0.17729552469135804 0.12361111111111109 0.18271604938271604
2 0.7223958333333333 0.48369984567901236 0.10416666666666666 0.1580246913580247
2 0.45503472222222224 0.6392939814814815 0.09444444444444444 0.16296296296296295
3 0.5600694444444445 0.491358024691358 0.08888888888888888 0.18271604938271604
3 0.36840277777777775 0.6322916666666667 0.14305555555555555 0.13333333333333333
3 0.6352430555555555 0.5831404320987654 0.09861111111111111 0.19753086419753085
3 0.7461805555555555 0.6697916666666667 0.0736111111111111 0.13333333333333333
3 0.7192708333333333 0.316820987654321 0.07916666666666666 0.10864197530864197
3 0.7052083333333333 0.8488425925925925 0.14166666666666666 0.18518518518518517
3 0.5335069444444445 0.8173225308641975 0.07638888888888888 0.12839506172839504
2 0.6897569444444445 0.7022376543209876 0.01388888888888889 0.04197530864197531