0 0.03888888888888889 0.8550733024691357 0.06527777777777778 0.1382716049382716
0 0.04895833333333333 0.5844328703703704 0.09166666666666666 0.14074074074074075
0 0.03229166666666666 0.4340277777777778 0.05833333333333333 0.15555555555555553
3 0.12864583333333332 0.7103587962962963 0.10416666666666666 0.1925925925925926
3 0.2875 0.09971064814814815 0.0625 0.0962962962962963
3 0.28663194444444445 0.2651813271604938 0.07638888888888888 0.12098765432098765
3 0.13819444444444445 0.39380787037037035 0.06388888888888888 0.14074074074074075
3 0.6 0.8936342592592592 0.0875 0.11851851851851851
2 0.5161458333333333 0.4976466049382716 0.041666666666666664 0.0765432098765432
2 0.484375 0.5756944444444445 0.0375 0.08888888888888888
1 0.6168402777777777 0.7439043209876542 0.13055555555555556 0.17530864197530863