0 0.13333333333333333 0.6083333333333333 0.05416666666666666 0.06666666666666667
0 0.16059027777777776 0.6649112654320988 0.05555555555555556 0.06419753086419752
0 0.3104166666666667 0.622974537037037 0.04583333333333333 0.07407407407407407
0 0.35815972222222225 0.6331790123456791 0.06944444444444445 0.09135802469135802
0 0.42326388888888894 0.569849537037037 0.05277777777777778 0.07407407407407407
0 0.5196180555555555 0.6266782407407407 0.04861111111111111 0.08148148148148147
0 0.5810763888888889 0.530787037037037 0.05277777777777778 0.07407407407407407
0 0.5340277777777778 0.7847608024691357 0.08055555555555555 0.1382716049382716
0 0.3953125 0.7719907407407407 0.0375 0.08148148148148147
0 0.5776041666666667 0.40142746913580246 0.04583333333333333 0.07160493827160494
0 0.6402777777777777 0.301099537037037 0.05555555555555556 0.07407407407407407
0 0.8605902777777779 0.21064814814814814 0.05555555555555556 0.0962962962962963