1 0.2569444444444445 0.3905864197530864 0.05138888888888889 0.10617283950617282
3 0.35052083333333334 0.348070987654321 0.07916666666666666 0.10864197530864197
3 0.2923611111111111 0.8491126543209877 0.17222222222222222 0.2419753086419753
3 0.726736111111111 0.8921103395061728 0.09722222222222222 0.21234567901234563
0 0.121875 0.8838927469135802 0.2 0.22716049382716047
0 0.09027777777777778 0.6540123456790123 0.13055555555555556 0.1580246913580247
0 0.3373263888888889 0.6448881172839507 0.11527777777777777 0.16790123456790124
0 0.5741319444444445 0.4846643518518518 0.06388888888888888 0.1037037037037037
0 0.4864583333333333 0.49018132716049384 0.07916666666666666 0.12098765432098765
0 0.3784722222222222 0.4809799382716049 0.08194444444444444 0.14320987654320988
0 0.1388888888888889 0.37627314814814816 0.07777777777777777 0.0962962962962963
0 0.03020833333333333 0.4075424382716049 0.05416666666666666 0.14320987654320988