0 0.8555555555555555 0.1160108024691358 0.09861111111111111 0.1382716049382716
0 0.39375 0.437866512345679 0.05 0.09135802469135802
0 0.4291666666666667 0.6437885802469137 0.07083333333333333 0.09382716049382715
0 0.4578125 0.512866512345679 0.05 0.09135802469135802
0 0.5166666666666667 0.5238811728395062 0.05833333333333333 0.07901234567901234
0 0.5298611111111111 0.295679012345679 0.04722222222222222 0.09135802469135802
0 0.5552083333333333 0.38688271604938274 0.06666666666666667 0.09876543209876543
0 0.6001736111111111 0.544116512345679 0.07222222222222222 0.09135802469135802
0 0.6940972222222223 0.4031828703703704 0.09444444444444444 0.14074074074074075
0 0.6588541666666667 0.16608796296296297 0.05833333333333333 0.1259259259259259
0 0.8631944444444445 0.24355709876543213 0.08888888888888888 0.1308641975308642
0 0.584375 0.6558063271604938 0.075 0.12098765432098765
0 0.45902777777777776 0.9437114197530864 0.08055555555555555 0.10617283950617282
0 0.5689236111111111 0.8665123456790124 0.07222222222222222 0.1580246913580247
0 0.6597222222222222 0.8761381172839506 0.09444444444444444 0.16790123456790124
0 0.7631944444444445 0.9560378086419753 0.08888888888888888 0.08395061728395062
0 0.8770833333333334 0.6637345679012345 0.11666666666666665 0.20246913580246914
0 0.9581597222222221 0.5569058641975309 0.08194444444444444 0.1950617283950617
0 0.9590277777777778 0.8277199074074074 0.08055555555555555 0.2148148148148148
1 0.5020833333333333 0.6956790123456791 0.09166666666666666 0.09135802469135802
1 0.6993055555555555 0.697337962962963 0.0611111111111111 0.1259259259259259