0 0.7220052083333333 0.5732638888888889 0.025260416666666664 0.04027777777777777
0 0.6959635416666667 0.600925925925926 0.038802083333333334 0.06435185185185185
0 0.6216145833333333 0.5431134259259259 0.03072916666666666 0.05185185185185185
0 0.983203125 0.31689814814814815 0.03203125 0.046296296296296294
0 0.65625 0.9616319444444444 0.06875 0.07638888888888888
0 0.5063802083333333 0.6675347222222222 0.028385416666666663 0.05694444444444444
0 0.4575520833333333 0.7072916666666667 0.03072916666666666 0.04583333333333333
0 0.4634114583333333 0.56875 0.023697916666666666 0.05
0 0.4407552083333333 0.6115162037037037 0.025260416666666664 0.04490740740740741
0 0.41015625 0.6384837962962963 0.0265625 0.04259259259259259
0 0.4373697916666667 0.9629050925925926 0.04973958333333333 0.07268518518518519
0 0.42265625 0.8512152777777778 0.0359375 0.05555555555555556