0 0.05538194444444444 0.6227430555555555 0.08888888888888888 0.11111111111111112
0 0.2189236111111111 0.8880594135802469 0.08472222222222223 0.16049382716049382
0 0.39826388888888886 0.9168402777777779 0.09027777777777776 0.15555555555555553
0 0.5996527777777778 0.8922453703703704 0.08055555555555555 0.14074074074074075
0 0.8239583333333333 0.6790123456790124 0.09166666666666666 0.1580246913580247
0 0.6953125 0.47455632716049384 0.075 0.12098765432098765
0 0.5611111111111111 0.3568672839506173 0.07222222222222222 0.10123456790123457
0 0.35104166666666664 0.3677276234567901 0.07083333333333333 0.11358024691358024
0 0.33541666666666664 0.5575424382716049 0.08333333333333333 0.14320987654320988
0 0.4364583333333333 0.4932291666666667 0.07916666666666666 0.13333333333333333
0 0.465625 0.6406828703703704 0.0875 0.14074074074074075
0 0.5597222222222222 0.15192901234567902 0.06944444444444445 0.09135802469135802
0 0.5262152777777778 0.49822530864197534 0.043055555555555555 0.08395061728395062
0 0.5748263888888889 0.6024498456790124 0.07777777777777777 0.1580246913580247
0 0.6357638888888889 0.10160108024691357 0.05277777777777778 0.09382716049382715
2 0.5489583333333333 0.23875385802469137 0.029166666666666664 0.04938271604938271