1 0.8973958333333334 0.5186728395061728 0.05416666666666666 0.21234567901234563
0 0.9421875 0.1712191358024691 0.1 0.20493827160493824
0 0.2704861111111111 0.7032214506172839 0.10972222222222221 0.2345679012345679
0 0.37760416666666663 0.8353395061728396 0.10833333333333332 0.14567901234567898
0 0.6821180555555555 0.6746527777777778 0.08611111111111111 0.15555555555555553
3 0.38298611111111114 0.13076774691358023 0.10972222222222221 0.22716049382716047
3 0.5493055555555555 0.23134645061728393 0.12361111111111109 0.2345679012345679
3 0.8458333333333334 0.42777777777777776 0.06666666666666667 0.15555555555555553
3 0.532986111111111 0.45869984567901234 0.08472222222222223 0.1580246913580247
3 0.19861111111111113 0.33400848765432095 0.13472222222222222 0.30864197530864196
1 0.253125 0.2302469135802469 0.15 0.36049382716049383
3 0.579861111111111 0.6054398148148148 0.09722222222222222 0.22962962962962963