0 0.1671875 0.15162037037037038 0.075 0.14074074074074075
3 0.15538194444444445 0.3550733024691358 0.10138888888888889 0.1382716049382716
3 0.2503472222222222 0.3191358024691358 0.08194444444444444 0.1382716049382716
3 0.3654513888888889 0.41782407407407407 0.10277777777777777 0.14814814814814814
3 0.7529513888888889 0.750925925925926 0.11527777777777777 0.2518518518518518
3 0.8715277777777779 0.7450038580246914 0.13055555555555556 0.24938271604938272
3 0.09913194444444444 0.7276427469135802 0.1388888888888889 0.22716049382716047
3 0.20069444444444445 0.9120563271604938 0.07638888888888888 0.12098765432098765
1 0.35954861111111114 0.030613425925925926 0.08472222222222223 0.05185185185185185
1 0.3828125 0.1564621913580247 0.1125 0.11604938271604937
1 0.49548611111111107 0.3178047839506173 0.13472222222222222 0.10123456790123457
1 0.6411458333333333 0.5087962962962963 0.14166666666666666 0.1925925925925926
1 0.4444444444444445 0.5809027777777778 0.07638888888888888 0.15555555555555553
1 0.2953125 0.5595871913580247 0.1375 0.11604938271604937