2 0.9069444444444444 0.7918788580246914 0.02638888888888889 0.04938271604938271
3 0.7737847222222223 0.8945216049382717 0.04444444444444444 0.0765432098765432
3 0.6581597222222222 0.8602430555555556 0.05694444444444444 0.11111111111111112
3 0.37517361111111114 0.7278356481481482 0.05972222222222222 0.0962962962962963
0 0.10243055555555555 0.8826195987654322 0.09861111111111111 0.1308641975308642
0 0.3402777777777778 0.07501929012345679 0.03055555555555555 0.046913580246913576
0 0.4708333333333333 0.0861304012345679 0.041666666666666664 0.0691358024691358
0 0.34652777777777777 0.5960841049382716 0.05555555555555556 0.0765432098765432
0 0.8784722222222221 0.6866319444444444 0.04444444444444444 0.08888888888888888
0 0.7980902777777777 0.8076967592592592 0.05555555555555556 0.11851851851851851
0 0.5673611111111111 0.5858989197530864 0.04722222222222222 0.10617283950617282
0 0.3467013888888889 0.3775077160493827 0.05277777777777778 0.09876543209876543