1 0.7833333333333333 0.9266203703703704 0.07916666666666666 0.14074074074074075
3 0.8012152777777779 0.7629822530864198 0.09305555555555554 0.1728395061728395
0 0.8256944444444445 0.22901234567901235 0.08888888888888888 0.1580246913580247
0 0.5020833333333333 0.969020061728395 0.06666666666666667 0.05679012345679012
0 0.5789930555555556 0.9329475308641975 0.08611111111111111 0.12839506172839504
0 0.6710069444444444 0.8873070987654321 0.08888888888888888 0.1308641975308642
0 0.6715277777777777 0.7011381172839506 0.09305555555555554 0.16790123456790124
0 0.7194444444444444 0.4994020061728395 0.07638888888888888 0.14567901234567898
0 0.6088541666666667 0.5938078703703704 0.07083333333333333 0.14074074074074075
0 0.43559027777777776 0.045100308641975305 0.05555555555555556 0.08395061728395062
0 0.4763888888888889 0.6946180555555556 0.06527777777777778 0.11111111111111112
0 0.1486111111111111 0.7099344135802469 0.08472222222222223 0.16049382716049382
0 0.15173611111111113 0.43975694444444446 0.07222222222222222 0.08888888888888888