1 0.63125 0.5551697530864198 0.1 0.1728395061728395
1 0.4927083333333333 0.7183834876543209 0.10416666666666666 0.10864197530864197
0 0.4958333333333333 0.9731288580246913 0.06666666666666667 0.04938271604938271
0 0.41684027777777777 0.8928047839506172 0.06805555555555555 0.10123456790123457
0 0.5177083333333333 0.8249807098765432 0.09166666666666666 0.1530864197530864
0 0.778125 0.9304012345679012 0.1 0.13580246913580246
0 0.6605902777777778 0.8596064814814814 0.10555555555555556 0.16296296296296295
0 0.781423611111111 0.7405092592592593 0.09722222222222222 0.11851851851851851
0 0.8404513888888889 0.6207754629629629 0.09027777777777776 0.1259259259259259
0 0.734548611111111 0.5812114197530864 0.08472222222222223 0.10617283950617282
0 0.7246527777777778 0.3599922839506173 0.06805555555555555 0.10123456790123457
0 0.806423611111111 0.32783564814814814 0.05972222222222222 0.0962962962962963
0 0.9289930555555556 0.20162037037037037 0.0736111111111111 0.14074074074074075
0 0.8696180555555555 0.127758487654321 0.0611111111111111 0.10864197530864197
0 0.7604166666666667 0.13375771604938272 0.05833333333333333 0.09876543209876543
0 0.5741319444444445 0.10603780864197532 0.05138888888888889 0.08395061728395062
0 0.5963541666666667 0.2958526234567901 0.07083333333333333 0.11358024691358024
0 0.4013888888888889 0.4849922839506172 0.06527777777777778 0.10123456790123457
0 0.06284722222222222 0.5192901234567902 0.08194444444444444 0.11358024691358024
0 0.21927083333333336 0.5245563271604938 0.09166666666666666 0.12098765432098765