0 0.4175347222222222 0.5451003086419753 0.06944444444444445 0.08395061728395062
0 0.640625 0.5642746913580247 0.0625 0.11604938271604937
0 0.657986111111111 0.36896219135802466 0.04722222222222222 0.11604938271604937
0 0.09722222222222222 0.045100308641975305 0.06944444444444445 0.08395061728395062
0 0.6572916666666667 0.240991512345679 0.03333333333333333 0.09135802469135802
1 0.49027777777777776 0.6697145061728395 0.11805555555555555 0.14567901234567898
3 0.6293402777777778 0.8978395061728396 0.06805555555555555 0.14567901234567898
3 0.7246527777777778 0.9190586419753087 0.08055555555555555 0.1506172839506173
3 0.757638888888889 0.7940586419753086 0.07777777777777777 0.1506172839506173
3 0.84375 0.4872106481481482 0.05 0.0962962962962963
3 0.06788194444444444 0.6820408950617284 0.10138888888888889 0.12345679012345678
3 0.19270833333333331 0.7277584876543209 0.06666666666666667 0.10864197530864197