3 0.7592013888888889 0.37386188271604937 0.05277777777777778 0.03209876543209876
3 0.825 0.6030671296296296 0.0375 0.059259259259259255
3 0.6321180555555556 0.31655092592592593 0.03611111111111111 0.05185185185185185
0 0.7133680555555555 0.9582561728395061 0.0611111111111111 0.07901234567901234
0 0.7053819444444445 0.8278356481481481 0.03888888888888888 0.0962962962962963
0 0.6489583333333333 0.799537037037037 0.041666666666666664 0.07407407407407407
0 0.08263888888888889 0.7891782407407407 0.05277777777777778 0.08148148148148147
0 0.15347222222222223 0.6858024691358025 0.04444444444444444 0.07160493827160494
0 0.37378472222222225 0.8335841049382717 0.04444444444444444 0.0765432098765432
0 0.41684027777777777 0.3129436728395062 0.03055555555555555 0.07901234567901234
0 0.3579861111111111 0.07690972222222223 0.02222222222222222 0.04444444444444444
0 0.315625 0.04583333333333333 0.0375 0.06666666666666667
0 0.11944444444444444 0.23431712962962964 0.03888888888888888 0.059259259259259255