0 0.34253472222222225 0.23275462962962962 0.03194444444444444 0.059259259259259255
0 0.27934027777777776 0.3592399691358025 0.043055555555555555 0.07160493827160494
0 0.3295138888888889 0.4552083333333333 0.04027777777777777 0.06666666666666667
0 0.46371527777777777 0.7043981481481482 0.043055555555555555 0.0962962962962963
0 0.521701388888889 0.6726466049382716 0.04027777777777777 0.0765432098765432
0 0.8975694444444444 0.5943672839506172 0.06388888888888888 0.10123456790123457
0 0.951388888888889 0.8289930555555556 0.06527777777777778 0.11111111111111112
0 0.5873263888888889 0.17345679012345677 0.02777777777777778 0.046913580246913576
0 0.18680555555555556 0.8280864197530864 0.0611111111111111 0.10617283950617282
1 0.599826388888889 0.6959104938271605 0.06527777777777778 0.05432098765432099
1 0.6805555555555556 0.7686149691358024 0.0736111111111111 0.07160493827160494
1 0.7192708333333333 0.5033179012345679 0.05416666666666666 0.0691358024691358