3 0.4300347222222222 0.2345679012345679 0.04444444444444444 0.0691358024691358
3 0.5765625 0.16712962962962963 0.0375 0.059259259259259255
3 0.7621527777777778 0.45111882716049384 0.10555555555555556 0.12098765432098765
3 0.8875 0.11682098765432099 0.075 0.10864197530864197
3 0.665798611111111 0.26361882716049384 0.07222222222222222 0.12098765432098765
3 0.5390625 0.7116319444444444 0.0625 0.08888888888888888
0 0.7456597222222222 0.28451003086419757 0.06944444444444445 0.12839506172839504
0 0.6576388888888889 0.4174768518518518 0.07777777777777777 0.1037037037037037
0 0.46944444444444444 0.48663194444444446 0.05138888888888889 0.08888888888888888
0 0.28142361111111114 0.8481481481481481 0.05972222222222222 0.0962962962962963
0 0.3654513888888889 0.3662422839506173 0.05277777777777778 0.10123456790123457