0 0.4125 0.6940393518518518 0.0625 0.1037037037037037
0 0.5302083333333333 0.8116512345679012 0.07916666666666666 0.13580246913580246
0 0.49340277777777775 0.5713348765432099 0.05555555555555556 0.08641975308641975
0 0.593923611111111 0.6572916666666667 0.05972222222222222 0.13333333333333333
0 0.7411458333333333 0.6669174382716049 0.06666666666666667 0.14320987654320988
0 0.68125 0.49338348765432094 0.0625 0.10864197530864197
0 0.6041666666666667 0.34380787037037036 0.07083333333333333 0.14074074074074075
0 0.7972222222222223 0.42044753086419756 0.06944444444444445 0.12839506172839504
0 0.8789930555555555 0.8550154320987655 0.11111111111111112 0.19753086419753085
0 0.9743055555555555 0.7353395061728395 0.04861111111111111 0.14567901234567898
0 0.5243055555555556 0.07609953703703703 0.04861111111111111 0.07407407407407407
0 0.626736111111111 0.1293016975308642 0.04722222222222222 0.06172839506172839
0 0.7583333333333333 0.203491512345679 0.05416666666666666 0.09135802469135802
0 0.9324652777777779 0.18952546296296297 0.06805555555555555 0.1259259259259259
0 0.8041666666666666 0.12569444444444444 0.05833333333333333 0.08888888888888888
3 0.954861111111111 0.3983024691358025 0.04722222222222222 0.07160493827160494
3 0.6743055555555555 0.7889660493827161 0.11111111111111112 0.16543209876543208