0 0.109375 0.20210262345679011 0.0625 0.11358024691358024
0 0.40451388888888895 0.21969521604938272 0.06527777777777778 0.09876543209876543
0 0.5753472222222222 0.035223765432098764 0.05694444444444444 0.06419753086419752
0 0.18559027777777776 0.40061728395061724 0.06805555555555555 0.10123456790123457
3 0.45486111111111105 0.4697723765432099 0.05972222222222222 0.08641975308641975
1 0.5852430555555556 0.46996527777777775 0.04861111111111111 0.15555555555555553
1 0.547048611111111 0.2400077160493827 0.04722222222222222 0.09876543209876543
1 0.5875 0.31138117283950617 0.0875 0.07901234567901234
1 0.867361111111111 0.6130401234567902 0.19722222222222222 0.11358024691358024
1 0.695138888888889 0.7094135802469136 0.11527777777777777 0.2938271604938271
1 0.5048611111111111 0.7037422839506172 0.07222222222222222 0.3012345679012346
0 0.19010416666666666 0.6978395061728395 0.08333333333333333 0.14567901234567898