0 0.9034722222222221 0.42802854938271606 0.10694444444444444 0.16543209876543208
0 0.6229166666666667 0.21238425925925924 0.05833333333333333 0.11851851851851851
0 0.4932291666666667 0.19459876543209878 0.04583333333333333 0.06419753086419752
0 0.42118055555555556 0.527758487654321 0.0611111111111111 0.10864197530864197
0 0.496875 0.43655478395061725 0.075 0.10123456790123457
0 0.42361111111111105 0.6871527777777777 0.09722222222222222 0.15555555555555553
0 0.7991319444444445 0.6897762345679013 0.08888888888888888 0.13580246913580246
0 0.5541666666666667 0.24131944444444448 0.04583333333333333 0.08888888888888888
3 0.5961805555555555 0.5418981481481482 0.0611111111111111 0.0962962962962963
3 0.6592013888888889 0.4344135802469136 0.07777777777777777 0.09382716049382715
3 0.7586805555555556 0.5272762345679013 0.09861111111111111 0.13580246913580246
3 0.5758680555555555 0.6896797839506172 0.0736111111111111 0.10123456790123457
3 0.7444444444444445 0.9392746913580247 0.11388888888888889 0.11604938271604937