1 0.6881944444444444 0.34782021604938274 0.06388888888888888 0.09876543209876543
3 0.6793402777777777 0.8568479938271605 0.043055555555555555 0.05432098765432099
3 0.6038194444444445 0.4377700617283951 0.03888888888888888 0.05679012345679012
3 0.523263888888889 0.3180362654320988 0.04027777777777777 0.06419753086419752
0 0.75 0.7314429012345679 0.0375 0.0691358024691358
0 0.678125 0.4570987654320987 0.0375 0.06419753086419752
0 0.640451388888889 0.17905092592592592 0.02777777777777778 0.05185185185185185
0 0.5817708333333333 0.3289737654320988 0.041666666666666664 0.06419753086419752
0 0.475 0.586207561728395 0.0375 0.05679012345679012
0 0.3953125 0.3459104938271605 0.0375 0.05432098765432099
3 0.18125 0.7983024691358025 0.05 0.07160493827160494
3 0.18524305555555556 0.7045524691358025 0.0611111111111111 0.07160493827160494