3 0.6225694444444445 0.732638888888889 0.10138888888888889 0.17777777777777776
0 0.5303819444444444 0.5365933641975309 0.10138888888888889 0.1950617283950617
0 0.6640625 0.6133680555555555 0.0625 0.11111111111111112
0 0.5553819444444444 0.8346064814814815 0.05138888888888889 0.16296296296296295
0 0.49548611111111107 0.334837962962963 0.05972222222222222 0.1259259259259259
0 0.4930555555555555 0.1775077160493827 0.04861111111111111 0.09876543209876543
3 0.6619791666666667 0.3759452160493827 0.05833333333333333 0.09876543209876543
1 0.43923611111111105 0.1841820987654321 0.07222222222222222 0.1308641975308642
1 0.8612847222222222 0.8219907407407409 0.06944444444444445 0.2814814814814815
3 0.30989583333333337 0.06919367283950617 0.07916666666666666 0.07901234567901234
2 0.6182291666666667 0.13196373456790123 0.07083333333333333 0.13580246913580246