0 0.16927083333333331 0.6399498456790124 0.10416666666666666 0.1580246913580247
0 0.7428819444444444 0.4929976851851852 0.08888888888888888 0.17037037037037037
0 0.874826388888889 0.7599151234567901 0.06527777777777778 0.11358024691358024
0 0.46163194444444444 0.14427083333333332 0.05138888888888889 0.06666666666666667
0 0.34965277777777776 0.13522376543209877 0.03055555555555555 0.06419753086419752
0 0.39739583333333334 0.029378858024691357 0.029166666666666664 0.04938271604938271
3 0.2828125 0.3236304012345679 0.05 0.0691358024691358
3 0.02690972222222222 0.5026813271604939 0.04444444444444444 0.12098765432098765
3 0.16857638888888887 0.7850694444444445 0.09027777777777776 0.08888888888888888
1 0.4376736111111111 0.5848572530864198 0.09722222222222222 0.1728395061728395
1 0.5185763888888889 0.25480324074074073 0.14027777777777778 0.08148148148148147
1 0.05902777777777777 0.46759259259259256 0.09305555555555554 0.18518518518518517
1 0.16267361111111112 0.4961033950617284 0.08472222222222223 0.12345679012345678
3 0.6104166666666667 0.3080054012345679 0.05833333333333333 0.0691358024691358
1 0.6085069444444444 0.48632330246913574 0.05138888888888889 0.1382716049382716
1 0.8189236111111111 0.7697337962962962 0.034722222222222224 0.1925925925925926