3 0.4881944444444445 0.39459876543209876 0.03888888888888888 0.06419753086419752
3 0.09583333333333333 0.5323688271604938 0.09166666666666666 0.12098765432098765
3 0.14392361111111113 0.881886574074074 0.10972222222222221 0.14814814814814814
3 0.3817708333333333 0.909278549382716 0.10416666666666666 0.16543209876543208
1 0.4489583333333333 0.5179976851851852 0.041666666666666664 0.17037037037037037
1 0.584201388888889 0.7388695987654321 0.09027777777777776 0.1308641975308642
1 0.7699652777777778 0.30603780864197533 0.10555555555555556 0.08395061728395062
0 0.5501736111111111 0.6008680555555556 0.07222222222222222 0.11111111111111112
0 0.5439236111111111 0.5020833333333333 0.04722222222222222 0.06666666666666667
0 0.5852430555555556 0.4341628086419753 0.04861111111111111 0.08395061728395062
0 0.6425347222222222 0.28128858024691356 0.05694444444444444 0.09382716049382715
0 0.6461805555555555 0.4516010802469136 0.0611111111111111 0.09382716049382715
0 0.6600694444444445 0.5699459876543209 0.07638888888888888 0.10864197530864197
0 0.6361111111111111 0.7010416666666667 0.07222222222222222 0.13333333333333333
0 0.6479166666666667 0.9329475308641975 0.08333333333333333 0.12839506172839504
0 0.4887152777777778 0.46969521604938275 0.05555555555555556 0.09876543209876543
0 0.425 0.7227430555555555 0.0625 0.11111111111111112
0 0.3296875 0.7675733024691358 0.075 0.1382716049382716
0 0.15989583333333332 0.6806520061728395 0.09166666666666666 0.14567901234567898
0 0.38350694444444444 0.46369598765432096 0.06388888888888888 0.10864197530864197
0 0.37430555555555556 0.29311342592592593 0.04861111111111111 0.05185185185185185
0 0.3597222222222222 0.3523341049382716 0.05694444444444444 0.0765432098765432
0 0.15434027777777776 0.41263503086419756 0.06805555555555555 0.12839506172839504