0 0.17395833333333333 0.43913966049382713 0.12916666666666665 0.1876543209876543
0 0.5116319444444445 0.4127314814814815 0.08888888888888888 0.16296296296296295
0 0.6743055555555555 0.48508873456790125 0.08611111111111111 0.13580246913580246
0 0.5085069444444444 0.6304976851851852 0.10138888888888889 0.17037037037037037
0 0.45590277777777777 0.8407793209876543 0.10555555555555556 0.17530864197530863
0 0.9260416666666667 0.8943865740740741 0.10833333333333332 0.14814814814814814
0 0.6953125 0.24504243827160493 0.0875 0.14320987654320988
0 0.7710069444444445 0.16722608024691357 0.07638888888888888 0.09382716049382715
0 0.8227430555555555 0.2729938271604938 0.0611111111111111 0.12098765432098765
0 0.8802083333333334 0.2539158950617284 0.05416666666666666 0.12345679012345678
0 0.8178819444444445 0.12388117283950617 0.05138888888888889 0.07901234567901234
3 0.32222222222222224 0.7019868827160494 0.14444444444444443 0.23209876543209873
3 0.5631944444444444 0.9006558641975309 0.11388888888888889 0.1950617283950617
3 0.586111111111111 0.39963348765432094 0.05972222222222222 0.10864197530864197
3 0.3078125 0.12282021604938272 0.0875 0.09876543209876543
1 0.6375 0.6320408950617284 0.175 0.12345679012345678
3 0.8526041666666666 0.776929012345679 0.07083333333333333 0.09135802469135802