0 0.28628472222222223 0.06846064814814815 0.05694444444444444 0.0962962962962963
0 0.3315972222222222 0.24182098765432097 0.05694444444444444 0.10864197530864197
0 0.40815972222222224 0.18852237654320986 0.04444444444444444 0.08641975308641975
0 0.4604166666666667 0.2429591049382716 0.04583333333333333 0.0765432098765432
0 0.5145833333333333 0.20570987654320988 0.041666666666666664 0.08641975308641975
0 0.6020833333333333 0.18053626543209877 0.041666666666666664 0.06419753086419752
0 0.593923611111111 0.30324074074074076 0.04722222222222222 0.08148148148148147
0 0.42378472222222224 0.042959104938271604 0.04444444444444444 0.0765432098765432
0 0.3467013888888889 0.8401813271604939 0.09027777777777776 0.12098765432098765
0 0.4607638888888889 0.804320987654321 0.06527777777777778 0.10864197530864197
0 0.5730902777777778 0.8316165123456789 0.05555555555555556 0.09135802469135802
0 0.6354166666666667 0.9541473765432098 0.08333333333333333 0.08641975308641975
0 0.9473958333333334 0.3585841049382716 0.041666666666666664 0.0765432098765432