3 0.3026041666666667 0.6948688271604938 0.05833333333333333 0.12098765432098765
3 0.41180555555555554 0.3912422839506173 0.08611111111111111 0.10123456790123457
3 0.571875 0.25119598765432094 0.05 0.10864197530864197
3 0.703125 0.2772569444444445 0.0625 0.08888888888888888
3 0.7369791666666667 0.40792824074074074 0.05833333333333333 0.08148148148148147
3 0.8579861111111111 0.2895061728395062 0.05972222222222222 0.07901234567901234
3 0.7963541666666667 0.9563657407407407 0.07083333333333333 0.08148148148148147
0 0.2953125 0.4384645061728395 0.075 0.14567901234567898
1 0.6298611111111111 0.7002121913580247 0.09722222222222222 0.11604938271604937
1 0.7138888888888889 0.5401234567901234 0.07777777777777777 0.18024691358024691
1 0.4685763888888889 0.9023726851851851 0.06527777777777778 0.17037037037037037
1 0.5510416666666667 0.8935763888888889 0.09583333333333333 0.17777777777777776
2 0.29496527777777776 0.7515817901234568 0.03055555555555555 0.046913580246913576
2 0.6020833333333333 0.19016203703703702 0.029166666666666664 0.07407407407407407