0 0.19756944444444444 0.5589313271604939 0.06388888888888888 0.12098765432098765
0 0.507986111111111 0.5920717592592593 0.07222222222222222 0.11851851851851851
0 0.6027777777777777 0.372241512345679 0.05555555555555556 0.09135802469135802
0 0.4960069444444445 0.26631944444444444 0.06388888888888888 0.08888888888888888
0 0.5736111111111111 0.16986882716049384 0.05972222222222222 0.12098765432098765
0 0.9109375 0.3857253086419753 0.05 0.08395061728395062
0 0.9697916666666666 0.6967592592592593 0.05833333333333333 0.11851851851851851
3 0.11232638888888888 0.6574459876543209 0.06527777777777778 0.10864197530864197
3 0.31527777777777777 0.9185378086419753 0.05555555555555556 0.08395061728395062
3 0.7243055555555555 0.6696952160493828 0.0736111111111111 0.09876543209876543
3 0.8375 0.6055362654320987 0.0625 0.06419753086419752
3 0.41267361111111106 0.14205246913580247 0.04722222222222222 0.07160493827160494