1 0.5182291666666667 0.4424189814814815 0.03333333333333333 0.16296296296296295
3 0.5984375 0.6426311728395062 0.0625 0.07901234567901234
3 0.4795138888888889 0.7962770061728395 0.11527777777777777 0.14567901234567898
1 0.8324652777777779 0.24814814814814815 0.11805555555555555 0.0962962962962963
1 0.6635416666666667 0.6758873456790123 0.10833333333333332 0.1580246913580247
0 0.7059027777777778 0.2423804012345679 0.05555555555555556 0.0691358024691358
0 0.7034722222222223 0.3904128086419753 0.06944444444444445 0.08395061728395062
0 0.6475694444444444 0.3830054012345679 0.05138888888888889 0.0691358024691358
0 0.6135416666666667 0.43950617283950616 0.04583333333333333 0.07901234567901234
0 0.6145833333333333 0.5215856481481482 0.06666666666666667 0.0962962962962963
0 0.7180555555555556 0.5053047839506173 0.0736111111111111 0.10123456790123457
0 0.6987847222222222 0.6224151234567901 0.06944444444444445 0.11358024691358024
0 0.7083333333333333 0.8263695987654321 0.07916666666666666 0.1308641975308642
0 0.525173611111111 0.9437114197530864 0.07222222222222222 0.10617283950617282
0 0.41232638888888895 0.9392746913580247 0.09027777777777776 0.11604938271604937
0 0.559375 0.41130401234567904 0.05 0.09135802469135802
0 0.4605902777777778 0.40817901234567905 0.05555555555555556 0.09135802469135802
0 0.5 0.6265239197530864 0.0625 0.10617283950617282
0 0.41128472222222223 0.6602430555555555 0.06944444444444445 0.11111111111111112
0 0.2696180555555555 0.5810570987654321 0.08611111111111111 0.1308641975308642
0 0.4444444444444445 0.28746141975308637 0.06388888888888888 0.10617283950617282
0 0.26336805555555554 0.3475694444444445 0.0611111111111111 0.08888888888888888