0 0.20416666666666666 0.8416666666666666 0.08333333333333333 0.13333333333333333
0 0.3329861111111111 0.3007908950617284 0.07222222222222222 0.12345679012345678
0 0.11510416666666665 0.4174768518518518 0.07083333333333333 0.1037037037037037
0 0.0484375 0.4002893518518518 0.0625 0.1037037037037037
0 0.11440972222222223 0.32544367283950615 0.06944444444444445 0.07901234567901234
0 0.0765625 0.11385030864197532 0.0625 0.08395061728395062
0 0.17378472222222224 0.25135030864197533 0.05694444444444444 0.08395061728395062
0 0.18940972222222224 0.12914737654320987 0.05694444444444444 0.08641975308641975
2 0.5368055555555555 0.4688850308641975 0.08611111111111111 0.12839506172839504
1 0.3390625 0.5576388888888889 0.1125 0.17777777777777776
3 0.6723958333333333 0.43188657407407405 0.10416666666666666 0.14814814814814814
1 0.687326388888889 0.7100694444444444 0.06527777777777778 0.28888888888888886