1 0.6210069444444445 0.7653163580246913 0.03888888888888888 0.04938271604938271
1 0.9090277777777779 0.8422260802469136 0.06805555555555555 0.09382716049382715
1 0.042881944444444445 0.8451003086419753 0.07638888888888888 0.08395061728395062
0 0.05 0.6399112654320988 0.0375 0.06419753086419752
0 0.2960069444444445 0.969020061728395 0.05138888888888889 0.05679012345679012
0 0.4765625 0.7475694444444445 0.05 0.08888888888888888
0 0.8229166666666666 0.859741512345679 0.04583333333333333 0.09135802469135802
0 0.646875 0.5600694444444445 0.05 0.08888888888888888
0 0.65625 0.38013117283950615 0.05 0.07901234567901234
0 0.4083333333333333 0.3093942901234568 0.029166666666666664 0.046913580246913576
0 0.5708333333333333 0.15001929012345677 0.029166666666666664 0.046913580246913576
0 0.5140625 0.10397376543209877 0.0375 0.06419753086419752