3 0.765451388888889 0.4773341049382716 0.06527777777777778 0.0765432098765432
3 0.5590277777777778 0.8679976851851852 0.09305555555555554 0.17037037037037037
3 0.5789930555555556 0.6132137345679013 0.0736111111111111 0.13580246913580246
3 0.5625 0.4533371913580247 0.0625 0.11604938271604937
1 0.6727430555555556 0.5687114197530864 0.08611111111111111 0.10617283950617282
1 0.615451388888889 0.31493055555555555 0.09027777777777776 0.11111111111111112
1 0.14930555555555552 0.2661651234567901 0.12361111111111109 0.11358024691358024
0 0.6024305555555556 0.9560378086419753 0.0611111111111111 0.08395061728395062
0 0.6227430555555555 0.7315393518518518 0.0736111111111111 0.1037037037037037
0 0.3498263888888889 0.9392746913580247 0.11527777777777777 0.11604938271604937
0 0.43888888888888894 0.9074652777777779 0.09027777777777776 0.15555555555555553
0 0.35277777777777775 0.8086805555555555 0.06805555555555555 0.11111111111111112
0 0.2482638888888889 0.9062307098765432 0.09027777777777776 0.1530864197530864
0 0.10121527777777777 0.9370563271604938 0.10555555555555556 0.12098765432098765
0 0.849826388888889 0.47783564814814816 0.05277777777777778 0.0962962962962963
0 0.7939236111111111 0.5410686728395062 0.05972222222222222 0.07901234567901234
0 0.820486111111111 0.11755401234567901 0.034722222222222224 0.09135802469135802
0 0.7762152777777778 0.12569444444444444 0.05555555555555556 0.08888888888888888
0 0.6840277777777778 0.08219521604938271 0.05555555555555556 0.09876543209876543
0 0.6496527777777777 0.22463348765432095 0.05555555555555556 0.10864197530864197
0 0.540625 0.15474537037037037 0.0625 0.14074074074074075
0 0.5335069444444445 0.28055555555555556 0.06388888888888888 0.11111111111111112
0 0.4920138888888889 0.3836805555555555 0.06527777777777778 0.11111111111111112
0 0.38645833333333335 0.4377121913580247 0.06666666666666667 0.11604938271604937
0 0.15694444444444444 0.5447723765432099 0.08888888888888888 0.08641975308641975
0 0.3232638888888889 0.09585262345679012 0.07777777777777777 0.11358024691358024
0 0.2248263888888889 0.11919367283950617 0.05277777777777778 0.07901234567901234
0 0.12170138888888889 0.1711033950617284 0.09027777777777776 0.12345679012345678