3 0.17291666666666666 0.30243055555555554 0.07083333333333333 0.11111111111111112
3 0.13836805555555556 0.27002314814814815 0.0736111111111111 0.0962962962962963
3 0.04079861111111111 0.12052469135802468 0.07222222222222222 0.11604938271604937
3 0.9244791666666666 0.5196759259259259 0.03333333333333333 0.05185185185185185
3 0.7821180555555556 0.7647569444444444 0.0611111111111111 0.08888888888888888
3 0.5668402777777778 0.4968171296296296 0.06805555555555555 0.059259259259259255
3 0.5928819444444444 0.5974729938271606 0.03888888888888888 0.05432098765432099
3 0.4920138888888889 0.6475694444444444 0.05277777777777778 0.08888888888888888
0 0.4131944444444445 0.9474922839506172 0.07638888888888888 0.10123456790123457
0 0.5402777777777777 0.5832561728395061 0.05555555555555556 0.07901234567901234
0 0.83125 0.37330246913580245 0.05 0.07160493827160494
0 0.5902777777777778 0.28638117283950615 0.043055555555555555 0.07901234567901234
0 0.11458333333333333 0.046161265432098766 0.06666666666666667 0.06419753086419752