0 0.07777777777777778 0.3319058641975309 0.13055555555555556 0.1950617283950617
0 0.34652777777777777 0.6080632716049383 0.13055555555555556 0.20987654320987653
0 0.568576388888889 0.44340277777777776 0.09027777777777776 0.15555555555555553
0 0.7036458333333333 0.4138117283950617 0.10416666666666666 0.19012345679012346
0 0.8428819444444444 0.3437307098765432 0.08888888888888888 0.1530864197530864
0 0.9600694444444444 0.4189814814814815 0.07638888888888888 0.16296296296296295
0 0.9112847222222221 0.8791087962962963 0.11944444444444444 0.1925925925925926
0 0.05711805555555556 0.8794560185185185 0.11111111111111112 0.23703703703703702
3 0.703125 0.5972608024691357 0.0875 0.1382716049382716
3 0.8111111111111111 0.5666859567901235 0.09722222222222222 0.18024691358024691
3 0.9111111111111111 0.5536844135802469 0.1222222222222222 0.16049382716049382
1 0.507638888888889 0.691358024691358 0.16527777777777777 0.18271604938271604
1 0.7421875 0.7225887345679013 0.1875 0.13580246913580246
1 0.7322916666666667 0.2891782407407407 0.12083333333333332 0.2814814814814815
3 0.8770833333333334 0.1410108024691358 0.11666666666666665 0.1382716049382716