0 0.49548611111111107 0.2858989197530864 0.05972222222222222 0.10617283950617282
1 0.21822916666666664 0.8170717592592591 0.03333333333333333 0.11851851851851851
1 0.37482638888888886 0.6779899691358025 0.07777777777777777 0.07160493827160494
0 0.49930555555555556 0.5873842592592593 0.0611111111111111 0.11851851851851851
0 0.6168402777777777 0.8902777777777778 0.06805555555555555 0.15555555555555553
0 0.7713541666666667 0.5747106481481482 0.04583333333333333 0.0962962962962963
0 0.8354166666666666 0.1793016975308642 0.03333333333333333 0.06172839506172839
0 0.4 0.17214506172839505 0.0375 0.05679012345679012
0 0.28368055555555555 0.2758487654320988 0.03611111111111111 0.06419753086419752
3 0.5111111111111111 0.7342399691358025 0.04722222222222222 0.07160493827160494
1 0.624826388888889 0.6343171296296296 0.07777777777777777 0.059259259259259255
1 0.7182291666666667 0.6054591049382716 0.05833333333333333 0.0765432098765432