1 0.6369791666666667 0.6536458333333333 0.07083333333333333 0.06666666666666667
1 0.6944444444444444 0.19890046296296296 0.06388888888888888 0.1259259259259259
0 0.8876736111111111 0.29083719135802466 0.07222222222222222 0.11604938271604937
0 0.4598958333333333 0.2624614197530864 0.041666666666666664 0.10617283950617282
0 0.24635416666666665 0.9370563271604938 0.04583333333333333 0.12098765432098765
0 0.46631944444444445 0.9474922839506172 0.08888888888888888 0.10123456790123457
0 0.5819444444444445 0.8202932098765432 0.07638888888888888 0.1530864197530864
0 0.11770833333333333 0.7744020061728395 0.09166666666666666 0.14567901234567898
3 0.20868055555555554 0.8937885802469137 0.04861111111111111 0.09382716049382715
3 0.49357638888888894 0.7783564814814815 0.09027777777777776 0.16296296296296295
3 0.7270833333333333 0.6808834876543209 0.06666666666666667 0.10864197530864197
3 0.5692708333333333 0.4830825617283951 0.05416666666666666 0.05679012345679012
3 0.5067708333333333 0.4661458333333333 0.05416666666666666 0.06666666666666667
3 0.4131944444444445 0.6218171296296295 0.05138888888888889 0.059259259259259255
3 0.2404513888888889 0.6266782407407407 0.05277777777777778 0.08148148148148147