2 0.6703125 0.22978395061728393 0.025 0.0345679012345679
3 0.20815972222222223 0.9392746913580247 0.14444444444444443 0.11604938271604937
3 0.9013888888888889 0.20557484567901235 0.09027777777777776 0.1580246913580247
1 0.7003472222222222 0.6671875 0.16944444444444445 0.2
1 0.5788194444444444 0.38211805555555556 0.15138888888888888 0.11111111111111112
1 0.5722222222222222 0.17380401234567902 0.10694444444444444 0.09135802469135802
3 0.04809027777777777 0.1909722222222222 0.09305555555555554 0.2444444444444444
3 0.45902777777777776 0.054976851851851846 0.10555555555555556 0.1037037037037037
3 0.5243055555555556 0.7393132716049383 0.12361111111111109 0.20987654320987653
3 0.4078125 0.5445601851851852 0.1 0.17037037037037037
3 0.30451388888888886 0.592013888888889 0.09027777777777776 0.17777777777777776
0 0.34392361111111114 0.3499807098765432 0.08472222222222223 0.1530864197530864