0 0.31267361111111114 0.40893132716049385 0.07222222222222222 0.12098765432098765
0 0.5197916666666667 0.406886574074074 0.08333333333333333 0.14814814814814814
0 0.5190972222222222 0.6634645061728395 0.08194444444444444 0.14567901234567898
0 0.6831597222222222 0.670949074074074 0.09444444444444444 0.14814814814814814
0 0.31510416666666663 0.8140432098765432 0.08333333333333333 0.1530864197530864
0 0.711111111111111 0.9221836419753087 0.10972222222222221 0.1506172839506173
0 0.4454861111111111 0.04263117283950617 0.08472222222222223 0.07901234567901234
0 0.6835069444444445 0.40852623456790127 0.07638888888888888 0.13580246913580246
0 0.6907986111111111 0.31828703703703703 0.07222222222222222 0.07407407407407407
0 0.7125 0.18614969135802467 0.0625 0.11604938271604937
0 0.7607638888888889 0.10144675925925925 0.07777777777777777 0.11851851851851851
3 0.8322916666666667 0.5802662037037037 0.15833333333333333 0.2074074074074074
3 0.8442708333333334 0.2286844135802469 0.11666666666666665 0.16049382716049382
3 0.5965277777777778 0.35675154320987656 0.08055555555555555 0.21975308641975308
3 0.21996527777777777 0.656076388888889 0.09305555555555554 0.17777777777777776
3 0.3397569444444445 0.5934027777777777 0.08888888888888888 0.15555555555555553
3 0.4180555555555555 0.8758101851851852 0.0736111111111111 0.17037037037037037
3 0.5041666666666667 0.8674382716049382 0.10833333333333332 0.20987654320987653
3 0.849826388888889 0.9006558641975309 0.14027777777777778 0.1950617283950617
1 0.39479166666666665 0.6470486111111111 0.04583333333333333 0.22222222222222224
1 0.071875 0.8461226851851851 0.075 0.17037037037037037
3 0.23107638888888887 0.8718557098765432 0.06527777777777778 0.1530864197530864
3 0.6043402777777778 0.9339313271604939 0.10555555555555556 0.12098765432098765
2 0.1736111111111111 0.7311342592592592 0.05972222222222222 0.11851851851851851
2 0.5204861111111111 0.09467592592592593 0.034722222222222224 0.05185185185185185
2 0.2513888888888889 0.3017554012345679 0.06527777777777778 0.0691358024691358