0 0.17708333333333331 0.15499614197530864 0.09166666666666666 0.1506172839506173
0 0.2934027777777778 0.25590277777777776 0.09305555555555554 0.15555555555555553
0 0.3453125 0.4723572530864198 0.1125 0.1728395061728395
0 0.41128472222222223 0.7331404320987654 0.10694444444444444 0.19753086419753085
0 0.53125 0.7591820987654321 0.075 0.1308641975308642
1 0.2263888888888889 0.7799768518518518 0.11527777777777777 0.1037037037037037
3 0.41527777777777775 0.3100887345679012 0.09305555555555554 0.13580246913580246
3 0.7397569444444445 0.6216820987654321 0.11388888888888889 0.1308641975308642
3 0.8277777777777778 0.22472993827160495 0.09305555555555554 0.14320987654320988
3 0.9559027777777779 0.5870563271604938 0.08055555555555555 0.12098765432098765
3 0.6203125 0.7264467592592593 0.0875 0.11851851851851851
1 0.7286458333333333 0.7845293209876543 0.15416666666666665 0.17530864197530863
1 0.48246527777777776 0.5051311728395061 0.09305555555555554 0.27901234567901234
2 0.7430555555555556 0.2611882716049383 0.11111111111111112 0.20987654320987653