0 0.525173611111111 0.7324652777777778 0.08472222222222223 0.15555555555555553
0 0.21215277777777777 0.055459104938271594 0.043055555555555555 0.0765432098765432
0 0.37517361111111114 0.33705632716049383 0.05972222222222222 0.12098765432098765
0 0.23940972222222223 0.7119020061728395 0.08194444444444444 0.14567901234567898
0 0.3246527777777778 0.6312114197530864 0.06805555555555555 0.10617283950617282
0 0.3631944444444445 0.8875578703703704 0.08888888888888888 0.14074074074074075
0 0.2503472222222222 0.960474537037037 0.09444444444444444 0.07407407407407407
0 0.6331597222222223 0.8882330246913581 0.09444444444444444 0.18271604938271604
0 0.6746527777777778 0.6104166666666667 0.08055555555555555 0.13333333333333333
0 0.826388888888889 0.49027777777777776 0.10277777777777777 0.15555555555555553
0 0.9644097222222221 0.5537808641975308 0.06944444444444445 0.1950617283950617
0 0.9430555555555555 0.8212191358024692 0.11111111111111112 0.20493827160493824
0 0.6786458333333333 0.08385416666666666 0.09166666666666666 0.13333333333333333
0 0.8833333333333334 0.08962191358024692 0.12916666666666665 0.16049382716049382
3 0.6144097222222222 0.18665123456790123 0.09444444444444444 0.13580246913580246
3 0.7005208333333333 0.21543209876543212 0.09166666666666666 0.1308641975308642
3 0.6850694444444445 0.3179783950617284 0.10138888888888889 0.12345679012345678
3 0.5579861111111111 0.461574074074074 0.07222222222222222 0.14814814814814814
3 0.6284722222222222 0.49872685185185184 0.08194444444444444 0.1037037037037037
3 0.4364583333333333 0.9228395061728396 0.06666666666666667 0.14567901234567898
3 0.27621527777777777 0.2597608024691358 0.05555555555555556 0.1382716049382716
3 0.5418402777777778 0.21682098765432095 0.05555555555555556 0.10864197530864197
3 0.9546875 0.17710262345679012 0.0875 0.11358024691358024
3 0.275 0.3994598765432099 0.05 0.08641975308641975
0 0.11111111111111112 0.4906828703703704 0.08472222222222223 0.14074074074074075