3 0.8479166666666667 0.052507716049382716 0.09583333333333333 0.09876543209876543
1 0.5793402777777777 0.1560185185185185 0.13055555555555556 0.23703703703703702
1 0.5928819444444444 0.4182484567901234 0.08888888888888888 0.18024691358024691
1 0.5609375 0.7754243827160494 0.0875 0.23209876543209873
1 0.4539930555555555 0.6869791666666667 0.11111111111111112 0.13333333333333333
1 0.40503472222222225 0.5457561728395062 0.10694444444444444 0.07901234567901234
1 0.23038194444444446 0.3578510802469136 0.11388888888888889 0.09382716049382715
0 0.7772569444444445 0.9389467592592592 0.08888888888888888 0.11851851851851851
0 0.6842013888888889 0.8379050925925926 0.07777777777777777 0.18518518518518517
0 0.4005208333333333 0.8613233024691358 0.07916666666666666 0.1382716049382716
0 0.27847222222222223 0.6990740740740741 0.09444444444444444 0.14814814814814814
0 0.28194444444444444 0.27349537037037036 0.08888888888888888 0.14074074074074075
0 0.31180555555555556 0.12430555555555556 0.0611111111111111 0.11111111111111112