1 0.21996527777777777 0.6904899691358024 0.09305555555555554 0.07160493827160494
0 0.20607638888888888 0.35652006172839507 0.04027777777777777 0.05679012345679012
0 0.15208333333333332 0.5568672839506172 0.06666666666666667 0.10123456790123457
0 0.26371527777777776 0.8631172839506173 0.06805555555555555 0.10123456790123457
0 0.2092013888888889 0.8043788580246913 0.06527777777777778 0.04938271604938271
0 0.5947916666666667 0.5780092592592593 0.05833333333333333 0.11851851851851851
0 0.6649305555555556 0.45102237654320987 0.04861111111111111 0.08641975308641975
0 0.7668402777777777 0.8604938271604938 0.08055555555555555 0.12098765432098765
0 0.021006944444444443 0.7008487654320987 0.03888888888888888 0.06419753086419752
0 0.48975694444444445 0.08751929012345679 0.02638888888888889 0.046913580246913576
3 0.10347222222222223 0.5970679012345679 0.04444444444444444 0.0691358024691358
3 0.178125 0.619849537037037 0.0625 0.07407407407407407
3 0.08767361111111112 0.1371141975308642 0.04722222222222222 0.06172839506172839
3 0.3640625 0.10999228395061729 0.075 0.10123456790123457
3 0.7887152777777777 0.3614583333333333 0.05555555555555556 0.06666666666666667
3 0.9178819444444445 0.46574074074074073 0.08888888888888888 0.08148148148148147
3 0.6484375 0.5619598765432099 0.05 0.08641975308641975
3 0.8428819444444444 0.21902006172839505 0.05138888888888889 0.05679012345679012
3 0.4409722222222222 0.3626929012345679 0.04444444444444444 0.0691358024691358
1 0.5354166666666667 0.7827932098765432 0.05833333333333333 0.1530864197530864
1 0.946875 0.44126157407407407 0.1 0.14814814814814814
1 0.8815972222222221 0.8834683641975308 0.08194444444444444 0.1950617283950617