3 0.20377604166666666 0.587210648148148 0.06692708333333333 0.10879629629629628
3 0.254296875 0.5127893518518518 0.05234375 0.0412037037037037
3 0.3416666666666667 0.5143518518518518 0.04895833333333333 0.07870370370370369
3 0.49453125 0.4222222222222222 0.0578125 0.09444444444444444
0 0.372265625 0.521412037037037 0.07890625 0.07407407407407407
0 0.56796875 0.3865162037037037 0.0796875 0.1199074074074074
0 0.65234375 0.36921296296296297 0.0890625 0.1259259259259259
0 0.6811197916666667 0.461574074074074 0.04973958333333333 0.09814814814814814
0 0.744140625 0.3314236111111111 0.06328125 0.08472222222222223
0 0.9395833333333334 0.6980902777777778 0.11979166666666666 0.25555555555555554
0 0.54609375 0.8870370370370371 0.1265625 0.22407407407407404
0 0.37278645833333335 0.6955439814814814 0.08932291666666667 0.17546296296296296