0 0.24930555555555553 0.9266203703703704 0.11111111111111112 0.14074074074074075
0 0.03420138888888889 0.5368441358024691 0.06527777777777778 0.20493827160493824
0 0.14270833333333333 0.07052469135802468 0.07916666666666666 0.11604938271604937
0 0.18680555555555556 0.41552854938271605 0.09861111111111111 0.16543209876543208
0 0.3170138888888889 0.4809799382716049 0.09027777777777776 0.14320987654320988
0 0.48125 0.3807291666666667 0.0875 0.13333333333333333
0 0.37760416666666663 0.7340470679012345 0.12083333333333332 0.20246913580246914
0 0.6786458333333333 0.702951388888889 0.10416666666666666 0.17777777777777776
3 0.25850694444444444 0.17719907407407406 0.11388888888888889 0.14814814814814814
3 0.4020833333333333 0.1785300925925926 0.11666666666666665 0.18518518518518517
3 0.5069444444444444 0.24018132716049384 0.07638888888888888 0.12098765432098765
3 0.5951388888888889 0.4805941358024691 0.14027777777777778 0.20493827160493824
3 0.7651041666666667 0.5320601851851852 0.10833333333333332 0.17037037037037037
3 0.523611111111111 0.662133487654321 0.1222222222222222 0.10864197530864197
3 0.15086805555555555 0.6655285493827161 0.1361111111111111 0.16543209876543208
3 0.2581597222222222 0.6024498456790124 0.10694444444444444 0.1580246913580247
3 0.03645833333333333 0.7471836419753086 0.06666666666666667 0.1506172839506173
2 0.909375 0.7930555555555555 0.0625 0.11111111111111112
1 0.8157986111111111 0.6315779320987654 0.09722222222222222 0.19753086419753085