0 0.13524305555555555 0.21410108024691357 0.0736111111111111 0.09382716049382715
0 0.3819444444444445 0.3511188271604938 0.06388888888888888 0.12098765432098765
0 0.3758680555555555 0.5972608024691357 0.08611111111111111 0.1382716049382716
0 0.5432291666666667 0.21747685185185187 0.05833333333333333 0.1037037037037037
0 0.4640625 0.39633487654320987 0.0625 0.08641975308641975
0 0.47118055555555555 0.5134452160493828 0.0736111111111111 0.09876543209876543
0 0.5805555555555555 0.5118055555555555 0.0736111111111111 0.11111111111111112
0 0.5350694444444445 0.6433063271604939 0.07638888888888888 0.12098765432098765
0 0.6598958333333333 0.42453703703703705 0.05416666666666666 0.07407407407407407
0 0.6666666666666667 0.6803047839506172 0.07083333333333333 0.10123456790123457
0 0.7776041666666667 0.7677276234567901 0.07083333333333333 0.11358024691358024
0 0.4267361111111111 0.06820987654320987 0.04722222222222222 0.08641975308641975
3 0.8911458333333334 0.8527777777777779 0.09166666666666666 0.15555555555555553
1 0.6059027777777778 0.3039158950617284 0.05555555555555556 0.12345679012345678
1 0.6265625 0.7597800925925926 0.0625 0.18518518518518517
1 0.6104166666666667 0.4796682098765432 0.08333333333333333 0.1530864197530864