3 0.22361111111111112 0.47588734567901236 0.1472222222222222 0.1580246913580247
0 0.5472222222222223 0.09971064814814815 0.06944444444444445 0.0962962962962963
0 0.6633680555555556 0.15983796296296296 0.0736111111111111 0.1259259259259259
0 0.8276041666666666 0.1421489197530864 0.07083333333333333 0.10617283950617282
0 0.5256944444444445 0.4578703703703704 0.08888888888888888 0.14074074074074075
0 0.6918402777777778 0.8020447530864198 0.08055555555555555 0.1728395061728395
0 0.89375 0.3392746913580247 0.075 0.11604938271604937
0 0.8934027777777779 0.4731481481481482 0.06805555555555555 0.0962962962962963
0 0.8736111111111111 0.6055555555555555 0.05972222222222222 0.11111111111111112
0 0.8256944444444445 0.6140239197530863 0.06388888888888888 0.10617283950617282
0 0.7803819444444444 0.6877121913580246 0.08888888888888888 0.11604938271604937
0 0.812326388888889 0.8165123456790123 0.06527777777777778 0.1580246913580247
0 0.8623263888888889 0.7905092592592593 0.05277777777777778 0.11851851851851851
1 0.16215277777777776 0.2442901234567901 0.09305555555555554 0.11358024691358024
1 0.7078125 0.593287037037037 0.0875 0.274074074074074