2 0.7909722222222222 0.7611882716049383 0.10694444444444444 0.20987654320987653
0 0.0359375 0.1271797839506173 0.0625 0.10123456790123457
0 0.08402777777777777 0.2655864197530864 0.09305555555555554 0.10617283950617282
0 0.20520833333333335 0.12158564814814814 0.06666666666666667 0.0962962962962963
0 0.3394097222222222 0.09131944444444444 0.05694444444444444 0.08888888888888888
0 0.3451388888888889 0.16541280864197533 0.05277777777777778 0.08395061728395062
0 0.27864583333333337 0.2243827160493827 0.06666666666666667 0.09876543209876543
0 0.22986111111111113 0.3470871913580247 0.07222222222222222 0.11604938271604937
0 0.4505208333333333 0.4536651234567901 0.06666666666666667 0.11358024691358024
0 0.3315972222222222 0.4295717592592593 0.08194444444444444 0.11851851851851851
0 0.37222222222222223 0.2864776234567901 0.08194444444444444 0.11358024691358024
0 0.30190972222222223 0.3413387345679012 0.08194444444444444 0.13580246913580246
0 0.4109375 0.3778163580246914 0.05 0.04938271604938271
0 0.18125 0.811670524691358 0.125 0.18271604938271604
0 0.15434027777777776 0.5210069444444445 0.06805555555555555 0.08888888888888888
0 0.05190972222222222 0.5299961419753086 0.09444444444444444 0.1506172839506173
0 0.029513888888888888 0.7720871913580247 0.05277777777777778 0.11604938271604937
0 0.2828125 0.0517554012345679 0.0375 0.0691358024691358
3 0.4432291666666667 0.18393132716049382 0.08333333333333333 0.12098765432098765
3 0.5100694444444445 0.2349151234567901 0.06388888888888888 0.11358024691358024
3 0.6307291666666667 0.3360725308641975 0.07083333333333333 0.12839506172839504
3 0.7880208333333333 0.32150848765432094 0.07916666666666666 0.10864197530864197
3 0.6913194444444445 0.5910300925925925 0.10138888888888889 0.18518518518518517
3 0.7861111111111111 0.15383873456790123 0.10972222222222221 0.13580246913580246
1 0.6829861111111111 0.8032214506172839 0.07222222222222222 0.2345679012345679
2 0.8243055555555555 0.42793209876543215 0.08611111111111111 0.1308641975308642
0 0.5416666666666667 0.9114197530864198 0.10833333333333332 0.1728395061728395
2 0.4697916666666667 0.33134645061728396 0.020833333333333332 0.0345679012345679