0 0.39791666666666664 0.17874228395061728 0.05833333333333333 0.10123456790123457
0 0.6317708333333333 0.09116512345679012 0.06666666666666667 0.11358024691358024
0 0.4256944444444445 0.3774112654320988 0.03888888888888888 0.06419753086419752
0 0.48246527777777776 0.43885030864197533 0.05555555555555556 0.08395061728395062
0 0.5654513888888889 0.4921489197530864 0.06527777777777778 0.10617283950617282
0 0.5498263888888889 0.5820216049382716 0.04027777777777777 0.0765432098765432
0 0.6222222222222222 0.604320987654321 0.06944444444444445 0.10864197530864197
0 0.6762152777777778 0.7437307098765432 0.08055555555555555 0.1530864197530864
0 0.8730902777777778 0.7521797839506172 0.09305555555555554 0.10123456790123457
0 0.9520833333333334 0.9437114197530864 0.09166666666666666 0.10617283950617282
0 0.9262152777777779 0.07258873456790123 0.11805555555555555 0.13580246913580246
3 0.6335069444444444 0.3775077160493827 0.05138888888888889 0.09876543209876543
3 0.7173611111111111 0.33395061728395065 0.09722222222222222 0.16790123456790124