0 0.0720486111111111 0.4638888888888889 0.13472222222222222 0.17777777777777776
0 0.09774305555555554 0.7586998456790124 0.14861111111111108 0.1580246913580247
0 0.25763888888888886 0.726292438271605 0.10277777777777777 0.14320987654320988
0 0.5737847222222222 0.4413387345679013 0.09444444444444444 0.13580246913580246
0 0.8090277777777779 0.37770061728395066 0.10555555555555556 0.16790123456790124
0 0.8770833333333334 0.09702932098765431 0.11666666666666665 0.17530864197530863
3 0.38003472222222223 0.8891396604938272 0.09444444444444444 0.1876543209876543
3 0.6105902777777777 0.7043209876543209 0.08055555555555555 0.10864197530864197
3 0.8223958333333334 0.5776041666666667 0.07916666666666666 0.13333333333333333
3 0.7786458333333333 0.7282021604938271 0.12916666666666665 0.1876543209876543
3 0.5982638888888889 0.23763503086419754 0.06527777777777778 0.12839506172839504
3 0.664236111111111 0.3833719135802469 0.07222222222222222 0.16049382716049382
3 0.50625 0.38665123456790124 0.125 0.13580246913580246
3 0.7222222222222222 0.49836033950617276 0.10694444444444444 0.21234567901234563
3 0.81875 0.23466435185185186 0.075 0.1037037037037037
1 0.9118055555555555 0.2809992283950617 0.08611111111111111 0.19012345679012346