0 0.16458333333333333 0.5520833333333333 0.041666666666666664 0.06666666666666667
0 0.7666666666666667 0.26631944444444444 0.04583333333333333 0.08888888888888888
0 0.50625 0.2400848765432099 0.05 0.08641975308641975
0 0.9277777777777778 0.580883487654321 0.09305555555555554 0.10864197530864197
0 0.61875 0.812229938271605 0.075 0.14320987654320988
0 0.531076388888889 0.9626929012345679 0.10277777777777777 0.0691358024691358
3 0.4494791666666667 0.5101466049382716 0.04583333333333333 0.0765432098765432
0 0.14600694444444445 0.7383487654320987 0.05138888888888889 0.06419753086419752
0 0.049479166666666664 0.9169945987654321 0.08333333333333333 0.1308641975308642
0 0.24513888888888888 0.7317708333333333 0.05277777777777778 0.06666666666666667
0 0.42465277777777777 0.8103202160493828 0.05555555555555556 0.09876543209876543