0 0.36979166666666663 0.8762924382716049 0.07083333333333333 0.14320987654320988
0 0.17864583333333334 0.9244020061728395 0.11666666666666665 0.14567901234567898
0 0.15243055555555557 0.4603973765432099 0.0611111111111111 0.08641975308641975
0 0.23715277777777777 0.4208333333333333 0.043055555555555555 0.06666666666666667
0 0.34479166666666666 0.3880979938271605 0.03333333333333333 0.05432098765432099
0 0.3494791666666667 0.4450038580246914 0.03333333333333333 0.04938271604938271
0 0.36701388888888886 0.5005979938271605 0.02777777777777778 0.05432098765432099
0 0.37274305555555554 0.633912037037037 0.03611111111111111 0.07407407407407407
0 0.13940972222222223 0.2646604938271605 0.04444444444444444 0.05432098765432099
0 0.10590277777777776 0.29230324074074077 0.043055555555555555 0.08148148148148147
3 0.44774305555555555 0.6353973765432099 0.04861111111111111 0.08641975308641975
3 0.4022569444444445 0.7123649691358025 0.05138888888888889 0.07160493827160494
3 0.05486111111111112 0.6891010802469136 0.08472222222222223 0.09382716049382715