0 0.2345486111111111 0.3858989197530864 0.05972222222222222 0.10617283950617282
0 0.5213541666666667 0.45505401234567905 0.05833333333333333 0.09135802469135802
0 0.6034722222222222 0.09189814814814815 0.05694444444444444 0.0962962962962963
0 0.6137152777777778 0.28695987654320987 0.05555555555555556 0.08641975308641975
0 0.8859375 0.33933256172839504 0.0375 0.05679012345679012
0 0.9178819444444445 0.6240547839506172 0.05138888888888889 0.10123456790123457
3 0.28680555555555554 0.9168981481481481 0.0736111111111111 0.0962962962962963
3 0.33125 0.7264274691358025 0.05 0.07160493827160494
3 0.4892361111111111 0.8114583333333334 0.05972222222222222 0.06666666666666667
3 0.5059027777777778 0.8820216049382716 0.05555555555555556 0.0765432098765432
3 0.540798611111111 0.9344907407407407 0.04722222222222222 0.08148148148148147
3 0.7041666666666667 0.5435378086419753 0.05833333333333333 0.08395061728395062
3 0.8034722222222221 0.5277391975308642 0.04444444444444444 0.06172839506172839
3 0.44774305555555555 0.04089506172839506 0.04861111111111111 0.05679012345679012
3 0.1578125 0.4557098765432099 0.0625 0.08641975308641975