2 0.10086805555555556 0.8426118827160494 0.02361111111111111 0.03209876543209876
2 0.14652777777777776 0.9592399691358026 0.03055555555555555 0.07160493827160494
1 0.6506944444444445 0.6450231481481482 0.06388888888888888 0.0962962962962963
1 0.5833333333333333 0.641261574074074 0.06666666666666667 0.14814814814814814
1 0.9583333333333334 0.3666473765432099 0.07916666666666666 0.08641975308641975
1 0.9402777777777779 0.675 0.11805555555555555 0.2
1 0.34791666666666665 0.10933641975308642 0.07083333333333333 0.10617283950617282
3 0.5241319444444444 0.39056712962962964 0.03888888888888888 0.059259259259259255
0 0.32152777777777775 0.6529899691358024 0.05555555555555556 0.07160493827160494
3 0.2769097222222222 0.7240354938271605 0.04444444444444444 0.05432098765432099
3 0.7173611111111111 0.47116126543209874 0.04722222222222222 0.06419753086419752
3 0.695486111111111 0.8816936728395062 0.08472222222222223 0.07901234567901234
3 0.5560763888888889 0.6624614197530864 0.06527777777777778 0.10617283950617282
3 0.46232638888888894 0.5455054012345679 0.06527777777777778 0.0691358024691358
3 0.26319444444444445 0.8201967592592592 0.06388888888888888 0.11851851851851851
3 0.0515625 0.5627893518518519 0.0625 0.1037037037037037
0 0.7885416666666667 0.41944444444444445 0.03333333333333333 0.08888888888888888
0 0.19878472222222224 0.8587770061728396 0.06944444444444445 0.14567901234567898
0 0.6739583333333333 0.7685570987654321 0.07916666666666666 0.1308641975308642
0 0.8197916666666666 0.07181712962962963 0.04583333333333333 0.059259259259259255
0 0.7701388888888889 0.15528549382716048 0.02777777777777778 0.05432098765432099
0 0.8935763888888889 0.24361496913580244 0.05277777777777778 0.07160493827160494
0 0.748263888888889 0.280787037037037 0.02777777777777778 0.07407407407407407
0 0.44809027777777777 0.06236496913580247 0.043055555555555555 0.07160493827160494
0 0.13333333333333333 0.22345679012345682 0.029166666666666664 0.046913580246913576