0 0.834201388888889 0.052507716049382716 0.10277777777777777 0.09876543209876543
0 0.7972222222222223 0.14872685185185186 0.06944444444444445 0.1037037037037037
0 0.9097222222222221 0.1521219135802469 0.13194444444444445 0.16049382716049382
0 0.9527777777777778 0.3633873456790123 0.09305555555555554 0.1580246913580247
0 0.7461805555555555 0.3721257716049383 0.1361111111111111 0.20987654320987653
0 0.6696180555555555 0.49357638888888894 0.11111111111111112 0.17777777777777776
0 0.6567708333333333 0.896875 0.11666666666666665 0.2
0 0.9147569444444444 0.9304012345679012 0.1388888888888889 0.13580246913580246
0 0.4138888888888889 0.289525462962963 0.07777777777777777 0.1259259259259259
0 0.4541666666666667 0.7692129629629629 0.07083333333333333 0.1259259259259259
1 0.5543402777777777 0.7118441358024692 0.11805555555555555 0.20493827160493824
0 0.153125 0.7841820987654321 0.075 0.1308641975308642
0 0.23784722222222224 0.8471643518518519 0.05694444444444444 0.1037037037037037