0 0.22413194444444445 0.48549382716049383 0.07638888888888888 0.12098765432098765
0 0.3736111111111111 0.6225115740740741 0.08472222222222223 0.14814814814814814
0 0.4965277777777778 0.820216049382716 0.08055555555555555 0.16543209876543208
0 0.16909722222222223 0.7233217592592592 0.06944444444444445 0.11851851851851851
0 0.04600694444444444 0.8098572530864198 0.08888888888888888 0.1728395061728395
0 0.08194444444444444 0.9538194444444444 0.10138888888888889 0.08888888888888888
0 0.24357638888888888 0.8648726851851851 0.09027777777777776 0.17037037037037037
0 0.20798611111111112 0.2185570987654321 0.07222222222222222 0.1308641975308642
0 0.3006944444444445 0.15028935185185185 0.06388888888888888 0.1037037037037037
0 0.20746527777777776 0.08153935185185185 0.06805555555555555 0.1037037037037037
0 0.3029513888888889 0.035223765432098764 0.05277777777777778 0.06419753086419752
0 0.4444444444444445 0.05374228395061729 0.05138888888888889 0.10123456790123457
3 0.16684027777777777 0.3314621913580247 0.06805555555555555 0.11604938271604937
3 0.28072916666666664 0.3285686728395062 0.05833333333333333 0.07901234567901234
3 0.4697916666666667 0.3794753086419753 0.04583333333333333 0.08395061728395062
3 0.3980902777777778 0.0673804012345679 0.043055555555555555 0.0691358024691358
3 0.28402777777777777 0.6167438271604938 0.06805555555555555 0.12098765432098765
1 0.6552083333333333 0.6712962962962963 0.15416666666666665 0.1925925925925926
2 0.4677083333333333 0.6843171296296295 0.029166666666666664 0.059259259259259255