1 0.6899305555555555 0.1103395061728395 0.04861111111111111 0.14567901234567898
1 0.9340277777777779 0.8064043209876542 0.11805555555555555 0.17530864197530863
1 0.575 0.6084683641975308 0.075 0.1950617283950617
0 0.6913194444444445 0.28564814814814815 0.06388888888888888 0.0962962962962963
0 0.6385416666666667 0.1486689814814815 0.07083333333333333 0.16296296296296295
0 0.8529513888888889 0.6213734567901235 0.09027777777777776 0.18024691358024691
0 0.6845486111111111 0.9570216049382717 0.09722222222222222 0.0765432098765432
0 0.5881944444444445 0.8593557098765432 0.08888888888888888 0.1530864197530864
0 0.3138888888888889 0.5065393518518518 0.06527777777777778 0.1037037037037037
0 0.31840277777777776 0.3751929012345679 0.06805555555555555 0.0691358024691358
0 0.07951388888888888 0.6512731481481482 0.06527777777777778 0.0962962962962963
0 0.14409722222222224 0.48572530864197533 0.06944444444444445 0.08395061728395062
0 0.16041666666666665 0.3820216049382716 0.05833333333333333 0.0765432098765432