0 0.2833333333333333 0.3187885802469136 0.06666666666666667 0.09382716049382715
0 0.5741319444444445 0.1538966049382716 0.03888888888888888 0.0765432098765432
0 0.6888888888888889 0.3160108024691358 0.05277777777777778 0.1382716049382716
0 0.7348958333333333 0.38136574074074076 0.05416666666666666 0.08148148148148147
0 0.7168402777777778 0.7363233024691358 0.05555555555555556 0.1382716049382716
3 0.3927083333333333 0.9370563271604938 0.14166666666666666 0.12098765432098765
3 0.5442708333333333 0.3592399691358025 0.05416666666666666 0.07160493827160494
3 0.17274305555555555 0.6127893518518518 0.11111111111111112 0.1037037037037037
1 0.09444444444444444 0.7714313271604938 0.1638888888888889 0.12098765432098765
1 0.0876736111111111 0.9007330246913581 0.10972222222222221 0.18271604938271604
1 0.22291666666666665 0.5283179012345679 0.13333333333333333 0.0691358024691358
1 0.14010416666666664 0.7478202160493828 0.12083333333333332 0.09876543209876543
1 0.36128472222222224 0.374537037037037 0.09444444444444444 0.07407407407407407