0 0.425 0.6572916666666667 0.0875 0.13333333333333333
0 0.20451388888888888 0.4335262345679013 0.09027777777777776 0.13580246913580246
0 0.2364583333333333 0.8997492283950617 0.10416666666666666 0.19012345679012346
0 0.43472222222222223 0.23385416666666664 0.05694444444444444 0.13333333333333333
0 0.4144097222222222 0.47833719135802466 0.06944444444444445 0.11604938271604937
0 0.9006944444444445 0.9541473765432098 0.12638888888888888 0.08641975308641975
0 0.09288194444444445 0.20169753086419756 0.06388888888888888 0.12839506172839504
0 0.4489583333333333 0.3585841049382716 0.029166666666666664 0.0765432098765432
0 0.5013888888888889 0.8072916666666666 0.07777777777777777 0.13333333333333333
1 0.6159722222222223 0.8550925925925925 0.11944444444444444 0.18518518518518517
3 0.6236111111111111 0.560570987654321 0.07222222222222222 0.10864197530864197
3 0.9581597222222221 0.44320987654320987 0.08194444444444444 0.08641975308641975