1 0.4083333333333333 0.7574459876543209 0.10416666666666666 0.10864197530864197
1 0.36909722222222224 0.9626929012345679 0.09444444444444444 0.0691358024691358
1 0.617013888888889 0.17322530864197533 0.05277777777777778 0.08395061728395062
1 0.8027777777777778 0.09378858024691358 0.11805555555555555 0.09382716049382715
1 0.07951388888888888 0.3124035493827161 0.10277777777777777 0.16543209876543208
1 0.23958333333333334 0.33763503086419755 0.041666666666666664 0.12839506172839504
1 0.11753472222222223 0.7451003086419753 0.09444444444444444 0.08395061728395062
3 0.3536458333333333 0.31221064814814814 0.06666666666666667 0.0962962962962963
3 0.3076388888888889 0.18547453703703703 0.05277777777777778 0.07407407407407407
3 0.1203125 0.43451003086419754 0.075 0.12839506172839504
3 0.15729166666666666 0.653491512345679 0.05833333333333333 0.09135802469135802