0 0.266015625 0.3447337962962963 0.03828125 0.055092592592592596
0 0.5759114583333333 0.4149305555555555 0.045572916666666664 0.0736111111111111
0 0.6141927083333333 0.3758680555555555 0.037760416666666664 0.0736111111111111
0 0.460546875 0.10538194444444444 0.02734375 0.05138888888888889
0 0.25299479166666666 0.20034722222222223 0.02786458333333333 0.04444444444444444
0 0.20716145833333335 0.2399884259259259 0.029947916666666664 0.039351851851851846
0 0.15677083333333333 0.23246527777777776 0.029166666666666664 0.043055555555555555
0 0.03177083333333333 0.33125 0.03229166666666666 0.05
0 0.21002604166666666 0.40057870370370374 0.038802083333333334 0.05740740740740741
0 0.34869791666666666 0.5222800925925926 0.02239583333333333 0.04768518518518518
0 0.25455729166666663 0.6297453703703704 0.03098958333333333 0.053240740740740734
0 0.035546875 0.757638888888889 0.03984375 0.05277777777777778
3 0.7868489583333333 0.5970486111111111 0.02682291666666666 0.07222222222222222
3 0.532421875 0.2815972222222222 0.02734375 0.04444444444444444
3 0.23645833333333335 0.37702546296296297 0.03229166666666666 0.050925925925925916