0 0.4022135416666667 0.5662037037037038 0.06692708333333333 0.1699074074074074
0 0.4764322916666667 0.2558449074074074 0.04973958333333333 0.10231481481481482
0 0.5002604166666667 0.12858796296296296 0.04739583333333333 0.06342592592592591
0 0.4213541666666667 0.1824074074074074 0.04895833333333333 0.08981481481481482
3 0.4889322916666667 0.46423611111111107 0.04036458333333333 0.05972222222222222
3 0.3927083333333333 0.9221643518518519 0.08229166666666667 0.1537037037037037
3 0.475390625 0.7533564814814815 0.03203125 0.13796296296296295
1 0.7345052083333333 0.9021412037037037 0.08463541666666666 0.1949074074074074
1 0.8322916666666667 0.9181712962962963 0.042708333333333334 0.04259259259259259
1 0.6994791666666667 0.5498263888888889 0.055208333333333325 0.07777777777777777
1 0.38255208333333335 0.2921875 0.04635416666666666 0.05
1 0.2828125 0.23952546296296298 0.0375 0.08842592592592592