0 0.029557291666666662 0.6668981481481482 0.052864583333333326 0.0962962962962963
3 0.2833333333333333 0.55625 0.03854166666666666 0.05
0 0.31341145833333334 0.5831018518518518 0.039322916666666666 0.07870370370370369
0 0.4221354166666667 0.520775462962963 0.04427083333333333 0.07592592592592592
3 0.4509114583333333 0.5032407407407408 0.02682291666666666 0.043981481481481476
3 0.6756510416666667 0.5435763888888889 0.029427083333333333 0.05277777777777778
3 0.6260416666666667 0.5129050925925925 0.05208333333333333 0.04768518518518518
3 0.636328125 0.569849537037037 0.05078125 0.06157407407407407
0 0.593359375 0.8890625 0.06484375 0.1125
3 0.7627604166666667 0.7337962962962963 0.04739583333333333 0.08009259259259259
3 0.3671875 0.44328703703703703 0.040625 0.03657407407407407