0 0.3267361111111111 0.09857253086419752 0.07222222222222222 0.12839506172839504
1 0.3611111111111111 0.5228973765432099 0.10972222222222221 0.08641975308641975
1 0.32395833333333335 0.7300347222222222 0.07916666666666666 0.2444444444444444
1 0.4097222222222222 0.6640432098765432 0.09444444444444444 0.1530864197530864
1 0.6041666666666667 0.2400848765432099 0.05833333333333333 0.08641975308641975
1 0.5986111111111111 0.5450231481481482 0.07222222222222222 0.0962962962962963
1 0.8644097222222221 0.794945987654321 0.08194444444444444 0.10864197530864197
3 0.2204861111111111 0.7285108024691358 0.09722222222222222 0.1382716049382716
3 0.5493055555555555 0.33587962962962964 0.04861111111111111 0.059259259259259255
3 0.5993055555555555 0.32609953703703703 0.0611111111111111 0.07407407407407407
3 0.9034722222222221 0.5951967592592593 0.09444444444444444 0.11851851851851851
3 0.8430555555555556 0.45243055555555556 0.0736111111111111 0.11111111111111112
3 0.7164930555555555 0.32667824074074076 0.0611111111111111 0.08148148148148147
3 0.43298611111111107 0.0638503086419753 0.04722222222222222 0.08395061728395062