0 0.8483072916666666 0.3868055555555555 0.03098958333333333 0.04861111111111111
0 0.9171875 0.8493055555555555 0.04375 0.0611111111111111
0 0.8078125 0.9504050925925925 0.04375 0.07268518518518519
0 0.8509114583333334 0.7375 0.03307291666666666 0.0625
0 0.7779947916666667 0.7711805555555555 0.03098958333333333 0.0736111111111111
0 0.483984375 0.4340856481481482 0.03359375 0.07129629629629629
0 0.5364583333333333 0.20677083333333335 0.03229166666666666 0.05416666666666666
0 0.6921875 0.5240162037037037 0.021875 0.04490740740740741
0 0.5572916666666667 0.7914351851851852 0.05208333333333333 0.07037037037037037
0 0.29205729166666666 0.560763888888889 0.059114583333333325 0.07777777777777777
0 0.098828125 0.5393518518518519 0.08515625 0.0912037037037037