0 0.39192708333333337 0.5888888888888889 0.04635416666666666 0.09027777777777776
0 0.60703125 0.4892939814814815 0.0484375 0.08796296296296295
0 0.26536458333333335 0.5941550925925926 0.04010416666666666 0.06018518518518519
0 0.63828125 0.029108796296296296 0.0484375 0.055092592592592596
0 0.30716145833333336 0.1441550925925926 0.04244791666666666 0.07268518518518519
0 0.8130208333333334 0.6928819444444445 0.04791666666666666 0.06388888888888888
0 0.8325520833333334 0.9245949074074075 0.06197916666666666 0.12731481481481483
0 0.7158854166666667 0.8916087962962964 0.05989583333333333 0.09259259259259259
0 0.31510416666666663 0.253125 0.05208333333333333 0.075
0 0.6967447916666667 0.1283564814814815 0.046614583333333334 0.08796296296296295
0 0.556640625 0.1708912037037037 0.05703125 0.1074074074074074
3 0.706640625 0.6997106481481482 0.03515625 0.05879629629629629
3 0.62890625 0.7430555555555556 0.0296875 0.08611111111111111
3 0.4216145833333333 0.3578125 0.04010416666666666 0.05
3 0.4796875 0.4414930555555555 0.040625 0.08611111111111111
3 0.226953125 0.9629050925925926 0.05078125 0.07268518518518519