3 0.8502604166666666 0.8058449074074074 0.07239583333333333 0.08981481481481482
0 0.8321614583333334 0.9527777777777778 0.07057291666666667 0.09305555555555554
0 0.39283854166666665 0.775462962962963 0.038802083333333334 0.07592592592592592
0 0.4817708333333333 0.7526041666666667 0.03229166666666666 0.05833333333333333
0 0.562109375 0.6842013888888889 0.03984375 0.06527777777777778
0 0.698046875 0.5299189814814815 0.03046875 0.06296296296296296
0 0.6190104166666667 0.4403356481481482 0.034895833333333334 0.05879629629629629
0 0.67734375 0.34751157407407407 0.0328125 0.06064814814814814
0 0.7220052083333333 0.3126157407407407 0.031510416666666666 0.05648148148148148
0 0.5713541666666667 0.1320601851851852 0.020833333333333332 0.045370370370370366
0 0.5481770833333333 0.17835648148148148 0.021354166666666667 0.03796296296296296
0 0.4638020833333333 0.23570601851851852 0.021354166666666667 0.037037037037037035
0 0.4424479166666667 0.26828703703703705 0.025520833333333333 0.03657407407407407
0 0.4875 0.24479166666666666 0.025 0.03333333333333333
0 0.37838541666666664 0.3872685185185185 0.025520833333333333 0.037037037037037035
0 0.38450520833333335 0.43200231481481477 0.022135416666666664 0.04212962962962963