0 0.694140625 0.34658564814814813 0.03515625 0.07129629629629629
0 0.82109375 0.525173611111111 0.0421875 0.08472222222222223
0 0.36744791666666665 0.028125 0.028645833333333332 0.0375
0 0.4395833333333333 0.024016203703703703 0.019791666666666666 0.04490740740740741
0 0.4598958333333333 0.09710648148148149 0.029166666666666664 0.050462962962962966
0 0.4526041666666667 0.13287037037037036 0.03958333333333333 0.053240740740740734
0 0.145703125 0.34635416666666663 0.02578125 0.04583333333333333
0 0.07291666666666666 0.4388310185185185 0.03333333333333333 0.04953703703703703
0 0.380859375 0.38645833333333335 0.04296875 0.06666666666666667
0 0.401171875 0.42841435185185184 0.04921875 0.07870370370370369
0 0.35481770833333337 0.5273148148148148 0.05026041666666666 0.07962962962962963
0 0.257421875 0.712673611111111 0.05859375 0.09722222222222222
0 0.152734375 0.6722222222222223 0.07421875 0.09444444444444444
0 0.09830729166666666 0.837673611111111 0.09348958333333332 0.1472222222222222