0 0.62734375 0.7992476851851852 0.0921875 0.14537037037037037
0 0.652734375 0.7086226851851852 0.07109375 0.09537037037037036
0 0.9673177083333334 0.6005787037037037 0.06276041666666667 0.1949074074074074
0 0.849609375 0.6689814814814815 0.11171875 0.17546296296296296
3 0.35442708333333334 0.9545717592592592 0.06822916666666666 0.0685185185185185
3 0.6071614583333333 0.5813657407407408 0.039322916666666666 0.09398148148148147
3 0.7622395833333333 0.6162037037037037 0.05260416666666666 0.1199074074074074
3 0.7049479166666667 0.7539930555555555 0.05364583333333332 0.04861111111111111
3 0.7705729166666667 0.05399305555555556 0.03802083333333333 0.0611111111111111
0 0.7364583333333333 0.050578703703703695 0.06041666666666666 0.09490740740740741
0 0.574609375 0.32395833333333335 0.04921875 0.09166666666666666