0 0.2986979166666667 0.8910300925925926 0.03802083333333333 0.04768518518518518
0 0.5805989583333333 0.06689814814814814 0.02682291666666666 0.046296296296296294
0 0.5368489583333333 0.2828125 0.039322916666666666 0.0625
0 0.5990885416666667 0.3560763888888889 0.038802083333333334 0.07777777777777777
0 0.655078125 0.407349537037037 0.03515625 0.07407407407407407
0 0.7337239583333333 0.17471064814814813 0.03307291666666666 0.046296296296296294
0 0.7180989583333333 0.9842592592592594 0.04869791666666666 0.031018518518518518
0 0.7700520833333333 0.9339120370370371 0.04010416666666666 0.08657407407407407
0 0.77890625 0.5875 0.0296875 0.0625
0 0.6944010416666667 0.3886574074074074 0.03255208333333333 0.06481481481481481
0 0.5845052083333333 0.1949074074074074 0.03463541666666666 0.052314814814814814
0 0.5234375 0.17175925925925925 0.034375 0.04351851851851852
0 0.404296875 0.20399305555555552 0.02109375 0.04861111111111111
0 0.35091145833333337 0.28379629629629627 0.02682291666666666 0.055092592592592596
0 0.13203125 0.98203125 0.0484375 0.0359375
0 0.22018229166666664 0.5296875 0.03098958333333333 0.0625
0 0.21744791666666666 0.647974537037037 0.028645833333333332 0.04907407407407407
0 0.30377604166666666 0.7313657407407408 0.038802083333333334 0.05648148148148148
0 0.23971354166666664 0.8030092592592594 0.02317708333333333 0.04351851851851852
0 0.17278645833333334 0.7637731481481482 0.03307291666666666 0.046296296296296294
0 0.294921875 0.9677662037037036 0.04296875 0.05740740740740741