3 0.959375 0.88125 0.08125 0.10625
3 0.792578125 0.7409143518518518 0.05703125 0.0412037037037037
3 0.735546875 0.772974537037037 0.05546875 0.07407407407407407
3 0.4786458333333333 0.9646412037037037 0.03854166666666666 0.0699074074074074
0 0.7171875 0.9751736111111111 0.05625 0.04722222222222222
0 0.793359375 0.8819444444444444 0.07734375 0.12638888888888888
0 0.7614583333333333 0.635474537037037 0.026041666666666664 0.04907407407407407
0 0.7204427083333333 0.6331018518518519 0.028385416666666663 0.0537037037037037
0 0.621875 0.5993055555555555 0.028125 0.03611111111111111
0 0.60703125 0.6738425925925926 0.0265625 0.04768518518518518
0 0.4807291666666667 0.8092592592592591 0.03020833333333333 0.05601851851851851
0 0.31184895833333337 0.8686342592592593 0.02682291666666666 0.04351851851851852