3 0.4401041666666667 0.8438078703703704 0.08645833333333333 0.21574074074074073
0 0.5217447916666667 0.25144675925925924 0.01848958333333333 0.04351851851851852
0 0.501953125 0.3105324074074074 0.02578125 0.052314814814814814
0 0.5319010416666667 0.3418981481481481 0.03255208333333333 0.07129629629629629
0 0.32864583333333336 0.9170717592592592 0.057291666666666664 0.11851851851851851
0 0.59140625 0.21811342592592592 0.0328125 0.06435185185185185
0 0.673046875 0.11024305555555555 0.03046875 0.04861111111111111
0 0.7653645833333333 0.12494212962962963 0.04010416666666666 0.059259259259259255
0 0.900390625 0.1761574074074074 0.10078125 0.11481481481481481
0 0.921875 0.8825231481481481 0.15625 0.23379629629629628
0 0.95625 0.5387731481481481 0.0875 0.3087962962962963
0 0.5098958333333333 0.6917824074074075 0.10416666666666666 0.18981481481481483