0 0.7733072916666667 0.40086805555555555 0.03723958333333333 0.04861111111111111
0 0.7053385416666667 0.4737268518518518 0.04505208333333333 0.07870370370370369
0 0.6026041666666667 0.35625 0.03020833333333333 0.075
0 0.6815104166666667 0.17019675925925926 0.025520833333333333 0.05601851851851851
0 0.6350260416666667 0.19600694444444444 0.03567708333333333 0.05138888888888889
0 0.64609375 0.07644675925925926 0.0296875 0.05601851851851851
0 0.4795572916666667 0.11493055555555556 0.03098958333333333 0.03611111111111111
0 0.5279947916666667 0.04085648148148148 0.024739583333333332 0.03796296296296296
0 0.5259114583333333 0.21973379629629627 0.03307291666666666 0.06759259259259259
0 0.5084635416666667 0.18165509259259258 0.029427083333333333 0.04768518518518518
0 0.4673177083333333 0.06834490740740741 0.019010416666666665 0.03981481481481482
0 0.4328125 0.11660879629629631 0.034375 0.055092592592592596
0 0.4483072916666667 0.1754050925925926 0.03723958333333333 0.07268518518518519
0 0.37734375 0.1674189814814815 0.0296875 0.03796296296296296
0 0.33359375 0.2109375 0.0359375 0.0625
0 0.18033854166666669 0.6616319444444445 0.04505208333333333 0.06388888888888888
0 0.4140625 0.959664351851852 0.090625 0.07870370370370369