0 0.23333333333333334 0.2240547839506173 0.05416666666666666 0.10123456790123457
0 0.24878472222222223 0.4442901234567901 0.06944444444444445 0.11358024691358024
0 0.2930555555555555 0.5463541666666667 0.0736111111111111 0.13333333333333333
0 0.34791666666666665 0.6225115740740741 0.05833333333333333 0.14814814814814814
0 0.4052083333333333 0.5586033950617284 0.07916666666666666 0.12345679012345678
0 0.3810763888888889 0.4512731481481482 0.06527777777777778 0.0962962962962963
0 0.5944444444444444 0.5216820987654321 0.07638888888888888 0.1308641975308642
0 0.6536458333333333 0.48163580246913573 0.07916666666666666 0.1382716049382716
0 0.49288194444444444 0.632542438271605 0.07638888888888888 0.14320987654320988
0 0.17430555555555555 0.8569830246913581 0.11111111111111112 0.18271604938271604
0 0.8161458333333333 0.9437114197530864 0.09166666666666666 0.10617283950617282
0 0.30208333333333337 0.26863425925925927 0.05416666666666666 0.11851851851851851
0 0.3553819444444445 0.27037037037037037 0.06388888888888888 0.14074074074074075
0 0.607638888888889 0.19083719135802468 0.05277777777777778 0.11604938271604937
3 0.4057291666666667 0.8579668209876543 0.09583333333333333 0.17530864197530863