3 0.69375 0.9405092592592592 0.078125 0.11851851851851851
3 0.6510416666666667 0.7700231481481482 0.06458333333333333 0.046296296296296294
3 0.5946614583333333 0.7880208333333333 0.04869791666666666 0.07916666666666666
3 0.6079427083333333 0.8864004629629629 0.047135416666666666 0.07592592592592592
0 0.561328125 0.9480324074074075 0.06015625 0.10231481481481482
0 0.575 0.9082175925925926 0.04375 0.06018518518518519
0 0.9798177083333334 0.45 0.031510416666666666 0.05
0 0.5705729166666667 0.5971643518518518 0.02239583333333333 0.0412037037037037
0 0.6486979166666667 0.6352430555555555 0.03177083333333333 0.0611111111111111
0 0.6901041666666667 0.6264467592592593 0.02395833333333333 0.04351851851851852
0 0.3984375 0.859201388888889 0.028125 0.05277777777777778