0 0.6486979166666667 0.03923611111111111 0.01927083333333333 0.04722222222222222
0 0.5842447916666667 0.11186342592592594 0.03098958333333333 0.05185185185185185
0 0.5506510416666667 0.13819444444444445 0.02317708333333333 0.03888888888888888
0 0.4713541666666667 0.26064814814814813 0.017708333333333333 0.033796296296296297
0 0.4595052083333333 0.3068865740740741 0.019010416666666665 0.035648148148148144
0 0.91484375 0.4140625 0.0859375 0.125
0 0.666015625 0.2564814814814815 0.04453125 0.07546296296296295
0 0.5395833333333333 0.36979166666666663 0.03229166666666666 0.05833333333333333
0 0.6236979166666667 0.2790509259259259 0.025520833333333333 0.06435185185185185
0 0.5061197916666667 0.602488425925926 0.03411458333333333 0.07685185185185185
0 0.4467447916666667 0.5876157407407407 0.03098958333333333 0.05648148148148148
0 0.7291666666666667 0.794849537037037 0.08958333333333332 0.16157407407407406
0 0.75859375 0.8945601851851851 0.1296875 0.18287037037037035