0 0.3892361111111111 0.5871334876543209 0.05972222222222222 0.10864197530864197
0 0.7090277777777778 0.22700617283950617 0.05555555555555556 0.07901234567901234
0 0.7125 0.35439814814814813 0.05 0.0962962962962963
1 0.7407986111111111 0.8782986111111111 0.07222222222222222 0.22222222222222224
1 0.7534722222222222 0.6945216049382716 0.09444444444444444 0.0765432098765432
1 0.8348958333333334 0.884548611111111 0.09166666666666666 0.22222222222222224
3 0.16180555555555556 0.5976658950617284 0.08611111111111111 0.12345679012345678
3 0.15329861111111112 0.3475694444444445 0.07222222222222222 0.08888888888888888
3 0.4800347222222222 0.8461805555555555 0.08194444444444444 0.11111111111111112
3 0.6460069444444445 0.844945987654321 0.07638888888888888 0.10864197530864197
3 0.953298611111111 0.5535686728395062 0.07222222222222222 0.07901234567901234