0 0.763671875 0.07864583333333333 0.03671875 0.06666666666666667
0 0.8506510416666666 0.14322916666666666 0.03255208333333333 0.05833333333333333
0 0.7958333333333333 0.16556712962962963 0.035416666666666666 0.059259259259259255
0 0.9755208333333334 0.44646990740740744 0.04479166666666666 0.07731481481481481
0 0.884375 0.5578703703703703 0.0375 0.053240740740740734
0 0.6243489583333333 0.9501736111111111 0.061197916666666664 0.09722222222222222
0 0.5444010416666667 0.9661458333333334 0.060677083333333326 0.06666666666666667
0 0.28515625 0.9640046296296296 0.0515625 0.07175925925925926
0 0.24427083333333335 0.6431134259259259 0.057291666666666664 0.10185185185185183
0 0.18919270833333332 0.6304976851851852 0.047135416666666666 0.10787037037037037
0 0.4583333333333333 0.11666666666666665 0.04479166666666666 0.08333333333333333
0 0.1109375 0.3098958333333333 0.059375 0.10416666666666666
3 0.7540364583333333 0.44311342592592595 0.029947916666666664 0.05185185185185185
3 0.6811197916666667 0.43628472222222225 0.04348958333333333 0.06944444444444445
3 0.5515625 0.3653356481481481 0.0375 0.07129629629629629