3 0.038802083333333334 0.7534722222222222 0.06510416666666666 0.10694444444444444
3 0.29609375 0.2559606481481481 0.0484375 0.046296296296296294
3 0.8223958333333334 0.8295138888888889 0.035416666666666666 0.06527777777777778
0 0.21979166666666666 0.09212962962962963 0.03333333333333333 0.07175925925925926
0 0.033984375 0.04577546296296296 0.06484375 0.08842592592592592
0 0.24908854166666666 0.1800925925925926 0.06380208333333333 0.07268518518518519
0 0.12057291666666665 0.6916087962962962 0.05052083333333333 0.09259259259259259
0 0.4397135416666667 0.5535300925925926 0.06380208333333333 0.11018518518518519
0 0.5141927083333333 0.552488425925926 0.07838541666666667 0.13935185185185184
0 0.774609375 0.3721064814814815 0.02421875 0.050462962962962966
0 0.58515625 0.09918981481481481 0.0203125 0.04212962962962963
0 0.7166666666666667 0.8782986111111111 0.03645833333333333 0.05972222222222222
0 0.7108072916666667 0.8153356481481481 0.03098958333333333 0.05879629629629629