3 0.3341145833333333 0.7589699074074074 0.04010416666666666 0.052314814814814814
2 0.473046875 0.7300925925925925 0.02734375 0.04768518518518518
2 0.39596354166666664 0.7748263888888889 0.029427083333333333 0.05277777777777778
0 0.4782552083333333 0.6519675925925925 0.05651041666666666 0.07268518518518519
0 0.2557291666666667 0.5071180555555556 0.03333333333333333 0.04861111111111111
0 0.27239583333333334 0.3626736111111111 0.026041666666666664 0.05972222222222222
0 0.33528645833333337 0.2754050925925926 0.029947916666666664 0.06018518518518519
0 0.3067708333333333 0.2967592592592593 0.035416666666666666 0.05601851851851851
0 0.04830729166666666 0.2802662037037037 0.02786458333333333 0.04490740740740741
0 0.07200520833333332 0.24369212962962963 0.025260416666666664 0.03425925925925925
0 0.10651041666666668 0.25526620370370373 0.028645833333333332 0.04490740740740741
0 0.159765625 0.1953125 0.02578125 0.0375
0 0.18033854166666669 0.15850694444444444 0.029427083333333333 0.03888888888888888