0 0.6864583333333333 0.7501543209876542 0.09166666666666666 0.17530864197530863
0 0.790798611111111 0.8945601851851851 0.09722222222222222 0.17037037037037037
0 0.8253472222222221 0.5550925925925926 0.10694444444444444 0.18518518518518517
0 0.9340277777777779 0.13520447530864196 0.13055555555555556 0.21728395061728395
0 0.6756944444444445 0.24527391975308638 0.05138888888888889 0.10617283950617282
0 0.6319444444444444 0.280054012345679 0.05138888888888889 0.09135802469135802
0 0.5838541666666667 0.2775848765432099 0.04583333333333333 0.08641975308641975
0 0.6263888888888889 0.14502314814814815 0.05277777777777778 0.0962962962962963
0 0.523611111111111 0.3673804012345679 0.034722222222222224 0.0691358024691358
0 0.6359375 0.6054591049382716 0.0375 0.0765432098765432
3 0.7793402777777778 0.07768132716049383 0.09305555555555554 0.12098765432098765