3 0.5364583333333333 0.3963541666666667 0.026041666666666664 0.03333333333333333
3 0.53984375 0.18078703703703705 0.0171875 0.024074074074074074
3 0.816796875 0.9397569444444445 0.04296875 0.05138888888888889
1 0.544921875 0.5504629629629629 0.04296875 0.06342592592592591
3 0.590234375 0.5512731481481482 0.06171875 0.0962962962962963
3 0.6690104166666667 0.4976273148148148 0.03802083333333333 0.054629629629629625
3 0.9111979166666666 0.6718171296296296 0.05052083333333333 0.09675925925925925
3 0.815234375 0.6375578703703704 0.07734375 0.12824074074074074
3 0.583984375 0.827951388888889 0.04296875 0.07777777777777777
3 0.31953125 0.925 0.0421875 0.05
3 0.33502604166666666 0.3549189814814815 0.02630208333333333 0.03796296296296296