0 0.4153645833333333 0.5537037037037037 0.024479166666666666 0.04490740740740741
0 0.54765625 0.8310763888888889 0.0296875 0.05277777777777778
0 0.470703125 0.775 0.02265625 0.05
0 0.3299479166666667 0.9721643518518519 0.05364583333333332 0.0537037037037037
0 0.37838541666666664 0.88125 0.03802083333333333 0.075
0 0.4115885416666667 0.344212962962963 0.02317708333333333 0.050925925925925916
0 0.31341145833333334 0.34149305555555554 0.03307291666666666 0.0611111111111111
0 0.3126302083333333 0.5362268518518518 0.025260416666666664 0.0537037037037037
0 0.08919270833333333 0.5905092592592592 0.031510416666666666 0.05601851851851851
0 0.112109375 0.725 0.04296875 0.0625
0 0.18502604166666667 0.5538194444444444 0.03255208333333333 0.05138888888888889
0 0.2609375 0.6356481481481482 0.028125 0.05879629629629629
0 0.3243489583333333 0.09131944444444444 0.017447916666666667 0.02638888888888889
0 0.29388020833333334 0.11064814814814813 0.025260416666666664 0.05879629629629629
0 0.14635416666666667 0.27881944444444445 0.03020833333333333 0.06388888888888888