0 0.5412760416666667 0.5431712962962962 0.02317708333333333 0.030092592592592594
0 0.17643229166666669 0.9115162037037037 0.024739583333333332 0.04490740740740741
0 0.8348958333333334 0.6890625 0.03854166666666666 0.05
0 0.91015625 0.44861111111111107 0.0296875 0.04722222222222222
0 0.8520833333333334 0.4625 0.026041666666666664 0.0375
0 0.786328125 0.5099537037037037 0.03515625 0.04490740740740741
0 0.6697916666666667 0.6734375 0.03020833333333333 0.05
0 0.614453125 0.6542824074074074 0.02890625 0.052314814814814814
0 0.5239583333333333 0.5322337962962963 0.019791666666666666 0.030092592592592594
0 0.526953125 0.628125 0.02890625 0.05
0 0.46328125 0.5594907407407408 0.0203125 0.043981481481481476
0 0.4520833333333333 0.9131944444444444 0.035416666666666666 0.06388888888888888
0 0.26002604166666665 0.9608217592592594 0.03255208333333333 0.04351851851851852
0 0.2598958333333333 0.8943287037037037 0.03229166666666666 0.04490740740740741