0 0.46015625 0.95625 0.0515625 0.0875
0 0.84765625 0.9058449074074074 0.0390625 0.06481481481481481
0 0.6076822916666667 0.6539351851851852 0.052864583333333326 0.09537037037037036
0 0.6333333333333333 0.5619791666666667 0.05416666666666666 0.08333333333333333
0 0.6161458333333333 0.46469907407407407 0.05416666666666666 0.08564814814814814
0 0.51875 0.45515046296296297 0.04375 0.07592592592592592
0 0.28463541666666664 0.3813078703703704 0.034895833333333334 0.06574074074074074
0 0.07174479166666667 0.803414351851852 0.04348958333333333 0.0662037037037037
0 0.126953125 0.48275462962962956 0.03515625 0.059259259259259255
3 0.5477864583333333 0.04461805555555555 0.023697916666666666 0.0736111111111111
3 0.8506510416666666 0.5444444444444445 0.02317708333333333 0.07638888888888888
3 0.4830729166666667 0.5365162037037037 0.04114583333333333 0.0699074074074074
3 0.16796875 0.5806712962962963 0.0359375 0.055092592592592596