0 0.16966145833333332 0.5502314814814815 0.02682291666666666 0.050462962962962966
0 0.6365885416666667 0.26545138888888886 0.04505208333333333 0.07777777777777777
0 0.6173177083333333 0.4253472222222222 0.05963541666666666 0.10694444444444444
0 0.529296875 0.6196180555555555 0.05859375 0.09861111111111111
0 0.5272135416666667 0.3710069444444445 0.05755208333333332 0.08888888888888888
0 0.4192708333333333 0.30104166666666665 0.051041666666666666 0.08333333333333333
0 0.39622395833333335 0.359375 0.04869791666666666 0.075
0 0.349609375 0.346875 0.04609375 0.0875
0 0.28033854166666666 0.37800925925925927 0.04505208333333333 0.0685185185185185
0 0.08072916666666666 0.6751157407407408 0.03020833333333333 0.043981481481481476
3 0.46015625 0.7125578703703703 0.0171875 0.02824074074074074