0 0.8895833333333334 0.6529513888888889 0.10104166666666665 0.17777777777777776
0 0.7423177083333333 0.5950810185185185 0.09401041666666667 0.137037037037037
0 0.6657552083333333 0.7032407407407407 0.07213541666666666 0.10648148148148147
0 0.6385416666666667 0.3143518518518519 0.042708333333333334 0.1037037037037037
0 0.8389322916666666 0.06070601851851851 0.052864583333333326 0.07453703703703704
0 0.362109375 0.5185185185185185 0.03671875 0.07453703703703704
0 0.2828125 0.5719907407407407 0.046875 0.05648148148148148
0 0.97109375 0.09045138888888889 0.0578125 0.10277777777777777
0 0.3984375 0.3690393518518519 0.053125 0.0912037037037037
1 0.4497395833333333 0.24074074074074076 0.08385416666666666 0.14398148148148146
1 0.7135416666666667 0.2695601851851852 0.07708333333333332 0.12037037037037038
1 0.5493489583333333 0.24699074074074073 0.045572916666666664 0.15648148148148147