0 0.33350694444444445 0.3406057098765432 0.07638888888888888 0.1530864197530864
0 0.2359375 0.17035108024691356 0.05 0.09382716049382715
0 0.4286458333333333 0.155054012345679 0.041666666666666664 0.09135802469135802
0 0.4527777777777778 0.4184606481481482 0.05555555555555556 0.0962962962962963
0 0.5762152777777778 0.5661651234567902 0.05555555555555556 0.11358024691358024
0 0.4298611111111111 0.9201195987654321 0.05972222222222222 0.1308641975308642
0 0.4722222222222222 0.6697916666666667 0.05694444444444444 0.13333333333333333
0 0.4887152777777778 0.34263117283950617 0.03055555555555555 0.07901234567901234
0 0.2951388888888889 0.5360725308641976 0.07777777777777777 0.12839506172839504
0 0.12395833333333332 0.7573688271604938 0.06666666666666667 0.12098765432098765
0 0.5979166666666667 0.4139274691358025 0.03333333333333333 0.07160493827160494
1 0.8203125 0.8686921296296296 0.075 0.059259259259259255
3 0.6116319444444445 0.6403356481481481 0.05138888888888889 0.0962962962962963
3 0.9291666666666666 0.7069444444444445 0.07083333333333333 0.08888888888888888
3 0.8329861111111111 0.6579282407407407 0.04722222222222222 0.08148148148148147