0 0.03125 0.6042824074074075 0.05625 0.10231481481481482
3 0.301953125 0.3988425925925926 0.04140625 0.04768518518518518
0 0.7166666666666667 0.9497685185185185 0.09583333333333333 0.09953703703703703
0 0.7266927083333333 0.6282407407407408 0.07526041666666666 0.13148148148148148
0 0.34322916666666664 0.397974537037037 0.05208333333333333 0.08657407407407407
0 0.4623697916666667 0.2744212962962963 0.059114583333333325 0.10509259259259258
3 0.7623697916666667 0.21776620370370373 0.03723958333333333 0.04490740740740741
3 0.7018229166666667 0.20214120370370373 0.06614583333333332 0.04490740740740741
3 0.7282552083333333 0.2380787037037037 0.07526041666666666 0.05740740740740741
3 0.904296875 0.3836805555555555 0.05546875 0.0736111111111111
0 0.9313802083333333 0.7204282407407407 0.07526041666666666 0.11898148148148147