0 0.03515625 0.7215856481481482 0.0484375 0.0962962962962963
0 0.082421875 0.7094907407407407 0.05546875 0.10648148148148147
0 0.10208333333333333 0.6522569444444445 0.06041666666666666 0.10138888888888889
3 0.7861979166666667 0.3729166666666667 0.05052083333333333 0.07083333333333333
0 0.9640625 0.9278356481481481 0.071875 0.13379629629629627
0 0.3963541666666667 0.6616319444444445 0.12395833333333332 0.2013888888888889
0 0.731640625 0.33877314814814813 0.05078125 0.08379629629629629
3 0.4006510416666667 0.2582175925925926 0.07317708333333332 0.06018518518518519
3 0.4897135416666667 0.13732638888888887 0.051302083333333325 0.09027777777777776
3 0.51640625 0.3556712962962963 0.0765625 0.08009259259259259
3 0.73828125 0.6411458333333333 0.0484375 0.10416666666666666
3 0.7626302083333333 0.7821180555555556 0.08151041666666667 0.12361111111111109
3 0.18958333333333333 0.12800925925925927 0.05416666666666666 0.08101851851851852
0 0.8490885416666666 0.2439814814814815 0.05755208333333332 0.06296296296296296
0 0.6661458333333333 0.3050925925925926 0.041666666666666664 0.06018518518518519
0 0.24609375 0.360474537037037 0.0640625 0.09907407407407406