0 0.32083333333333336 0.1615162037037037 0.08854166666666666 0.15740740740740738
0 0.21888020833333335 0.1379050925925926 0.08151041666666667 0.16018518518518518
0 0.24309895833333334 0.3733796296296296 0.07994791666666666 0.09675925925925925
0 0.6295572916666667 0.6849537037037037 0.04973958333333333 0.1074074074074074
0 0.6609375 0.2683449074074074 0.053125 0.11481481481481481
0 0.5408854166666667 0.559375 0.04739583333333333 0.075
0 0.06901041666666666 0.8041087962962964 0.06927083333333332 0.10509259259259258
3 0.18190104166666668 0.7211226851851852 0.04505208333333333 0.07037037037037037
3 0.130078125 0.9473958333333334 0.03828125 0.07916666666666666
1 0.3475260416666667 0.5909143518518518 0.07005208333333332 0.07870370370370369
1 0.15442708333333333 0.26817129629629627 0.05260416666666666 0.08009259259259259
1 0.36393229166666663 0.853587962962963 0.05598958333333333 0.1259259259259259