0 0.6598958333333333 0.47413194444444445 0.03229166666666666 0.05138888888888889
0 0.808203125 0.240625 0.03515625 0.0625
0 0.4640625 0.5460069444444444 0.034375 0.06388888888888888
0 0.5265625 0.2796875 0.028125 0.05
0 0.5153645833333333 0.38761574074074073 0.033854166666666664 0.06898148148148148
0 0.4541666666666667 0.365625 0.03020833333333333 0.0625
0 0.07942708333333333 0.5674768518518518 0.027604166666666662 0.0537037037037037
0 0.22838541666666665 0.3785300925925926 0.03802083333333333 0.06018518518518519
0 0.30299479166666665 0.3574074074074074 0.04036458333333333 0.06481481481481481
0 0.3651041666666667 0.3082175925925926 0.03958333333333333 0.06018518518518519
0 0.43984375 0.07754629629629631 0.0359375 0.06759259259259259