0 0.493359375 0.5305555555555556 0.02734375 0.04861111111111111
0 0.5385416666666667 0.3587962962962963 0.02395833333333333 0.055092592592592596
0 0.4993489583333333 0.3583912037037037 0.02682291666666666 0.04490740740740741
0 0.55625 0.6280092592592592 0.028125 0.05601851851851851
0 0.615625 0.6299768518518518 0.028125 0.0537037037037037
0 0.5252604166666667 0.7430555555555556 0.03802083333333333 0.0611111111111111
0 0.613671875 0.9527199074074074 0.04296875 0.07731481481481481
0 0.23151041666666666 0.9434606481481481 0.04739583333333333 0.08379629629629629
0 0.35872395833333337 0.5050925925925925 0.03307291666666666 0.06018518518518519
0 0.4165364583333333 0.336400462962963 0.02682291666666666 0.050925925925925916
0 0.4368489583333333 0.176099537037037 0.02682291666666666 0.04907407407407407
0 0.417578125 0.08177083333333332 0.02890625 0.05416666666666666
0 0.33229166666666665 0.06521990740740741 0.03645833333333333 0.06481481481481481
0 0.12604166666666666 0.08015046296296295 0.03645833333333333 0.050925925925925916
0 0.058854166666666666 0.39895833333333336 0.05208333333333333 0.09166666666666666