2 0.65 0.6137731481481481 0.075 0.10879629629629628
2 0.5885416666666667 0.6299768518518518 0.07708333333333332 0.1162037037037037
2 0.7575520833333333 0.7123842592592593 0.07135416666666666 0.11851851851851851
2 0.7169270833333333 0.8140046296296296 0.09010416666666667 0.13425925925925924
2 0.5623697916666667 0.9065972222222222 0.06536458333333332 0.13194444444444445
2 0.490625 0.8864583333333333 0.0625 0.12916666666666665
1 0.94765625 0.31840277777777776 0.1046875 0.13055555555555556
2 0.24895833333333334 0.21886574074074075 0.04791666666666666 0.05648148148148148
2 0.29453125 0.39774305555555556 0.0515625 0.0736111111111111
2 0.24479166666666666 0.3782986111111111 0.04583333333333333 0.07222222222222222
2 0.326171875 0.01875 0.03984375 0.0375
2 0.39348958333333334 0.030092592592592594 0.03697916666666666 0.04768518518518518
2 0.5061197916666667 0.2074074074074074 0.052864583333333326 0.06481481481481481
2 0.5615885416666667 0.06828703703703703 0.04505208333333333 0.04907407407407407
2 0.8549479166666666 0.06597222222222222 0.05364583333333332 0.06944444444444445
2 0.6130208333333333 0.31788194444444445 0.04791666666666666 0.07638888888888888
2 0.5462239583333333 0.3163773148148148 0.04869791666666666 0.054629629629629625
2 0.7260416666666667 0.41105324074074073 0.06458333333333333 0.08148148148148147
2 0.7014322916666667 0.17297453703703702 0.046614583333333334 0.04907407407407407
3 0.8477864583333334 0.2909143518518519 0.12994791666666666 0.1662037037037037
2 0.9108072916666666 0.1717013888888889 0.04348958333333333 0.05277777777777778
2 0.11119791666666665 0.5787037037037037 0.05364583333333332 0.04490740740740741