2 0.4755208333333333 0.889525462962963 0.06666666666666667 0.10092592592592593
2 0.455078125 0.9691550925925926 0.08515625 0.06018518518518519
2 0.46171875 0.3453703703703704 0.0390625 0.053240740740740734
2 0.49140625 0.366724537037037 0.0609375 0.06157407407407407
2 0.5583333333333333 0.3523726851851852 0.057291666666666664 0.07037037037037037
2 0.28658854166666664 0.524537037037037 0.05442708333333333 0.04907407407407407
2 0.38372395833333334 0.5041087962962962 0.05807291666666666 0.08009259259259259
2 0.3046875 0.5580439814814815 0.0625 0.06296296296296296
2 0.4201822916666667 0.43148148148148147 0.04348958333333333 0.08796296296296295
2 0.4471354166666667 0.47586805555555556 0.05364583333333332 0.0736111111111111
2 0.7899739583333333 0.697511574074074 0.16119791666666666 0.22314814814814815
2 0.883203125 0.7327546296296296 0.09453125 0.13425925925925924
2 0.8671875 0.8027777777777778 0.10625 0.13055555555555556
2 0.9174479166666666 0.8737847222222221 0.10677083333333333 0.14444444444444443
2 0.34895833333333337 0.3949652777777778 0.051041666666666666 0.06805555555555555
2 0.5365885416666667 0.250636574074074 0.03255208333333333 0.06064814814814814
2 0.4815104166666667 0.21799768518518517 0.04114583333333333 0.045370370370370366
2 0.448828125 0.24936342592592592 0.03828125 0.039351851851851846
2 0.170703125 0.5336805555555555 0.06015625 0.0736111111111111