2 0.5432291666666667 0.9814236111111111 0.04583333333333333 0.034722222222222224
2 0.5427083333333333 0.95 0.041666666666666664 0.0375
2 0.69453125 0.9554398148148149 0.0484375 0.07962962962962963
2 0.6665364583333333 0.8897569444444444 0.054947916666666666 0.07638888888888888
2 0.39557291666666666 0.9029513888888889 0.05364583333333332 0.12777777777777777
2 0.5459635416666667 0.8771412037037036 0.05755208333333332 0.1074074074074074
2 0.5290364583333333 0.7673032407407407 0.061197916666666664 0.08148148148148147
2 0.5858072916666667 0.4304976851851852 0.046614583333333334 0.05787037037037037
2 0.670703125 0.6885416666666667 0.06015625 0.08333333333333333
2 0.5229166666666667 0.6586226851851852 0.05208333333333333 0.08287037037037036
2 0.4912760416666667 0.6993634259259259 0.051302083333333325 0.07685185185185185
2 0.4326822916666667 0.7215277777777778 0.05598958333333333 0.09305555555555554
2 0.509375 0.601099537037037 0.025 0.06157407407407407
2 0.5744791666666667 0.5371527777777778 0.03958333333333333 0.05555555555555556
2 0.5247395833333333 0.5461805555555556 0.043229166666666666 0.0611111111111111
2 0.4854166666666667 0.5461805555555556 0.042708333333333334 0.0736111111111111
2 0.5063802083333333 0.4525462962962963 0.03463541666666666 0.04259259259259259
2 0.4610677083333333 0.4572337962962963 0.037760416666666664 0.04259259259259259
2 0.4514322916666667 0.4989583333333333 0.03411458333333333 0.05416666666666666
2 0.4475260416666667 0.4293981481481482 0.04505208333333333 0.046296296296296294
2 0.436328125 0.6074074074074074 0.05390625 0.07731481481481481
2 0.4233072916666667 0.5773726851851853 0.059114583333333325 0.05787037037037037
2 0.3140625 0.6297453703703704 0.046875 0.06574074074074074
2 0.18151041666666665 0.5960069444444445 0.05052083333333333 0.07638888888888888
2 0.22630208333333335 0.6265625 0.04010416666666666 0.05
2 0.054296875 0.7120949074074074 0.05859375 0.06481481481481481
2 0.29322916666666665 0.36006944444444444 0.03020833333333333 0.05138888888888889
2 0.120703125 0.609837962962963 0.05078125 0.06342592592592591
2 0.030338541666666663 0.6163194444444444 0.051302083333333325 0.06388888888888888
2 0.22591145833333334 0.546412037037037 0.039322916666666666 0.06157407407407407
2 0.373828125 0.4914351851851852 0.04140625 0.045370370370370366
2 0.36953125 0.5488425925925926 0.0421875 0.06018518518518519
2 0.2869791666666667 0.4952546296296296 0.03958333333333333 0.059259259259259255
2 0.31953125 0.5105902777777778 0.0390625 0.043055555555555555
2 0.29466145833333335 0.5517939814814815 0.039322916666666666 0.050462962962962966
2 0.24947916666666664 0.49646990740740743 0.03958333333333333 0.052314814814814814
2 0.3453125 0.4681712962962963 0.0375 0.055092592592592596
2 0.354296875 0.41180555555555554 0.03984375 0.0611111111111111
2 0.169140625 0.47928240740740746 0.04140625 0.052314814814814814
2 0.15846354166666668 0.4150462962962963 0.029427083333333333 0.055092592592592596
2 0.09114583333333333 0.4684606481481482 0.03854166666666666 0.05879629629629629
2 0.04791666666666666 0.5170717592592593 0.042708333333333334 0.0685185185185185
2 0.8528645833333334 0.6881944444444444 0.05260416666666666 0.08888888888888888
2 0.7145833333333333 0.6158564814814815 0.04479166666666666 0.06296296296296296
2 0.6559895833333333 0.44884259259259257 0.043229166666666666 0.06018518518518519
2 0.7375 0.5563657407407407 0.05 0.06898148148148148
2 0.690234375 0.5524305555555555 0.05546875 0.0611111111111111
2 0.7264322916666667 0.44884259259259257 0.04036458333333333 0.06018518518518519
2 0.8713541666666667 0.4103587962962963 0.04583333333333333 0.055092592592592596
3 0.9584635416666666 0.8178819444444445 0.08255208333333333 0.18888888888888888
3 0.8139322916666666 0.4067708333333333 0.08098958333333332 0.11666666666666665
2 0.8412760416666666 0.5873842592592593 0.038802083333333334 0.04351851851851852
2 0.6416666666666667 0.5873842592592593 0.05208333333333333 0.05601851851851851
2 0.5891927083333333 0.228125 0.025260416666666664 0.0375
2 0.358203125 0.25439814814814815 0.03515625 0.046296296296296294
2 0.4131510416666667 0.17228009259259258 0.03255208333333333 0.04768518518518518
2 0.539453125 0.26417824074074076 0.03515625 0.043981481481481476
2 0.469921875 0.2449074074074074 0.03359375 0.03981481481481482
2 0.705859375 0.26533564814814814 0.03671875 0.05879629629629629