1 0.28815104166666666 0.5284722222222222 0.03567708333333333 0.13194444444444445
2 0.7291666666666667 0.8155092592592592 0.07395833333333332 0.11851851851851851
2 0.56953125 0.6983796296296296 0.0546875 0.08425925925925926
2 0.59140625 0.5460648148148148 0.0484375 0.07962962962962963
3 0.5203125 0.5763310185185185 0.0625 0.07453703703703704
3 0.8100260416666666 0.42702546296296295 0.06380208333333333 0.07592592592592592
3 0.9091145833333334 0.46469907407407407 0.08697916666666666 0.09814814814814814
3 0.6268229166666667 0.1414351851851852 0.06614583333333332 0.10787037037037037
3 0.5213541666666667 0.08709490740740741 0.055208333333333325 0.10231481481481482
3 0.15833333333333333 0.7310185185185185 0.08541666666666667 0.12453703703703703
3 0.069140625 0.7922453703703705 0.09765625 0.14074074074074075