2 0.6860677083333333 0.7103587962962963 0.047135416666666666 0.08009259259259259
2 0.7203125 0.7818287037037037 0.053125 0.0824074074074074
2 0.30963541666666666 0.06186342592592592 0.07864583333333333 0.11435185185185184
2 0.36276041666666664 0.2724537037037037 0.05364583333333332 0.1074074074074074
2 0.53359375 0.055497685185185185 0.0734375 0.10787037037037037
2 0.5083333333333333 0.20949074074074076 0.057291666666666664 0.09398148148148147
2 0.6016927083333333 0.3101273148148148 0.05026041666666666 0.10462962962962963
2 0.7186197916666667 0.2032986111111111 0.052864583333333326 0.08472222222222223
2 0.8467447916666666 0.4373263888888889 0.05598958333333333 0.07777777777777777
2 0.88359375 0.13686342592592593 0.0453125 0.07685185185185185
2 0.9509114583333333 0.16840277777777776 0.05807291666666666 0.09305555555555554
2 0.9260416666666667 0.5461226851851853 0.05208333333333333 0.09537037037037036
2 0.78828125 0.735300925925926 0.0515625 0.07685185185185185
2 0.8072916666666666 0.5239583333333333 0.04583333333333333 0.07916666666666666
2 0.9315104166666666 0.3949074074074074 0.05052083333333333 0.07731481481481481
2 0.78359375 0.8106481481481481 0.0421875 0.07129629629629629