2 0.6342447916666667 0.5574074074074075 0.02786458333333333 0.052314814814814814
2 0.6184895833333333 0.6081597222222223 0.03072916666666666 0.04444444444444444
2 0.48359375 0.9155671296296296 0.0328125 0.07175925925925926
2 0.62578125 0.8563078703703704 0.0359375 0.06574074074074074
2 0.503515625 0.8519675925925926 0.02890625 0.07268518518518519
2 0.844140625 0.9 0.04140625 0.0625
2 0.7583333333333333 0.8002893518518519 0.04479166666666666 0.07870370370370369
2 0.7986979166666667 0.5990162037037037 0.028645833333333332 0.05740740740740741
2 0.7615885416666667 0.594675925925926 0.03255208333333333 0.06435185185185185
2 0.796484375 0.49021990740740745 0.03671875 0.06481481481481481
2 0.8923177083333333 0.6642939814814814 0.04088541666666666 0.07546296296296295
2 0.402734375 0.6250578703703703 0.02734375 0.053240740740740734
2 0.9084635416666667 0.48917824074074073 0.03255208333333333 0.06898148148148148
2 0.094140625 0.2320023148148148 0.03203125 0.04212962962962963