2 0.4299479166666667 0.7005787037037037 0.034895833333333334 0.05740740740740741
2 0.7296875 0.9005787037037036 0.053125 0.0824074074074074
2 0.853515625 0.5903356481481482 0.04453125 0.046296296296296294
2 0.780859375 0.595775462962963 0.04296875 0.050925925925925916
2 0.6705729166666667 0.575462962962963 0.034895833333333334 0.050925925925925916
2 0.4600260416666667 0.5899305555555555 0.029427083333333333 0.04861111111111111
2 0.6890625 0.971875 0.065625 0.05625
2 0.6712239583333333 0.9069444444444444 0.06432291666666666 0.10138888888888889
2 0.658203125 0.7890625 0.04765625 0.075
0 0.92578125 0.9361689814814815 0.1234375 0.12546296296296294
3 0.63125 0.48628472222222224 0.04375 0.05694444444444444
3 0.4609375 0.9269097222222221 0.103125 0.14444444444444443
2 0.69296875 0.4950810185185185 0.0328125 0.037037037037037035
2 0.538671875 0.6725694444444444 0.04609375 0.05138888888888889
2 0.5515625 0.5858217592592593 0.04375 0.05601851851851851
2 0.9912760416666666 0.5270254629629629 0.016927083333333332 0.038425925925925926