2 0.5435546875 0.9026041666666667 0.021484375 0.04583333333333333
3 0.72109375 0.6182291666666667 0.0234375 0.04583333333333333
3 0.7552734375 0.5824652777777778 0.032421875 0.05555555555555556
3 0.8005859375 0.757638888888889 0.032421875 0.05277777777777778
3 0.7873046875 0.951388888888889 0.043359375 0.07152777777777777
3 0.74453125 0.9203125 0.0296875 0.05625
3 0.7025390625 0.8979166666666666 0.045703125 0.08958333333333332
3 0.517578125 0.9131944444444444 0.03515625 0.06388888888888888
3 0.8193359375 0.9041666666666666 0.035546875 0.05833333333333333
3 0.953515625 0.6456597222222222 0.03515625 0.05694444444444444
3 0.914453125 0.909375 0.02578125 0.0625
0 0.3140625 0.6998263888888889 0.0375 0.05277777777777778