0 0.50234375 0.2399884259259259 0.0359375 0.07685185185185185
3 0.8733072916666667 0.2068287037037037 0.059114583333333325 0.05740740740740741
3 0.9186197916666666 0.2728587962962963 0.05598958333333333 0.06759259259259259
3 0.9278645833333334 0.7324074074074074 0.05260416666666666 0.10231481481481482
3 0.8067708333333334 0.6866898148148148 0.041666666666666664 0.09212962962962963
3 0.7651041666666667 0.6643518518518519 0.06770833333333333 0.1162037037037037
2 0.7483072916666667 0.6925347222222222 0.046614583333333334 0.08194444444444444
3 0.7811197916666667 0.8009259259259259 0.10598958333333333 0.13935185185185184
3 0.9111979166666666 0.9324074074074075 0.07864583333333333 0.10231481481481482
3 0.8108072916666667 0.9327546296296296 0.08411458333333333 0.13425925925925924
3 0.6049479166666667 0.8716435185185185 0.08802083333333333 0.137037037037037
3 0.5169270833333333 0.09826388888888889 0.049479166666666664 0.11527777777777777
3 0.61015625 0.1837384259259259 0.0734375 0.12685185185185183
3 0.7438802083333333 0.39340277777777777 0.037760416666666664 0.09305555555555554
3 0.6654947916666667 0.3246527777777778 0.046614583333333334 0.11805555555555555
3 0.6200520833333333 0.38113425925925926 0.049479166666666664 0.09351851851851851
3 0.5756510416666667 0.3602430555555555 0.04817708333333333 0.04861111111111111
3 0.6756510416666667 0.4766203703703703 0.038802083333333334 0.04074074074074074
3 0.6915364583333333 0.5361111111111111 0.061197916666666664 0.09722222222222222
3 0.6231770833333333 0.46163194444444444 0.05260416666666666 0.06388888888888888
3 0.616015625 0.5281828703703704 0.06328125 0.10324074074074074
3 0.5639322916666667 0.4578125 0.046614583333333334 0.0625
3 0.5485677083333333 0.5041087962962962 0.07838541666666667 0.11759259259259258
3 0.4600260416666667 0.6655671296296296 0.08567708333333332 0.12175925925925926
3 0.4739583333333333 0.5070023148148148 0.06354166666666666 0.10462962962962963
3 0.4873697916666667 0.4197916666666667 0.08411458333333333 0.09583333333333333
3 0.5209635416666667 0.34253472222222225 0.04817708333333333 0.09444444444444444
3 0.4627604166666667 0.3041087962962963 0.056770833333333326 0.06759259259259259
3 0.39557291666666666 0.5167824074074074 0.07552083333333333 0.11481481481481481
3 0.36744791666666665 0.3653356481481481 0.08489583333333332 0.10879629629629628
3 0.31223958333333335 0.4695023148148148 0.07135416666666666 0.09212962962962963
3 0.4393229166666667 0.15422453703703703 0.01927083333333333 0.08657407407407407
3 0.2359375 0.29612268518518514 0.065625 0.08287037037037036
3 0.21002604166666666 0.07019675925925925 0.07630208333333333 0.04351851851851852
3 0.1453125 0.3100115740740741 0.071875 0.035648148148148144
3 0.2798177083333333 0.9260416666666667 0.11276041666666665 0.14583333333333331
3 0.27643229166666666 0.5037037037037038 0.05598958333333333 0.05740740740740741
3 0.20026041666666666 0.5166087962962963 0.05989583333333333 0.06759259259259259
3 0.25950520833333335 0.3607638888888889 0.06901041666666666 0.04027777777777777
3 0.10872395833333333 0.2538773148148148 0.07057291666666667 0.054629629629629625
3 0.304296875 0.26510416666666664 0.05546875 0.05833333333333333
3 0.08177083333333332 0.12008101851851852 0.09166666666666666 0.08703703703703704
2 0.855859375 0.7916087962962963 0.05546875 0.06759259259259259
3 0.22252604166666665 0.9678819444444444 0.11692708333333332 0.06388888888888888