0 0.7845052083333333 0.325 0.05026041666666666 0.0875
0 0.36393229166666663 0.0412037037037037 0.04348958333333333 0.0699074074074074
0 0.5255208333333333 0.12280092592592592 0.04791666666666666 0.06435185185185185
1 0.5384114583333333 0.2861689814814815 0.12057291666666665 0.12546296296296294
1 0.4696614583333333 0.32083333333333336 0.07682291666666666 0.09166666666666666
1 0.30221354166666664 0.4575810185185185 0.14505208333333333 0.137037037037037
1 0.42109375 0.5794560185185185 0.0640625 0.137037037037037
1 0.17890625 0.4030671296296296 0.0921875 0.09675925925925925
1 0.12890625 0.4520833333333333 0.0609375 0.09166666666666666
2 0.34153645833333335 0.4150462962962963 0.023697916666666666 0.030092592592592594
2 0.3453125 0.35173611111111114 0.03125 0.034722222222222224
2 0.4244791666666667 0.4765046296296296 0.03958333333333333 0.04675925925925926
2 0.4494791666666667 0.2178240740740741 0.03645833333333333 0.035648148148148144
2 0.38971354166666666 0.15011574074074074 0.03255208333333333 0.06898148148148148
2 0.7708333333333333 0.4958912037037037 0.09166666666666666 0.09490740740740741
2 0.5595052083333333 0.514988425925926 0.05651041666666666 0.06435185185185185
0 0.9403645833333334 0.9277777777777778 0.09010416666666667 0.14305555555555555