2 0.965625 0.5102430555555555 0.06875 0.1361111111111111
2 0.8643229166666666 0.4507523148148148 0.08489583333333332 0.12962962962962962
2 0.7852864583333333 0.28402777777777777 0.05182291666666666 0.05555555555555556
2 0.7868489583333333 0.3212962962962963 0.03619791666666666 0.04259259259259259
2 0.7747395833333333 0.34542824074074074 0.03697916666666666 0.043981481481481476
2 0.902734375 0.8715277777777779 0.07421875 0.10555555555555556
2 0.8654947916666667 0.595486111111111 0.08723958333333333 0.10972222222222221
2 0.8028645833333334 0.7958912037037037 0.09635416666666666 0.1449074074074074
2 0.775 0.899363425925926 0.090625 0.13935185185185184
2 0.63984375 0.9277199074074074 0.0671875 0.12731481481481483
2 0.501953125 0.8217592592592592 0.07578125 0.1310185185185185
2 0.432421875 0.7477430555555555 0.08359375 0.1361111111111111
2 0.58125 0.8731481481481481 0.090625 0.17129629629629628
2 0.6559895833333333 0.6497685185185185 0.08072916666666666 0.08703703703703704
2 0.6078125 0.37719907407407405 0.053125 0.07314814814814814
2 0.5001302083333333 0.2939814814814815 0.05026041666666666 0.07546296296296295
2 0.4811197916666667 0.4391203703703703 0.046614583333333334 0.07824074074074074
2 0.4375 0.477025462962963 0.053125 0.07592592592592592
1 0.4076822916666667 0.6702546296296296 0.09348958333333332 0.09675925925925925
2 0.5606770833333333 0.49045138888888895 0.06822916666666666 0.09027777777777776
2 0.6296875 0.4768518518518518 0.05625 0.0537037037037037
2 0.773046875 0.12013888888888888 0.03046875 0.05277777777777778
2 0.7826822916666667 0.1785300925925926 0.04036458333333333 0.04768518518518518
2 0.09596354166666667 0.7384259259259259 0.04817708333333333 0.07685185185185185
2 0.09921875 0.36950231481481477 0.0453125 0.06712962962962962
2 0.21861979166666665 0.4000578703703703 0.04036458333333333 0.053240740740740734
2 0.2518229166666667 0.35844907407407406 0.04114583333333333 0.07314814814814814