3 0.54609375 0.17980324074074075 0.0609375 0.10648148148148147
2 0.31354166666666666 0.6483217592592593 0.07083333333333333 0.09351851851851851
2 0.27421875 0.5976273148148148 0.0765625 0.09212962962962963
2 0.9151041666666666 0.8487268518518519 0.13020833333333331 0.1287037037037037
2 0.5165364583333333 0.5322916666666667 0.08932291666666667 0.12083333333333332
1 0.7473958333333333 0.5699074074074074 0.13854166666666665 0.1398148148148148
3 0.05625 0.278125 0.034375 0.0625
3 0.5216145833333333 0.9375578703703704 0.13072916666666665 0.11574074074074074
3 0.4065104166666667 0.9435185185185185 0.11302083333333332 0.11203703703703702
3 0.08450520833333333 0.9092592592592592 0.16588541666666665 0.18101851851851852
3 0.20924479166666665 0.9401041666666666 0.02786458333333333 0.07083333333333333