3 0.406640625 0.4844907407407407 0.03515625 0.05648148148148148
2 0.6108072916666667 0.17505787037037038 0.03098958333333333 0.02824074074074074
2 0.66953125 0.1413773148148148 0.0328125 0.04212962962962963
3 0.8153645833333334 0.03003472222222222 0.06510416666666666 0.05694444444444444
3 0.8248697916666666 0.16168981481481481 0.11223958333333332 0.07962962962962963
3 0.937890625 0.20810185185185187 0.12265625 0.0912037037037037
3 0.7029947916666667 0.31082175925925926 0.08098958333333332 0.1310185185185185
3 0.6690104166666667 0.42384259259259255 0.10677083333333333 0.1726851851851852
3 0.5955729166666667 0.36938657407407405 0.08489583333333332 0.09814814814814814
3 0.5083333333333333 0.4726851851851852 0.09791666666666667 0.18287037037037035
3 0.30403645833333337 0.5880208333333333 0.04869791666666666 0.06666666666666667
3 0.4470052083333333 0.3873263888888889 0.06588541666666667 0.11527777777777777
3 0.368359375 0.5882523148148148 0.05859375 0.07962962962962963
3 0.21106770833333335 0.7644675925925926 0.07213541666666666 0.12268518518518519
3 0.29205729166666666 0.728125 0.05598958333333333 0.0625
3 0.41640625 0.6932291666666667 0.0640625 0.19583333333333333
3 0.35572916666666665 0.749363425925926 0.055208333333333325 0.12685185185185183
3 0.2947916666666667 0.8144675925925926 0.07708333333333332 0.12268518518518519
3 0.33919270833333337 0.851736111111111 0.04401041666666666 0.10972222222222221
3 0.348046875 0.9223958333333334 0.03984375 0.15416666666666665
3 0.12955729166666666 0.9583912037037037 0.059114583333333325 0.0824074074074074
3 0.034375 0.9361689814814815 0.065625 0.12546296296296294
3 0.28046875 0.9396412037037036 0.0890625 0.1199074074074074
1 0.5212239583333333 0.639699074074074 0.09244791666666666 0.28564814814814815
2 0.17447916666666669 0.5976851851851852 0.04895833333333333 0.05787037037037037
3 0.11197916666666666 0.430150462962963 0.055208333333333325 0.050925925925925916
3 0.5908854166666667 0.23755787037037038 0.05989583333333333 0.07824074074074074