3 0.43125 0.3462384259259259 0.090625 0.08935185185185185
3 0.34348958333333335 0.45509259259259255 0.09010416666666667 0.11018518518518519
2 0.5453125 0.2511574074074074 0.04375 0.052314814814814814
2 0.5053385416666667 0.23211805555555554 0.04505208333333333 0.04861111111111111
2 0.898828125 0.3774884259259259 0.06640625 0.10185185185185183
2 0.6576822916666667 0.5945023148148147 0.06536458333333332 0.06712962962962962
2 0.5989583333333333 0.7875578703703704 0.06979166666666667 0.11574074074074074
2 0.5266927083333333 0.6333912037037037 0.037760416666666664 0.0824074074074074
2 0.270703125 0.6622685185185185 0.05078125 0.08703703703703704
0 0.8618489583333334 0.7028356481481481 0.02682291666666666 0.05879629629629629
2 0.4455729166666667 0.43975694444444446 0.03802083333333333 0.06388888888888888
2 0.169921875 0.6134837962962962 0.03984375 0.08009259259259259