2 0.29583333333333334 0.49490740740740746 0.026041666666666664 0.03981481481481482
2 0.306640625 0.4647569444444445 0.03203125 0.02638888888888889
3 0.438671875 0.4950810185185185 0.05234375 0.062037037037037036
2 0.609765625 0.6589699074074075 0.03828125 0.052314814814814814
2 0.5631510416666667 0.6157986111111111 0.04505208333333333 0.05972222222222222
3 0.37734375 0.38755787037037037 0.0671875 0.06574074074074074
0 0.6229166666666667 0.4578125 0.05833333333333333 0.075
2 0.36940104166666665 0.4684606481481482 0.03567708333333333 0.033796296296296297
2 0.370703125 0.5443287037037037 0.04453125 0.05740740740740741
2 0.37161458333333336 0.5835648148148148 0.043229166666666666 0.04212962962962963
2 0.4125 0.43628472222222225 0.034375 0.03194444444444444
2 0.4401041666666667 0.44369212962962956 0.03645833333333333 0.04675925925925926
2 0.5662760416666667 0.6675347222222222 0.051302083333333325 0.08194444444444444
2 0.6470052083333333 0.6299768518518518 0.053385416666666664 0.0412037037037037
2 0.5234375 0.36168981481481477 0.040625 0.04212962962962963
2 0.4951822916666667 0.406886574074074 0.03723958333333333 0.04814814814814815
2 0.4936197916666667 0.4408564814814815 0.04036458333333333 0.03796296296296296
2 0.6807291666666667 0.48993055555555554 0.042708333333333334 0.03611111111111111
2 0.7548177083333333 0.4840277777777778 0.04088541666666666 0.05555555555555556
2 0.726953125 0.5443865740740741 0.05078125 0.07314814814814814
2 0.71796875 0.5055555555555555 0.0421875 0.04861111111111111
2 0.7973958333333333 0.6035300925925926 0.06041666666666666 0.07268518518518519
2 0.7484375 0.6802662037037037 0.065625 0.0824074074074074
2 0.36497395833333335 0.6749421296296296 0.054947916666666666 0.07175925925925926
2 0.533203125 0.41533564814814816 0.03515625 0.046296296296296294
2 0.6828125 0.7472800925925925 0.05625 0.09768518518518518
2 0.2674479166666667 0.2892939814814815 0.034895833333333334 0.03796296296296296
2 0.6544270833333333 0.2857060185185185 0.027604166666666662 0.037037037037037035