1 0.9611979166666667 0.9400462962962963 0.07552083333333333 0.06759259259259259
2 0.5764322916666667 0.9008101851851851 0.046614583333333334 0.08287037037037036
2 0.69375 0.8994791666666666 0.040625 0.07083333333333333
2 0.653515625 0.7998263888888889 0.06015625 0.07777777777777777
2 0.705078125 0.673900462962963 0.04765625 0.07592592592592592
2 0.940625 0.6766203703703704 0.059375 0.09074074074074073
2 0.88359375 0.929050925925926 0.0515625 0.07685185185185185
2 0.820703125 0.844675925925926 0.06640625 0.08935185185185185
2 0.763671875 0.9166087962962963 0.03359375 0.055092592592592596
2 0.4537760416666667 0.8825810185185186 0.04505208333333333 0.08703703703703704
2 0.39544270833333334 0.8677662037037036 0.05026041666666666 0.0824074074074074
2 0.39583333333333337 0.9399305555555555 0.03854166666666666 0.0736111111111111