2 0.5671875 0.6997685185185185 0.0625 0.08703703703703704
2 0.7623697916666667 0.28252314814814816 0.06223958333333333 0.07129629629629629
2 0.734375 0.2274884259259259 0.05 0.06435185185185185
2 0.7276041666666667 0.16597222222222224 0.04583333333333333 0.05694444444444444
2 0.85625 0.2806134259259259 0.08125 0.08935185185185185
2 0.9303385416666666 0.25474537037037037 0.06380208333333333 0.06574074074074074
2 0.9533854166666667 0.3591435185185185 0.08489583333333332 0.09953703703703703
2 0.856640625 0.3488425925925926 0.07265625 0.08518518518518518
2 0.93828125 0.6476273148148148 0.0515625 0.06712962962962962
2 0.8803385416666666 0.5703703703703704 0.08567708333333332 0.10324074074074074
2 0.8127604166666667 0.4797453703703704 0.09427083333333333 0.10324074074074074
2 0.5891927083333333 0.5418981481481481 0.06901041666666666 0.12129629629629628
2 0.605078125 0.6389467592592593 0.06953125 0.10601851851851851
2 0.5330729166666667 0.5276620370370371 0.12864583333333332 0.17407407407407408
2 0.8944010416666666 0.44623842592592594 0.08567708333333332 0.10185185185185183
1 0.727734375 0.4144097222222222 0.11484375 0.06944444444444445
2 0.21861979166666665 0.36435185185185187 0.04348958333333333 0.0662037037037037
2 0.57109375 0.9159143518518519 0.0921875 0.1537037037037037
2 0.5069010416666667 0.935763888888889 0.08567708333333332 0.12777777777777777
2 0.6760416666666667 0.8743055555555556 0.14895833333333333 0.22361111111111112
2 0.17942708333333332 0.43611111111111106 0.058854166666666666 0.07222222222222222
2 0.057421875 0.4638888888888889 0.04296875 0.05277777777777778
2 0.07421875 0.48530092592592594 0.0515625 0.06435185185185185
2 0.08385416666666666 0.5094328703703703 0.05208333333333333 0.06574074074074074