2 0.4692708333333333 0.8559027777777779 0.06041666666666666 0.09305555555555554
2 0.16783854166666665 0.516550925925926 0.05755208333333332 0.06435185185185185
2 0.378125 0.4883680555555555 0.05 0.0736111111111111
2 0.4161458333333333 0.42019675925925926 0.03854166666666666 0.08101851851851852
2 0.44140625 0.47019675925925924 0.0390625 0.08101851851851852
2 0.7631510416666667 0.6773726851851852 0.14505208333333333 0.20787037037037037
2 0.8505208333333334 0.7163773148148148 0.07916666666666666 0.14212962962962963
2 0.8368489583333334 0.7875578703703704 0.08932291666666667 0.12824074074074074
2 0.8799479166666666 0.8486111111111111 0.09739583333333332 0.1472222222222222
2 0.29583333333333334 0.5443865740740741 0.04791666666666666 0.06064814814814814
2 0.45078125 0.95234375 0.0953125 0.0953125
2 0.2850260416666667 0.5120370370370371 0.04817708333333333 0.06157407407407407
2 0.378125 0.48292824074074076 0.05625 0.08148148148148147
2 0.4733072916666667 0.21064814814814814 0.04036458333333333 0.046296296296296294
2 0.4360677083333333 0.2424189814814815 0.03463541666666666 0.03796296296296296
2 0.4470052083333333 0.33645833333333336 0.037760416666666664 0.05416666666666666
2 0.483203125 0.35208333333333336 0.04765625 0.05416666666666666
2 0.3397135416666667 0.3741898148148148 0.04505208333333333 0.06712962962962962
2 0.54765625 0.35277777777777775 0.0546875 0.08055555555555555
2 0.5259114583333333 0.2425925925925926 0.03619791666666666 0.06018518518518519