0 0.965625 0.953125 0.065625 0.09375
3 0.8567708333333334 0.41527777777777775 0.07604166666666666 0.11805555555555555
0 0.7454427083333333 0.827662037037037 0.07838541666666667 0.13657407407407407
0 0.6809895833333333 0.8960648148148149 0.07135416666666666 0.12962962962962962
0 0.5390625 0.6284143518518518 0.0375 0.07870370370370369
0 0.6302083333333333 0.5005787037037037 0.057291666666666664 0.1074074074074074
0 0.4678385416666667 0.37222222222222223 0.038802083333333334 0.06944444444444445
0 0.5076822916666667 0.2825810185185185 0.03723958333333333 0.07453703703703704
0 0.6197916666666667 0.27222222222222225 0.03958333333333333 0.06944444444444445
0 0.7014322916666667 0.14097222222222222 0.059114583333333325 0.09444444444444444
0 0.28541666666666665 0.38622685185185185 0.04895833333333333 0.07870370370370369