0 0.9180989583333334 0.20891203703703703 0.03619791666666666 0.03657407407407407
0 0.98671875 0.4265625 0.0265625 0.078125
0 0.21197916666666666 0.9241319444444445 0.10833333333333332 0.15138888888888888
0 0.3358072916666667 0.9004050925925926 0.046614583333333334 0.08518518518518518
0 0.5240885416666667 0.8105324074074074 0.051302083333333325 0.08981481481481482
0 0.486328125 0.7136574074074075 0.03515625 0.052314814814814814
0 0.4 0.6121527777777778 0.040625 0.06805555555555555
0 0.23763020833333334 0.7068865740740741 0.031510416666666666 0.04814814814814815
0 0.22291666666666665 0.56875 0.03333333333333333 0.05
0 0.22825520833333335 0.4862268518518518 0.028385416666666663 0.0412037037037037
0 0.30143229166666663 0.4063657407407407 0.024739583333333332 0.043981481481481476
0 0.8516927083333334 0.22575231481481478 0.05963541666666666 0.06712962962962962
0 0.955078125 0.5117476851851852 0.04453125 0.10787037037037037