3 0.8893229166666666 0.140625 0.034895833333333334 0.05
0 0.54375 0.36105324074074074 0.04375 0.043981481481481476
0 0.4994791666666667 0.33796296296296297 0.05208333333333333 0.07592592592592592
3 0.703515625 0.3189814814814815 0.05390625 0.025462962962962958
3 0.64921875 0.37806712962962963 0.0515625 0.059259259259259255
3 0.7072916666666667 0.4677083333333333 0.07083333333333333 0.10416666666666666
3 0.7614583333333333 0.8352430555555556 0.06666666666666667 0.14861111111111108
3 0.5390625 0.41527777777777775 0.05 0.06805555555555555
3 0.28658854166666664 0.931423611111111 0.06692708333333333 0.08472222222222223
3 0.230078125 0.6036458333333333 0.03203125 0.07916666666666666
3 0.36471354166666664 0.10306712962962963 0.02317708333333333 0.02175925925925926
3 0.31484375 0.11533564814814815 0.0265625 0.033796296296296297