1 0.14479166666666665 0.9730324074074075 0.05833333333333333 0.052314814814814814
3 0.5194010416666667 0.583738425925926 0.03255208333333333 0.06435185185185185
3 0.60546875 0.43113425925925924 0.0328125 0.05601851851851851
2 0.6670572916666667 0.320775462962963 0.021614583333333333 0.038425925925925926
2 0.661328125 0.6818287037037037 0.02265625 0.04490740740740741
2 0.5350260416666667 0.6375578703703704 0.029427083333333333 0.053240740740740734
0 0.6096354166666667 0.15393518518518517 0.01927083333333333 0.045370370370370366
0 0.208203125 0.6982060185185185 0.03515625 0.04953703703703703
3 0.31315104166666663 0.1370949074074074 0.03255208333333333 0.03981481481481482
2 0.24322916666666666 0.678761574074074 0.02708333333333333 0.04814814814814815
0 0.08385416666666666 0.5407407407407407 0.02708333333333333 0.043981481481481476