0 0.870703125 0.672048611111111 0.02578125 0.034722222222222224
0 0.943359375 0.5673611111111111 0.02421875 0.034722222222222224
0 0.88203125 0.6018518518518519 0.0203125 0.0412037037037037
0 0.815625 0.625636574074074 0.01875 0.035648148148148144
0 0.6157552083333333 0.5982060185185185 0.025260416666666664 0.037037037037037035
0 0.694140625 0.6456597222222222 0.03515625 0.05694444444444444
0 0.560546875 0.8962962962962964 0.08984375 0.1550925925925926
0 0.38893229166666665 0.8703703703703705 0.04973958333333333 0.09074074074074073
0 0.4826822916666667 0.6038773148148148 0.05598958333333333 0.10462962962962963
0 0.4403645833333333 0.5990740740740741 0.03072916666666666 0.07314814814814814
0 0.3690104166666667 0.6310185185185185 0.07864583333333333 0.11203703703703702
0 0.304296875 0.631712962962963 0.05546875 0.08842592592592592
0 0.40390625 0.3470486111111111 0.0171875 0.034722222222222224
0 0.312890625 0.28315972222222224 0.02578125 0.04444444444444444
0 0.08098958333333332 0.38755787037037037 0.043229166666666666 0.06574074074074074
0 0.5063802083333333 0.4502314814814815 0.025260416666666664 0.03796296296296296
0 0.5799479166666667 0.4588541666666667 0.02239583333333333 0.04583333333333333
0 0.5317708333333333 0.5081597222222223 0.016666666666666666 0.04444444444444444