2 0.580078125 0.7223958333333333 0.02578125 0.035416666666666666
2 0.4935546875 0.60625 0.021484375 0.025
2 0.3837890625 0.7001736111111111 0.030078125 0.04097222222222222
2 0.4873046875 0.7769097222222222 0.027734375 0.04444444444444444
2 0.3140625 0.6319444444444444 0.021875 0.03263888888888889
2 0.622265625 0.7 0.01328125 0.03125
2 0.4021484375 0.5619791666666667 0.023046875 0.03333333333333333
2 0.3984375 0.6548611111111111 0.0375 0.05347222222222222
2 0.4453125 0.8111111111111111 0.025 0.034722222222222224
2 0.4357421875 0.7550347222222222 0.046484375 0.050694444444444445
2 0.381640625 0.5434027777777778 0.01953125 0.024305555555555556