2 0.6532552083333333 0.7667824074074074 0.05963541666666666 0.11481481481481481
2 0.18984375 0.9054398148148148 0.0609375 0.06712962962962962
2 0.7259114583333333 0.28692129629629626 0.04244791666666666 0.04259259259259259
2 0.6743489583333333 0.8165509259259259 0.07369791666666667 0.11435185185185184
2 0.22864583333333335 0.6984953703703705 0.06979166666666667 0.11574074074074074
2 0.45625 0.7786458333333333 0.03125 0.07916666666666666
2 0.22408854166666664 0.3897569444444445 0.02317708333333333 0.02638888888888889
2 0.5130208333333333 0.5555555555555556 0.04479166666666666 0.0611111111111111
2 0.2696614583333333 0.5579282407407408 0.05182291666666666 0.043981481481481476
2 0.6014322916666667 0.7034143518518519 0.052864583333333326 0.0912037037037037
2 0.16458333333333333 0.4747106481481482 0.04479166666666666 0.033796296296296297
1 0.5020833333333333 0.3625 0.10416666666666666 0.075
1 0.14765625 0.37760416666666663 0.0859375 0.05833333333333333
2 0.096875 0.6226851851851852 0.0375 0.045370370370370366
2 0.18528645833333332 0.6804398148148147 0.04869791666666666 0.10462962962962963