3 0.93828125 0.7540509259259259 0.0359375 0.07685185185185185
0 0.505078125 0.257349537037037 0.03515625 0.07407407407407407
3 0.783984375 0.8341435185185185 0.09296875 0.137037037037037
3 0.8125 0.9491319444444445 0.0625 0.10138888888888889
3 0.915625 0.95234375 0.065625 0.0953125
3 0.9356770833333334 0.27858796296296295 0.04635416666666666 0.050925925925925916
3 0.8889322916666667 0.21805555555555553 0.04973958333333333 0.0611111111111111
2 0.309765625 0.28402777777777777 0.06015625 0.06805555555555555
2 0.14947916666666666 0.3246527777777778 0.055208333333333325 0.05555555555555556
2 0.17083333333333334 0.26533564814814814 0.04791666666666666 0.08379629629629629
2 0.284375 0.5337384259259259 0.059375 0.06435185185185185
2 0.2638020833333333 0.38136574074074076 0.07447916666666667 0.043981481481481476
2 0.210546875 0.08292824074074075 0.06796875 0.043981481481481476
2 0.10924479166666665 0.2713541666666667 0.08098958333333332 0.05833333333333333
2 0.2850260416666667 0.9465277777777779 0.11380208333333333 0.10555555555555556
3 0.608984375 0.907986111111111 0.08984375 0.1472222222222222
3 0.81640625 0.7113425925925926 0.0390625 0.08518518518518518
3 0.7690104166666667 0.6820601851851852 0.056770833333333326 0.10787037037037037
3 0.4671875 0.7028356481481481 0.0875 0.13379629629629627
3 0.7013020833333333 0.5610532407407407 0.06822916666666666 0.09398148148148147
3 0.6856770833333333 0.4970486111111111 0.049479166666666664 0.04722222222222222
3 0.6350260416666667 0.4848958333333333 0.05755208333333332 0.06666666666666667
3 0.622265625 0.545138888888889 0.06640625 0.10277777777777777
3 0.5524739583333333 0.5196180555555555 0.07369791666666667 0.11111111111111112
3 0.5635416666666667 0.464525462962963 0.06145833333333332 0.050925925925925916
3 0.480859375 0.5275462962962962 0.06484375 0.09259259259259259
3 0.4024739583333333 0.5368055555555555 0.07682291666666666 0.11111111111111112
2 0.208203125 0.5481481481481482 0.06015625 0.08379629629629629
3 0.36979166666666663 0.38836805555555554 0.08333333333333333 0.11111111111111112
3 0.3204427083333333 0.4913194444444445 0.07213541666666666 0.07638888888888888
3 0.243359375 0.31556712962962963 0.06796875 0.08425925925925926
3 0.08072916666666666 0.13350694444444444 0.08333333333333333 0.10138888888888889
3 0.491796875 0.4422453703703703 0.08359375 0.07824074074074074
3 0.4723958333333333 0.32060185185185186 0.06979166666666667 0.0537037037037037
3 0.5305989583333333 0.35682870370370373 0.04244791666666666 0.0824074074074074
3 0.751171875 0.40405092592592595 0.03671875 0.07685185185185185
3 0.6734375 0.33912037037037035 0.053125 0.11574074074074074
3 0.6260416666666667 0.3968171296296296 0.04583333333333333 0.08425925925925926
3 0.581640625 0.3770833333333333 0.04140625 0.05416666666666666
3 0.6186197916666667 0.19716435185185185 0.07161458333333333 0.1287037037037037
3 0.5529947916666667 0.04814814814814815 0.05598958333333333 0.08379629629629629
3 0.523828125 0.11458333333333333 0.05390625 0.11666666666666665
3 0.4256510416666667 0.08478009259259259 0.051302083333333325 0.07268518518518519