1 0.55859375 0.8412615740740741 0.1140625 0.09814814814814814
2 0.97734375 0.8156828703703705 0.0453125 0.12824074074074074
2 0.8782552083333334 0.4267939814814815 0.05651041666666666 0.06296296296296296
2 0.8868489583333334 0.47141203703703705 0.045572916666666664 0.04907407407407407
2 0.88046875 0.5024884259259259 0.0453125 0.05185185185185185
2 0.7158854166666667 0.5287615740740741 0.06302083333333333 0.08564814814814814
2 0.5947916666666667 0.418287037037037 0.06458333333333333 0.08657407407407407
2 0.5971354166666667 0.5855902777777777 0.04739583333333333 0.08055555555555555
2 0.55546875 0.6247685185185186 0.0515625 0.08703703703703704
2 0.68359375 0.6605902777777778 0.0703125 0.10555555555555556
2 0.7524739583333333 0.6476273148148148 0.05807291666666666 0.06712962962962962
2 0.8442708333333334 0.7940972222222222 0.07291666666666666 0.09444444444444444
2 0.7872395833333333 0.857349537037037 0.08072916666666666 0.09907407407407406
2 0.5802083333333333 0.9327546296296296 0.08854166666666666 0.13425925925925924
2 0.4438802083333333 0.9034722222222221 0.07213541666666666 0.13194444444444445
2 0.4260416666666667 0.5075231481481481 0.03645833333333333 0.046296296296296294
2 0.8578125 0.2398726851851852 0.034375 0.05787037037037037
2 0.6920572916666667 0.28587962962962965 0.03411458333333333 0.04675925925925926
2 0.726953125 0.2728009259259259 0.03828125 0.05185185185185185
2 0.3126302083333333 0.4994212962962963 0.04401041666666666 0.06759259259259259
2 0.35260416666666666 0.45092592592592595 0.03958333333333333 0.06435185185185185
2 0.20130208333333335 0.44652777777777775 0.049479166666666664 0.06805555555555555
2 0.08125 0.5912615740740741 0.04375 0.06064814814814814
2 0.03515625 0.7765046296296296 0.0609375 0.08425925925925926
2 0.11692708333333332 0.6449652777777778 0.05260416666666666 0.08055555555555555
2 0.13372395833333334 0.3879050925925926 0.04244791666666666 0.07268518518518519