2 0.8966145833333334 0.3982060185185185 0.06197916666666666 0.062037037037037036
2 0.7358072916666667 0.5611689814814815 0.17161458333333332 0.25046296296296294
2 0.45078125 0.5183449074074075 0.0921875 0.15231481481481482
2 0.408984375 0.8400462962962962 0.13359375 0.25509259259259254
2 0.8458333333333334 0.6606481481481481 0.11666666666666665 0.13379629629629627
2 0.915625 0.875 0.16875 0.246875
2 0.5973958333333333 0.19322916666666667 0.03229166666666666 0.04583333333333333
2 0.5529947916666667 0.2308449074074074 0.04973958333333333 0.08981481481481482
2 0.6337239583333333 0.191724537037037 0.03619791666666666 0.03657407407407407
2 0.5083333333333333 0.2028935185185185 0.051041666666666666 0.07453703703703704
2 0.640234375 0.06412037037037037 0.05234375 0.06574074074074074
2 0.6048177083333333 0.13396990740740738 0.08151041666666667 0.10231481481481482
2 0.407421875 0.28206018518518516 0.06171875 0.08287037037037036
2 0.225 0.2987268518518519 0.0625 0.07870370370370369
2 0.137890625 0.4052662037037037 0.07265625 0.1074074074074074
2 0.24192708333333335 0.17864583333333334 0.04635416666666666 0.05416666666666666