2 0.8958333333333334 0.5880208333333333 0.057291666666666664 0.09166666666666666
2 0.8419270833333334 0.5569444444444445 0.05260416666666666 0.06388888888888888
2 0.4045572916666667 0.5678819444444445 0.052864583333333326 0.06388888888888888
2 0.5546875 0.7505208333333333 0.05 0.07916666666666666
2 0.521484375 0.8076388888888889 0.06796875 0.11527777777777777
1 0.654296875 0.590625 0.04296875 0.0625
2 0.71171875 0.7335069444444444 0.0515625 0.08888888888888888
2 0.6654947916666667 0.7412037037037037 0.03723958333333333 0.05740740740740741
2 0.53984375 0.43148148148148147 0.0421875 0.050462962962962966
2 0.5325520833333333 0.5125 0.04010416666666666 0.05
2 0.571484375 0.5546875 0.04296875 0.0625
2 0.9243489583333334 0.5028356481481482 0.04869791666666666 0.05879629629629629
2 0.9015625 0.4471643518518518 0.05 0.0662037037037037
3 0.803125 0.41232638888888895 0.0625 0.07777777777777777
2 0.5015625 0.3024884259259259 0.028125 0.039351851851851846
2 0.4936197916666667 0.36822916666666666 0.03411458333333333 0.03333333333333333
2 0.4822916666666667 0.41730324074074077 0.03020833333333333 0.03148148148148148
2 0.4713541666666667 0.6522569444444445 0.04583333333333333 0.06388888888888888
2 0.5954427083333333 0.6634837962962963 0.053385416666666664 0.08009259259259259
2 0.840234375 0.5555555555555556 0.04921875 0.0611111111111111
2 0.8571614583333333 0.12725694444444444 0.03619791666666666 0.05138888888888889
2 0.34856770833333334 0.46608796296296295 0.03463541666666666 0.050925925925925916
2 0.319921875 0.6177662037037037 0.04921875 0.0699074074074074
3 0.287109375 0.4590856481481482 0.07109375 0.07129629629629629
2 0.273046875 0.3347800925925926 0.03359375 0.04768518518518518
2 0.2947916666666667 0.32609953703703703 0.02395833333333333 0.04907407407407407
2 0.33151041666666664 0.37042824074074077 0.02239583333333333 0.043981481481481476
2 0.217578125 0.5178819444444445 0.04140625 0.06388888888888888
2 0.16276041666666669 0.446412037037037 0.028645833333333332 0.03657407407407407
2 0.049479166666666664 0.48946759259259254 0.03645833333333333 0.04768518518518518
2 0.16848958333333333 0.6532407407407408 0.05260416666666666 0.06898148148148148