2 0.7622395833333333 0.30625 0.04635416666666666 0.0625
2 0.518359375 0.677662037037037 0.03984375 0.07407407407407407
2 0.5052083333333333 0.5505208333333333 0.03854166666666666 0.05416666666666666
2 0.7227864583333333 0.5829861111111111 0.039322916666666666 0.07222222222222222
2 0.50703125 0.9375578703703704 0.0703125 0.10324074074074074
1 0.975 0.75546875 0.05 0.0984375
2 0.96640625 0.577025462962963 0.0390625 0.06342592592592591
3 0.051302083333333325 0.8199652777777778 0.08072916666666666 0.09305555555555554
2 0.36588541666666663 0.5575810185185185 0.05052083333333333 0.062037037037037036
2 0.39453125 0.5108217592592592 0.0296875 0.04351851851851852
2 0.4473958333333333 0.4411458333333333 0.029166666666666664 0.05416666666666666