3 0.4427734375 0.7147569444444445 0.044921875 0.057638888888888885
3 0.1169921875 0.7083333333333333 0.049609375 0.07291666666666666
3 0.2314453125 0.5493055555555555 0.044140625 0.04861111111111111
2 0.0978515625 0.5321180555555556 0.030078125 0.02986111111111111
2 0.115625 0.5560763888888889 0.0375 0.034027777777777775
2 0.0708984375 0.5487847222222222 0.038671875 0.04444444444444444
2 0.130859375 0.8590277777777778 0.04296875 0.049305555555555554
2 0.6736328125 0.617013888888889 0.034765625 0.034027777777777775
2 0.6419921875 0.6836805555555555 0.043359375 0.04861111111111111
2 0.5494140625 0.6758680555555555 0.042578125 0.03611111111111111
2 0.4556640625 0.7793402777777778 0.042578125 0.043055555555555555
2 0.4943359375 0.7333333333333333 0.035546875 0.041666666666666664
2 0.3783203125 0.6944444444444444 0.034765625 0.03263888888888889
2 0.3396484375 0.7401041666666667 0.038671875 0.03333333333333333
2 0.3431640625 0.7935763888888889 0.036328125 0.04652777777777777
2 0.4392578125 0.8210069444444444 0.041015625 0.04513888888888888
2 0.3779296875 0.8614583333333334 0.046484375 0.04791666666666666
2 0.02890625 0.9175347222222221 0.0390625 0.050694444444444445
3 0.2443359375 0.7255208333333333 0.051171875 0.05416666666666666
2 0.28359375 0.6953125 0.0390625 0.04375
2 0.2630859375 0.8019097222222221 0.038671875 0.04444444444444444
2 0.215234375 0.8590277777777778 0.04609375 0.043055555555555555
2 0.066796875 0.8340277777777778 0.03984375 0.043055555555555555
2 0.3384765625 0.7147569444444445 0.036328125 0.02638888888888889
3 0.2041015625 0.8164930555555555 0.061328125 0.04236111111111111
2 0.5568359375 0.7017361111111111 0.032421875 0.02222222222222222
2 0.536328125 0.7416666666666667 0.03203125 0.05208333333333333
2 0.4544921875 0.5793402777777777 0.033984375 0.03055555555555555
2 0.0421875 0.7626736111111111 0.0375 0.04097222222222222
2 0.103125 0.7661458333333333 0.04375 0.035416666666666666
2 0.4025390625 0.6328125 0.042578125 0.05
3 0.17109375 0.7354166666666667 0.0328125 0.03958333333333333
3 0.987109375 0.7085069444444445 0.02421875 0.057638888888888885
2 0.9712890625 0.6677083333333333 0.045703125 0.05416666666666666
2 0.73359375 0.5083333333333333 0.0421875 0.041666666666666664
2 0.7205078125 0.5847222222222223 0.050390625 0.050694444444444445