2 0.979296875 0.2626736111111111 0.03984375 0.09722222222222222
2 0.5852864583333333 0.22621527777777778 0.04244791666666666 0.05555555555555556
2 0.5411458333333333 0.21753472222222223 0.05416666666666666 0.04444444444444444
2 0.7501302083333333 0.522974537037037 0.06901041666666666 0.07407407407407407
2 0.70390625 0.7142939814814815 0.0828125 0.12546296296296294
2 0.6033854166666667 0.5837962962962963 0.04427083333333333 0.08009259259259259
2 0.30325520833333336 0.6667824074074075 0.08151041666666667 0.10231481481481482
2 0.1953125 0.6361111111111111 0.05 0.08472222222222223
3 0.38671875 0.4445601851851852 0.0953125 0.10787037037037037
3 0.4677083333333333 0.3332175925925926 0.09791666666666667 0.09768518518518518
2 0.18932291666666667 0.5043981481481482 0.04427083333333333 0.046296296296296294
2 0.4934895833333333 0.4144675925925926 0.04010416666666666 0.06018518518518519
2 0.48984375 0.8393518518518519 0.0296875 0.0537037037037037