2 0.52734375 0.9822916666666666 0.0640625 0.03333333333333333
2 0.480859375 0.8903356481481481 0.06796875 0.14629629629629629
2 0.6623697916666667 0.881712962962963 0.06848958333333333 0.1384259259259259
2 0.6354166666666667 0.7632523148148148 0.08020833333333333 0.12962962962962962
2 0.6286458333333333 0.611574074074074 0.06354166666666666 0.09814814814814814
2 0.59453125 0.6526620370370371 0.0609375 0.09907407407407406
2 0.5234375 0.6756944444444445 0.06875 0.11388888888888889
2 0.4440104166666667 0.8266782407407407 0.056770833333333326 0.10648148148148147
2 0.39713541666666663 0.795775462962963 0.05989583333333333 0.11342592592592593
3 0.945703125 0.3589699074074074 0.09140625 0.1398148148148148
2 0.842578125 0.9788773148148149 0.06328125 0.04212962962962963
2 0.7985677083333333 0.9100694444444445 0.06901041666666666 0.08888888888888888
2 0.7729166666666667 0.38657407407407407 0.04895833333333333 0.07314814814814814
2 0.6899739583333333 0.346875 0.054947916666666666 0.0625
2 0.53203125 0.32083333333333336 0.0515625 0.05416666666666666
2 0.5450520833333333 0.3607060185185185 0.043229166666666666 0.04953703703703703
2 0.595703125 0.3592592592592593 0.03828125 0.05601851851851851
2 0.4182291666666667 0.2849537037037037 0.05208333333333333 0.0699074074074074
2 0.4118489583333333 0.35619212962962965 0.045572916666666664 0.059259259259259255
2 0.81171875 0.5142939814814815 0.0640625 0.08796296296296295
2 0.8588541666666666 0.39328703703703705 0.04583333333333333 0.07407407407407407
2 0.8703125 0.5269097222222222 0.05 0.08194444444444444
2 0.8440104166666667 0.5971643518518518 0.04427083333333333 0.0662037037037037
2 0.8063802083333333 0.2894097222222222 0.03463541666666666 0.05694444444444444
2 0.680859375 0.4731481481481482 0.05234375 0.05879629629629629
2 0.62890625 0.48136574074074073 0.0515625 0.06898148148148148
2 0.5795572916666667 0.477199074074074 0.04973958333333333 0.08564814814814814
2 0.607421875 0.5482060185185185 0.03359375 0.062037037037037036
2 0.537109375 0.4100694444444445 0.03984375 0.06388888888888888
2 0.7997395833333333 0.6754050925925925 0.07760416666666667 0.11018518518518519
2 0.27682291666666664 0.4322916666666667 0.05364583333333332 0.07083333333333333
2 0.2989583333333333 0.37256944444444445 0.04791666666666666 0.06388888888888888
2 0.345703125 0.37962962962962965 0.04765625 0.07175925925925926
2 0.355859375 0.445949074074074 0.04921875 0.06064814814814814
2 0.38385416666666666 0.397974537037037 0.04895833333333333 0.06157407407407407
2 0.4442708333333333 0.45625 0.04791666666666666 0.075
2 0.49921875 0.5034143518518518 0.0484375 0.07870370370370369
2 0.526953125 0.5401041666666667 0.06328125 0.09583333333333333
2 0.27513020833333335 0.5293402777777778 0.04401041666666666 0.06805555555555555
2 0.3809895833333333 0.5425925925925925 0.05572916666666666 0.08518518518518518
2 0.656640625 0.9488425925925925 0.05703125 0.07268518518518519
2 0.4037760416666667 0.4734375 0.03255208333333333 0.05
2 0.37552083333333336 0.27042824074074073 0.041666666666666664 0.043981481481481476
2 0.345703125 0.2960069444444445 0.04140625 0.05138888888888889
2 0.4555989583333333 0.3475694444444445 0.054947916666666666 0.05138888888888889
2 0.4424479166666667 0.384375 0.04427083333333333 0.05
2 0.062890625 0.3574074074074074 0.05703125 0.07731481481481481
2 0.639453125 0.1951388888888889 0.05078125 0.05277777777777778
2 0.8178385416666666 0.16840277777777776 0.04192708333333333 0.05555555555555556
2 0.8076822916666666 0.0667824074074074 0.02786458333333333 0.03981481481481482
2 0.7677083333333333 0.12100694444444444 0.029166666666666664 0.05138888888888889
2 0.7282552083333333 0.10763888888888888 0.03463541666666666 0.04027777777777777
2 0.68359375 0.10289351851851851 0.0296875 0.037037037037037035
2 0.628125 0.13773148148148148 0.0375 0.050462962962962966
2 0.5485677083333333 0.10439814814814814 0.04088541666666666 0.046296296296296294
2 0.4177083333333333 0.09375 0.03854166666666666 0.05
2 0.34205729166666665 0.21140046296296297 0.03411458333333333 0.050925925925925916
2 0.433984375 0.20526620370370371 0.03359375 0.04490740740740741
2 0.7076822916666667 0.1876736111111111 0.04036458333333333 0.05972222222222222
2 0.98828125 0.684375 0.0234375 0.084375
2 0.0453125 0.4854166666666667 0.0625 0.07083333333333333
2 0.1140625 0.30983796296296295 0.046875 0.06342592592592591
2 0.203515625 0.3372685185185185 0.04765625 0.062037037037037036
2 0.191796875 0.25949074074074074 0.03359375 0.06898148148148148
2 0.15377604166666664 0.4859375 0.051302083333333325 0.075
2 0.079296875 0.6121527777777778 0.06171875 0.09305555555555554
2 0.017057291666666665 0.685474537037037 0.03411458333333333 0.09907407407407406