2 0.530859375 0.9605324074074074 0.05546875 0.07731481481481481
2 0.6041666666666667 0.8152777777777779 0.05208333333333333 0.10555555555555556
2 0.797265625 0.8504050925925926 0.06953125 0.12268518518518519
2 0.8955729166666666 0.8101851851851851 0.07552083333333333 0.10787037037037037
2 0.9569010416666666 0.5707175925925926 0.06380208333333333 0.09768518518518518
2 0.6977864583333333 0.7232060185185185 0.05807291666666666 0.08703703703703704
2 0.7220052083333333 0.6560185185185186 0.047135416666666666 0.07453703703703704
2 0.6919270833333333 0.5923032407407407 0.058854166666666666 0.09398148148148147
3 0.508984375 0.6289930555555555 0.05234375 0.09861111111111111
2 0.27955729166666665 0.6092592592592593 0.03098958333333333 0.04351851851851852
2 0.8602864583333334 0.45978009259259256 0.045572916666666664 0.07268518518518519
2 0.74375 0.3380208333333333 0.0375 0.05416666666666666
2 0.903515625 0.3471064814814815 0.03828125 0.050462962962962966