3 0.19375 0.7793402777777778 0.040625 0.05555555555555556
3 0.365625 0.7842013888888889 0.03125 0.04027777777777777
3 0.2890625 0.6567708333333333 0.0375 0.04791666666666666
3 0.3603515625 0.6057291666666667 0.036328125 0.04583333333333333
3 0.693359375 0.8338541666666666 0.03359375 0.05208333333333333
3 0.566796875 0.6510416666666667 0.02421875 0.03958333333333333
2 0.7568359375 0.86875 0.019921875 0.025
2 0.591015625 0.6760416666666667 0.02578125 0.03333333333333333
2 0.6671875 0.721875 0.021875 0.03125
2 0.4548828125 0.5923611111111111 0.025390625 0.034722222222222224
2 0.4091796875 0.5840277777777778 0.027734375 0.03680555555555555
2 0.5298828125 0.6378472222222222 0.025390625 0.025694444444444443
2 0.4322265625 0.6333333333333333 0.020703125 0.035416666666666666
2 0.4572265625 0.6651041666666667 0.020703125 0.02708333333333333
2 0.4845703125 0.6763888888888889 0.019140625 0.034027777777777775
2 0.4193359375 0.6755208333333333 0.023046875 0.041666666666666664
2 0.3197265625 0.638888888888889 0.026953125 0.034027777777777775
2 0.2716796875 0.5427083333333333 0.018359375 0.029166666666666664
2 0.2470703125 0.5404513888888889 0.025390625 0.034027777777777775
2 0.206640625 0.8934027777777779 0.03203125 0.05555555555555556
2 0.5251953125 0.8083333333333333 0.025390625 0.029166666666666664
2 0.4798828125 0.8036458333333334 0.025390625 0.035416666666666666
2 0.462109375 0.7809027777777777 0.02421875 0.03680555555555555
2 0.487890625 0.8529513888888889 0.03203125 0.04027777777777777
2 0.4017578125 0.7600694444444445 0.025390625 0.03888888888888888
2 0.351953125 0.6796875 0.02578125 0.03125
2 0.7833984375 0.9868055555555555 0.023046875 0.02361111111111111
2 0.4580078125 0.6175347222222223 0.028515625 0.03194444444444444
2 0.43984375 0.6178819444444444 0.0203125 0.020138888888888887
3 0.435546875 0.7227430555555555 0.03671875 0.04861111111111111
3 0.37578125 0.37621527777777775 0.0234375 0.03680555555555555
2 0.26484375 0.2986111111111111 0.0234375 0.02847222222222222
2 0.2673828125 0.3909722222222222 0.019140625 0.025694444444444443
2 0.26015625 0.35746527777777776 0.0234375 0.03055555555555555
2 0.311328125 0.4607638888888889 0.02265625 0.021527777777777778