3 0.087109375 0.6826967592592592 0.06171875 0.11851851851851851
1 0.23958333333333334 0.4229166666666667 0.07291666666666666 0.07083333333333333
3 0.4209635416666667 0.1052662037037037 0.04192708333333333 0.09490740740740741
3 0.5161458333333333 0.14704861111111112 0.06666666666666667 0.09722222222222222
3 0.9559895833333334 0.21846064814814814 0.08072916666666666 0.046296296296296294
3 0.7481770833333333 0.4293981481481482 0.07447916666666667 0.0962962962962963
3 0.6684895833333333 0.40399305555555554 0.058854166666666666 0.0611111111111111
3 0.36432291666666666 0.5544560185185186 0.05052083333333333 0.062037037037037036
2 0.4518229166666667 0.5133680555555555 0.04114583333333333 0.0736111111111111
2 0.4135416666666667 0.637962962962963 0.04895833333333333 0.07592592592592592
2 0.516015625 0.7386574074074075 0.06328125 0.10231481481481482
2 0.8782552083333334 0.7306134259259259 0.08151041666666667 0.08935185185185185
3 0.85234375 0.42488425925925927 0.0828125 0.0685185185185185