0 0.33372395833333335 0.27569444444444446 0.045572916666666664 0.06388888888888888
2 0.6830729166666667 0.5975115740740741 0.056770833333333326 0.06064814814814814
3 0.5858072916666667 0.9861689814814815 0.024739583333333332 0.025462962962962958
3 0.41640625 0.8986689814814814 0.0921875 0.17546296296296296
3 0.3458333333333333 0.9818865740740741 0.04479166666666666 0.035648148148148144
3 0.24075520833333336 0.96875 0.07526041666666666 0.0625
3 0.14921875 0.9109375 0.1421875 0.178125
3 0.238671875 0.6853587962962963 0.08359375 0.10509259259259258
3 0.295703125 0.7773148148148148 0.06640625 0.14212962962962963
3 0.36393229166666663 0.6130208333333333 0.11223958333333332 0.20416666666666666
3 0.355859375 0.35734953703703703 0.09609375 0.17407407407407408
3 0.4649739583333333 0.27002314814814815 0.07682291666666666 0.12129629629629628
3 0.38919270833333336 0.24583333333333335 0.07213541666666666 0.06666666666666667
3 0.448828125 0.17766203703703703 0.06640625 0.08657407407407407
3 0.5255208333333333 0.10376157407407408 0.04791666666666666 0.04814814814814815
3 0.159765625 0.38310185185185186 0.11328125 0.1412037037037037
1 0.4326822916666667 0.5039351851851852 0.07786458333333332 0.24537037037037038