2 0.380859375 0.7036458333333333 0.02421875 0.029166666666666664
3 0.3869140625 0.8637152777777779 0.026953125 0.043055555555555555
2 0.5498046875 0.976736111111111 0.033984375 0.034722222222222224
2 0.51796875 0.9572916666666667 0.0296875 0.02708333333333333
2 0.40234375 0.6972222222222222 0.0234375 0.025694444444444443
2 0.4185546875 0.8567708333333334 0.021484375 0.035416666666666666
2 0.34921875 0.9657986111111111 0.0234375 0.034722222222222224
2 0.343359375 0.8831597222222222 0.02421875 0.03194444444444444
2 0.3208984375 0.9282986111111111 0.026171875 0.034722222222222224
2 0.28359375 0.8526041666666666 0.0265625 0.02708333333333333
2 0.2630859375 0.954861111111111 0.016796875 0.02222222222222222
2 0.424609375 0.7598958333333333 0.03046875 0.04791666666666666
3 0.7783203125 0.6628472222222223 0.037890625 0.050694444444444445
2 0.1306640625 0.8916666666666666 0.020703125 0.03333333333333333
2 0.204296875 0.875173611111111 0.02421875 0.034722222222222224
2 0.1064453125 0.8602430555555556 0.022265625 0.02986111111111111
3 0.1736328125 0.8909722222222222 0.025390625 0.03194444444444444
3 0.1634765625 0.8463541666666666 0.033203125 0.03958333333333333