0 0.842578125 0.9655092592592591 0.04453125 0.0685185185185185
0 0.8028645833333334 0.9723958333333333 0.03697916666666666 0.05416666666666666
0 0.739453125 0.8396990740740741 0.02890625 0.06064814814814814
0 0.734375 0.7098958333333333 0.025 0.06666666666666667
0 0.701171875 0.6594328703703703 0.03046875 0.04074074074074074
3 0.5528645833333333 0.5940972222222223 0.03697916666666666 0.04444444444444444
0 0.614453125 0.6749421296296296 0.04140625 0.07175925925925926
0 0.4815104166666667 0.678761574074074 0.034895833333333334 0.06064814814814814
0 0.353125 0.9476273148148149 0.05 0.06712962962962962
0 0.4095052083333333 0.6164930555555556 0.047135416666666666 0.0736111111111111
3 0.23463541666666665 0.4315393518518518 0.028645833333333332 0.0412037037037037