3 0.22252604166666665 0.23802083333333335 0.051302083333333325 0.06666666666666667
3 0.197265625 0.8755208333333334 0.04453125 0.07916666666666666
3 0.269921875 0.9480324074074075 0.05859375 0.10231481481481482
3 0.37174479166666663 0.9652777777777779 0.052864583333333326 0.06805555555555555
3 0.5446614583333333 0.6125578703703703 0.045572916666666664 0.07824074074074074
3 0.9268229166666666 0.28269675925925924 0.03177083333333333 0.08101851851851852
0 0.5315104166666667 0.8101273148148149 0.056770833333333326 0.07962962962962963
0 0.8376302083333333 0.5793981481481482 0.04401041666666666 0.07129629629629629
0 0.27760416666666665 0.4469328703703703 0.04895833333333333 0.07824074074074074
0 0.402734375 0.15341435185185187 0.04609375 0.0912037037037037
0 0.5850260416666667 0.42430555555555555 0.02630208333333333 0.0736111111111111
0 0.6809895833333333 0.28443287037037035 0.04635416666666666 0.07824074074074074