0 0.17643229166666669 0.378125 0.04036458333333333 0.075
0 0.29244791666666664 0.5850694444444444 0.034895833333333334 0.07638888888888888
0 0.20325520833333335 0.2883101851851852 0.04088541666666666 0.05787037037037037
0 0.36263020833333337 0.08663194444444444 0.05026041666666666 0.07638888888888888
0 0.31966145833333337 0.1873263888888889 0.03619791666666666 0.06527777777777778
0 0.36979166666666663 0.31707175925925923 0.05208333333333333 0.08101851851851852
0 0.4740885416666667 0.5627893518518519 0.06380208333333333 0.1162037037037037
0 0.5096354166666667 0.4697337962962963 0.05989583333333333 0.08009259259259259
0 0.5024739583333333 0.7330439814814815 0.061197916666666664 0.11296296296296296
0 0.5891927083333333 0.5626157407407407 0.05026041666666666 0.10648148148148147
0 0.6373697916666667 0.6532407407407408 0.04973958333333333 0.10648148148148147
0 0.6544270833333333 0.5072337962962963 0.043229166666666666 0.09259259259259259
3 0.51328125 0.20931712962962962 0.0515625 0.07175925925925926