1 0.06184895833333333 0.776099537037037 0.12057291666666665 0.17407407407407408
2 0.5494791666666667 0.9396412037037036 0.10833333333333332 0.1199074074074074
2 0.76015625 0.4607060185185185 0.1140625 0.14953703703703702
2 0.8182291666666666 0.6328125 0.13020833333333331 0.1875
2 0.7061197916666667 0.6839699074074075 0.11848958333333333 0.18981481481481483
2 0.39947916666666666 0.9256365740740741 0.07395833333333332 0.14814814814814814
2 0.43984375 0.7892939814814814 0.0953125 0.17546296296296296
2 0.409375 0.5155671296296296 0.1125 0.17175925925925925
2 0.2609375 0.4210648148148148 0.071875 0.11712962962962963
2 0.97890625 0.9079282407407406 0.0421875 0.13148148148148148
2 0.5963541666666667 0.4992476851851852 0.05208333333333333 0.08287037037037036
2 0.290625 0.5731481481481481 0.071875 0.13379629629629627
1 0.7270833333333333 0.03142361111111111 0.09166666666666666 0.05972222222222222
2 0.72734375 0.2694444444444445 0.1046875 0.1638888888888889
2 0.04895833333333333 0.215162037037037 0.06041666666666666 0.08657407407407407
2 0.8505208333333334 0.039641203703703706 0.11041666666666665 0.0699074074074074