2 0.7521484375 0.7243055555555555 0.032421875 0.03611111111111111
3 0.9201171875 0.7168402777777778 0.037109375 0.043055555555555555
2 0.5412109375 0.9822916666666666 0.035546875 0.03333333333333333
2 0.5166015625 0.9732638888888889 0.033203125 0.04027777777777777
2 0.277734375 0.8927083333333334 0.03046875 0.035416666666666666
2 0.3041015625 0.9114583333333334 0.026953125 0.029166666666666664
2 0.3154296875 0.945138888888889 0.021484375 0.021527777777777778
2 0.2931640625 0.9402777777777779 0.026953125 0.03055555555555555
2 0.3296875 0.80625 0.025 0.03125
2 0.427734375 0.7616319444444445 0.02421875 0.02638888888888889
2 0.94609375 0.734375 0.0265625 0.03125
3 0.1330078125 0.9192708333333334 0.019140625 0.035416666666666666
2 0.102734375 0.9185763888888889 0.01484375 0.034027777777777775
2 0.12734375 0.9598958333333334 0.0265625 0.035416666666666666
2 0.548828125 0.5199652777777778 0.02265625 0.03055555555555555
2 0.162890625 0.8996527777777779 0.02890625 0.03055555555555555
2 0.2013671875 0.9302083333333334 0.030859375 0.029166666666666664