2 0.9338541666666667 0.6076967592592593 0.03645833333333333 0.0685185185185185
2 0.653515625 0.6807291666666667 0.03203125 0.05833333333333333
2 0.7087239583333333 0.5880208333333333 0.03619791666666666 0.06666666666666667
2 0.8153645833333334 0.6089699074074074 0.03697916666666666 0.06481481481481481
2 0.7861979166666667 0.718113425925926 0.034895833333333334 0.07685185185185185
2 0.8221354166666666 0.7216435185185185 0.034895833333333334 0.062037037037037036
2 0.92578125 0.7949652777777778 0.0453125 0.08055555555555555
2 0.7890625 0.9361689814814815 0.04375 0.08796296296296295
2 0.6393229166666667 0.729224537037037 0.025520833333333333 0.04907407407407407
2 0.39361979166666666 0.8485532407407407 0.03411458333333333 0.05648148148148148
2 0.4197916666666667 0.7528935185185185 0.03333333333333333 0.062037037037037036
2 0.4630208333333333 0.6521990740740741 0.029166666666666664 0.06064814814814814
2 0.95078125 0.5329282407407407 0.0359375 0.06898148148148148
2 0.13359375 0.3679398148148148 0.0265625 0.04212962962962963