1 0.532421875 0.3076388888888889 0.09296875 0.15277777777777776
1 0.4791666666666667 0.3458333333333333 0.12395833333333332 0.15416666666666665
1 0.49296875 0.712673611111111 0.1703125 0.2847222222222222
3 0.23346354166666666 0.6146412037037037 0.14505208333333333 0.1824074074074074
2 0.23359375 0.4447337962962963 0.0296875 0.08009259259259259
2 0.5856770833333333 0.33894675925925927 0.033854166666666664 0.04351851851851852
2 0.209375 0.8522569444444444 0.0375 0.05138888888888889
2 0.31106770833333336 0.8152199074074075 0.07213541666666666 0.06481481481481481
2 0.5768229166666667 0.6718171296296296 0.028645833333333332 0.04675925925925926
2 0.30104166666666665 0.30538194444444444 0.08645833333333333 0.12638888888888888
2 0.3084635416666667 0.37644675925925924 0.02630208333333333 0.04351851851851852