0 0.089599609375 0.7408854166666667 0.02294921875 0.028645833333333336
2 0.120556640625 0.7754557291666667 0.03173828125 0.022786458333333336
2 0.09990234375 0.7564453125 0.0341796875 0.025390625
3 0.327783203125 0.9595703125 0.08056640625 0.056640625
3 0.0439453125 0.8039713541666667 0.041015625 0.026692708333333336
3 0.134423828125 0.8388020833333334 0.05322265625 0.04947916666666667
2 0.0291015625 0.751953125 0.033203125 0.01953125
2 0.025 0.7806640625 0.03125 0.017578125
3 0.030078125 0.7246744791666667 0.03515625 0.030598958333333336
3 0.0671875 0.732421875 0.03125 0.02734375
0 0.375048828125 0.7252604166666667 0.03759765625 0.07552083333333334
2 0.2708984375 0.7802734375 0.029296875 0.029296875
2 0.09345703125 0.7061848958333333 0.0244140625 0.027994791666666668