3 0.524609375 0.6688657407407408 0.07421875 0.08148148148148147
2 0.09401041666666667 0.867650462962963 0.18489583333333331 0.2634259259259259
3 0.17682291666666666 0.45480324074074074 0.11302083333333332 0.10648148148148147
3 0.363671875 0.5930555555555556 0.10234375 0.08611111111111111
2 0.27981770833333336 0.6549768518518518 0.05651041666666666 0.0412037037037037
2 0.04544270833333333 0.44728009259259255 0.053385416666666664 0.07268518518518519
2 0.4345052083333333 0.6126736111111111 0.025260416666666664 0.02222222222222222
2 0.421875 0.592824074074074 0.034375 0.023148148148148147
2 0.322265625 0.7508680555555556 0.05390625 0.04861111111111111
2 0.30638020833333335 0.705150462962963 0.037760416666666664 0.025925925925925925
2 0.405078125 0.7200810185185185 0.04453125 0.024537037037037034
2 0.475390625 0.923611111111111 0.08828125 0.08472222222222223