2 0.5796875 0.6973958333333333 0.0375 0.05416666666666666
2 0.4540364583333333 0.7145833333333333 0.03619791666666666 0.06666666666666667
2 0.4815104166666667 0.679861111111111 0.034895833333333334 0.04722222222222222
2 0.601953125 0.8052083333333334 0.04453125 0.07916666666666666
2 0.785546875 0.9175925925925925 0.07109375 0.11018518518518519
2 0.5489583333333333 0.609201388888889 0.035416666666666666 0.06527777777777778
2 0.6109375 0.9751736111111111 0.05625 0.04722222222222222
2 0.6809895833333333 0.6853587962962963 0.04010416666666666 0.04259259259259259
2 0.09596354166666667 0.6451967592592592 0.038802083333333334 0.05601851851851851
2 0.4227864583333333 0.727199074074074 0.03619791666666666 0.06064814814814814
2 0.38307291666666665 0.7771990740740741 0.034895833333333334 0.06064814814814814
2 0.33984375 0.6108217592592593 0.0296875 0.04351851851851852
2 0.38385416666666666 0.48275462962962956 0.02708333333333333 0.04675925925925926
2 0.6022135416666667 0.5455439814814815 0.02630208333333333 0.050462962962962966
2 0.9592447916666667 0.5808449074074075 0.06848958333333333 0.10231481481481482
2 0.8524739583333334 0.45613425925925927 0.03619791666666666 0.0685185185185185