2 0.4811197916666667 0.3357060185185185 0.06223958333333333 0.08703703703703704
2 0.5091145833333333 0.43061342592592594 0.06510416666666666 0.08935185185185185
2 0.55390625 0.32256944444444446 0.0515625 0.06388888888888888
2 0.32786458333333335 0.342650462962963 0.058854166666666666 0.07592592592592592
2 0.27447916666666666 0.5342013888888889 0.055208333333333325 0.05277777777777778
2 0.13046875 0.49004629629629626 0.0703125 0.08009259259259259
2 0.36692708333333335 0.4697337962962963 0.058854166666666666 0.08009259259259259
2 0.4346354166666667 0.44699074074074074 0.056770833333333326 0.08148148148148147
2 0.4080729166666667 0.38848379629629626 0.04739583333333333 0.08009259259259259
2 0.4430989583333333 0.30324074074074076 0.04869791666666666 0.05648148148148148
2 0.25677083333333334 0.4973958333333333 0.057291666666666664 0.05416666666666666
2 0.168359375 0.6651041666666667 0.07421875 0.09583333333333333
2 0.8100260416666666 0.20677083333333335 0.04817708333333333 0.041666666666666664
2 0.5270833333333333 0.20023148148148148 0.035416666666666666 0.06296296296296296
2 0.4359375 0.1947337962962963 0.0375 0.04259259259259259
2 0.93203125 0.9366319444444444 0.1359375 0.12638888888888888
2 0.8296875 0.7548611111111111 0.1875 0.2722222222222222
2 0.9190104166666666 0.8267939814814815 0.09739583333333332 0.17546296296296296
2 0.9067708333333334 0.9054398148148148 0.10729166666666665 0.14212962962962963