3 0.858984375 0.5092013888888889 0.05859375 0.04027777777777777
3 0.8986979166666667 0.3272569444444445 0.05364583333333332 0.03888888888888888
3 0.762890625 0.5170717592592593 0.06640625 0.09351851851851851
2 0.6591145833333333 0.9344328703703704 0.07447916666666667 0.11574074074074074
2 0.4838541666666667 0.8405092592592591 0.06145833333333332 0.08101851851851852
2 0.4916666666666667 0.6684027777777778 0.04895833333333333 0.08055555555555555
3 0.4174479166666667 0.7236111111111111 0.06302083333333333 0.08472222222222223
3 0.38567708333333334 0.19409722222222223 0.058854166666666666 0.10694444444444444
3 0.492578125 0.24166666666666664 0.06953125 0.09583333333333333
2 0.24544270833333334 0.7987847222222222 0.05963541666666666 0.06944444444444445
1 0.14778645833333331 0.7276041666666667 0.045572916666666664 0.17083333333333334