3 0.15794270833333332 0.14010416666666664 0.053385416666666664 0.08333333333333333
3 0.08776041666666666 0.931886574074074 0.09114583333333333 0.13564814814814813
3 0.3786458333333333 0.9324074074074075 0.11666666666666665 0.12731481481481483
3 0.27864583333333337 0.939525462962963 0.09479166666666666 0.10092592592592593
3 0.4109375 0.8405092592592591 0.08125 0.1310185185185185
3 0.22552083333333334 0.8604166666666666 0.07291666666666666 0.13333333333333333
3 0.4946614583333333 0.9214699074074074 0.08932291666666667 0.15231481481481482
3 0.5571614583333333 0.7586805555555556 0.05807291666666666 0.08611111111111111
3 0.4303385416666667 0.6768518518518518 0.07630208333333333 0.1162037037037037
3 0.4322916666666667 0.49861111111111106 0.08020833333333333 0.13472222222222222
3 0.24114583333333334 0.47974537037037035 0.05416666666666666 0.09074074074074073