1 0.5420572916666667 0.36938657407407405 0.07786458333333332 0.23564814814814813
2 0.909765625 0.8436342592592592 0.11953125 0.1310185185185185
2 0.23736979166666666 0.44207175925925923 0.04973958333333333 0.04351851851851852
3 0.38971354166666666 0.850462962962963 0.05755208333333332 0.1384259259259259
3 0.4111979166666667 0.9637731481481481 0.05052083333333333 0.07129629629629629
3 0.33841145833333336 0.8679398148148149 0.07057291666666667 0.16712962962962963
3 0.14739583333333334 0.9327546296296296 0.06979166666666667 0.13425925925925924
3 0.109375 0.9361689814814815 0.0625 0.12546296296296294
3 0.10403645833333333 0.7110532407407407 0.06432291666666666 0.09398148148148147
3 0.18346354166666665 0.7240162037037037 0.05755208333333332 0.0824074074074074
3 0.328125 0.6895833333333333 0.084375 0.11666666666666665
3 0.209375 0.934375 0.071875 0.13125
3 0.38111979166666665 0.6364583333333333 0.04973958333333333 0.15416666666666665
3 0.4533854166666667 0.4086226851851852 0.056770833333333326 0.14537037037037037
3 0.4108072916666667 0.425 0.052864583333333326 0.0625
3 0.34817708333333336 0.42795138888888895 0.04635416666666666 0.05277777777777778
3 0.33919270833333337 0.525636574074074 0.047135416666666666 0.04814814814814815
3 0.3966145833333333 0.5313078703703703 0.049479166666666664 0.07824074074074074
3 0.332421875 0.5802662037037037 0.06171875 0.0824074074074074
3 0.07005208333333332 0.609201388888889 0.10260416666666665 0.10277777777777777
3 0.153125 0.31417824074074074 0.06875 0.05648148148148148
3 0.4838541666666667 0.2129050925925926 0.055208333333333325 0.12268518518518519
3 0.5436197916666667 0.2263310185185185 0.08098958333333332 0.137037037037037
3 0.615625 0.14936342592592594 0.084375 0.07685185185185185
3 0.6841145833333333 0.20925925925925926 0.09635416666666666 0.1685185185185185
3 0.7153645833333333 0.08368055555555556 0.07135416666666666 0.11111111111111112
3 0.06627604166666666 0.4557291666666667 0.04817708333333333 0.05833333333333333
2 0.43671875 0.2866898148148148 0.0296875 0.029629629629629627
2 0.419140625 0.319849537037037 0.03515625 0.03657407407407407