2 0.29049479166666664 0.5646412037037037 0.021614583333333333 0.032407407407407406
2 0.29765625 0.538599537037037 0.0265625 0.024074074074074074
3 0.36471354166666664 0.47505787037037034 0.05442708333333333 0.06574074074074074
0 0.581640625 0.506712962962963 0.04765625 0.06342592592592591
2 0.9397135416666667 0.9415509259259259 0.07317708333333332 0.10185185185185183
2 0.8682291666666666 0.7766782407407408 0.06145833333333332 0.05648148148148148
2 0.7903645833333333 0.8027777777777778 0.06822916666666666 0.10555555555555556
2 0.6819010416666667 0.6778356481481482 0.04192708333333333 0.05879629629629629
2 0.7278645833333333 0.6048611111111111 0.05260416666666666 0.07222222222222222
2 0.616015625 0.49126157407407406 0.03515625 0.04814814814814815
2 0.696875 0.5124421296296295 0.0375 0.04675925925925926
2 0.6302083333333333 0.5592013888888889 0.035416666666666666 0.04027777777777777
2 0.6669270833333333 0.5621527777777777 0.03697916666666666 0.05555555555555556
2 0.663671875 0.5336226851851852 0.03046875 0.03287037037037037
2 0.6299479166666667 0.5299768518518518 0.03177083333333333 0.028703703703703703
2 0.59609375 0.6465277777777778 0.0515625 0.03055555555555555
2 0.521875 0.6750578703703703 0.04375 0.053240740740740734
2 0.52421875 0.6362268518518518 0.0359375 0.0412037037037037
2 0.561328125 0.6697337962962963 0.03203125 0.04259259259259259
2 0.6240885416666667 0.735474537037037 0.051302083333333325 0.07407407407407407
2 0.719140625 0.7174768518518518 0.04765625 0.0662037037037037
2 0.6615885416666667 0.9307291666666666 0.051302083333333325 0.07083333333333333
2 0.7303385416666667 0.9702546296296296 0.05442708333333333 0.059259259259259255
2 0.9817708333333334 0.7480324074074074 0.035416666666666666 0.07731481481481481
2 0.4190104166666667 0.5153356481481481 0.03177083333333333 0.046296296296296294
2 0.3966145833333333 0.506712962962963 0.03072916666666666 0.025925925925925925
2 0.465234375 0.5068287037037037 0.03359375 0.032407407407407406
2 0.4704427083333333 0.4763888888888889 0.025260416666666664 0.04027777777777777
2 0.35104166666666664 0.602025462962963 0.03333333333333333 0.050925925925925916
2 0.35546875 0.6337962962962963 0.0390625 0.04259259259259259
2 0.5018229166666667 0.47488425925925926 0.03177083333333333 0.04351851851851852
2 0.96953125 0.5173032407407407 0.0484375 0.05648148148148148