3 0.8787760416666666 0.3383101851851852 0.051302083333333325 0.05787037037037037
3 0.3770833333333333 0.2146412037037037 0.03854166666666666 0.04490740740740741
0 0.5201822916666667 0.9333333333333333 0.06223958333333333 0.10416666666666666
0 0.5811197916666667 0.9718171296296296 0.046614583333333334 0.04675925925925926
0 0.5950520833333333 0.890162037037037 0.06822916666666666 0.11157407407407408
0 0.6 0.7846643518518518 0.046875 0.0912037037037037
0 0.6481770833333333 0.7924768518518518 0.049479166666666664 0.1037037037037037
0 0.7822916666666667 0.7597800925925926 0.042708333333333334 0.09768518518518518
0 0.4864583333333333 0.5407407407407407 0.041666666666666664 0.08148148148148147
0 0.5229166666666667 0.3785300925925926 0.03958333333333333 0.07268518518518519
0 0.4623697916666667 0.2853587962962963 0.04036458333333333 0.04259259259259259
0 0.4598958333333333 0.3462384259259259 0.051041666666666666 0.08935185185185185
0 0.30911458333333336 0.23292824074074076 0.043229166666666666 0.08148148148148147
0 0.19166666666666668 0.1830439814814815 0.042708333333333334 0.06296296296296296