2 0.9251302083333334 0.5035300925925925 0.031510416666666666 0.03518518518518519
0 0.6165364583333333 0.9352430555555555 0.045572916666666664 0.0736111111111111
3 0.4059895833333333 0.9697916666666666 0.033854166666666664 0.05833333333333333
3 0.4815104166666667 0.7372106481481482 0.05052083333333333 0.08379629629629629
3 0.4553385416666667 0.5883101851851852 0.04505208333333333 0.05787037037037037
3 0.6127604166666667 0.5666087962962962 0.03177083333333333 0.055092592592592596
3 0.6424479166666667 0.5326388888888889 0.03177083333333333 0.05277777777777778
3 0.7592447916666667 0.43107638888888894 0.03723958333333333 0.05277777777777778
3 0.9286458333333334 0.4370949074074074 0.04791666666666666 0.052314814814814814
1 0.8434895833333333 0.6152199074074074 0.05572916666666666 0.052314814814814814
2 0.4436197916666667 0.7737268518518519 0.024739583333333332 0.0412037037037037
2 0.5876302083333333 0.804224537037037 0.025260416666666664 0.03657407407407407
2 0.704296875 0.8747106481481481 0.03046875 0.046296296296296294
2 0.7548177083333333 0.8342592592592591 0.031510416666666666 0.05601851851851851
2 0.7783854166666667 0.849363425925926 0.025520833333333333 0.039351851851851846
2 0.81640625 0.8482060185185185 0.0296875 0.037037037037037035
2 0.7404947916666667 0.6815393518518518 0.02786458333333333 0.028703703703703703
2 0.746875 0.6605324074074075 0.028125 0.027314814814814813
2 0.8446614583333334 0.7587962962962963 0.03307291666666666 0.04259259259259259
2 0.7091145833333333 0.8396990740740741 0.027604166666666662 0.035648148148148144
2 0.784765625 0.6425347222222222 0.02578125 0.03194444444444444
2 0.873828125 0.9354166666666666 0.02578125 0.05833333333333333
2 0.8881510416666666 0.5215277777777778 0.029427083333333333 0.03055555555555555
2 0.9859375 0.7677083333333333 0.028125 0.041666666666666664