0 0.2694010416666667 0.3829282407407407 0.04817708333333333 0.08148148148148147
0 0.6748697916666667 0.04878472222222222 0.04973958333333333 0.08194444444444444
0 0.4916666666666667 0.23188657407407404 0.03958333333333333 0.06064814814814814
0 0.610546875 0.17685185185185187 0.03359375 0.07870370370370369
0 0.6328125 0.3726273148148148 0.05625 0.11712962962962963
0 0.45703125 0.3230324074074074 0.0390625 0.06481481481481481
0 0.5420572916666667 0.5556712962962963 0.03723958333333333 0.08009259259259259
0 0.7190104166666667 0.7206018518518518 0.07239583333333333 0.1287037037037037
0 0.7751302083333333 0.6353587962962963 0.07526041666666666 0.11759259259259258
0 0.7216145833333333 0.8825810185185186 0.07760416666666667 0.12453703703703703
0 0.9227864583333334 0.914699074074074 0.06744791666666666 0.12314814814814815
0 0.870703125 0.7831018518518518 0.06640625 0.1287037037037037
3 0.8450520833333334 0.2571759259259259 0.06822916666666666 0.10185185185185183