2 0.6559895833333333 0.7606481481481482 0.03697916666666666 0.046296296296296294
3 0.363671875 0.775462962962963 0.07421875 0.11342592592592593
3 0.29752604166666663 0.5697337962962963 0.038802083333333334 0.04259259259259259
3 0.4700520833333333 0.5546296296296296 0.05572916666666666 0.07175925925925926
3 0.444921875 0.44704861111111105 0.04296875 0.04722222222222222
3 0.6037760416666667 0.4287037037037037 0.029427083333333333 0.04490740740740741
1 0.5734375 0.8921296296296296 0.046875 0.13425925925925924
0 0.6014322916666667 0.7128472222222222 0.03723958333333333 0.05694444444444444
2 0.685546875 0.8616898148148149 0.04609375 0.06712962962962962
2 0.4286458333333333 0.5851851851851853 0.022916666666666665 0.03287037037037037
2 0.6861979166666667 0.8617476851851851 0.04114583333333333 0.05787037037037037
3 0.35104166666666664 0.5798032407407407 0.03645833333333333 0.05648148148148148
2 0.86171875 0.7754050925925926 0.0328125 0.04768518518518518
2 0.8125 0.7532407407407408 0.05 0.05648148148148148
3 0.75625 0.3145833333333333 0.03125 0.041666666666666664
3 0.9270833333333334 0.2954861111111111 0.051041666666666666 0.04722222222222222
1 0.8352864583333334 0.45081018518518523 0.061197916666666664 0.045370370370370366
2 0.8733072916666667 0.9278935185185185 0.05598958333333333 0.07453703703703704
2 0.7432291666666667 0.6344907407407407 0.03020833333333333 0.043981481481481476
2 0.76484375 0.6456018518518518 0.0203125 0.028703703703703703
2 0.7393229166666667 0.5000578703703703 0.025520833333333333 0.02824074074074074
2 0.7330729166666667 0.5175347222222222 0.03177083333333333 0.03194444444444444
2 0.8364583333333334 0.5733796296296296 0.029166666666666664 0.03425925925925925
2 0.9778645833333334 0.5494791666666667 0.03697916666666666 0.03333333333333333
2 0.9278645833333334 0.8308449074074075 0.04010416666666666 0.052314814814814814