3 0.694921875 0.9021412037037037 0.12734375 0.1949074074074074
2 0.5217447916666667 0.448900462962963 0.03723958333333333 0.050925925925925916
2 0.7583333333333333 0.2750578703703704 0.041666666666666664 0.06574074074074074
2 0.4087239583333333 0.4960648148148148 0.045572916666666664 0.06712962962962962
2 0.7678385416666667 0.45526620370370374 0.06380208333333333 0.09490740740740741
2 0.8795572916666666 0.4560763888888889 0.059114583333333325 0.09027777777777776
2 0.8990885416666666 0.3477430555555555 0.05442708333333333 0.0736111111111111
2 0.574609375 0.27575231481481477 0.04609375 0.06712962962962962
2 0.6236979166666667 0.15434027777777776 0.04427083333333333 0.05555555555555556
2 0.6205729166666667 0.07430555555555556 0.03177083333333333 0.04861111111111111
2 0.9795572916666666 0.12447916666666665 0.04036458333333333 0.07083333333333333
2 0.5235677083333333 0.20457175925925924 0.047135416666666666 0.05601851851851851
2 0.4924479166666667 0.25266203703703705 0.05052083333333333 0.07407407407407407
2 0.37864583333333335 0.5914930555555555 0.041666666666666664 0.0611111111111111
2 0.5247395833333333 0.5270833333333333 0.05260416666666666 0.06666666666666667
2 0.797265625 0.33576388888888886 0.03828125 0.06527777777777778
2 0.8415364583333333 0.34010416666666665 0.04869791666666666 0.05833333333333333
2 0.9647135416666666 0.9510416666666666 0.07005208333333332 0.09583333333333333