2 0.9087239583333334 0.12627314814814813 0.054947916666666666 0.05879629629629629
2 0.38971354166666666 0.3552662037037037 0.05442708333333333 0.05740740740740741
2 0.7626302083333333 0.3865162037037037 0.09088541666666666 0.09490740740740741
2 0.9216145833333333 0.31533564814814813 0.09010416666666667 0.08379629629629629
2 0.7516927083333333 0.2404513888888889 0.07213541666666666 0.05277777777777778
2 0.628515625 0.4960069444444445 0.04765625 0.05138888888888889
2 0.39986979166666664 0.3824074074074074 0.024739583333333332 0.03981481481481482
2 0.4220052083333333 0.3953125 0.03463541666666666 0.0375
2 0.462890625 0.5557291666666667 0.03203125 0.04583333333333333
2 0.6123697916666667 0.4213541666666667 0.03723958333333333 0.05833333333333333
2 0.8072916666666666 0.225 0.03020833333333333 0.0375
2 0.8430989583333334 0.2515046296296296 0.05182291666666666 0.059259259259259255
2 0.89765625 0.24791666666666665 0.0390625 0.03333333333333333
2 0.9611979166666667 0.15399305555555556 0.04114583333333333 0.04861111111111111
2 0.63515625 0.34930555555555554 0.0328125 0.02361111111111111
2 0.6963541666666667 0.321875 0.04583333333333333 0.0375