2 0.6490885416666667 0.6278356481481482 0.03255208333333333 0.05879629629629629
2 0.6485677083333333 0.6715277777777777 0.03463541666666666 0.06805555555555555
2 0.7087239583333333 0.727488425925926 0.05182291666666666 0.08935185185185185
2 0.5936197916666667 0.775462962962963 0.052864583333333326 0.07592592592592592
2 0.5951822916666667 0.6809027777777777 0.046614583333333334 0.05555555555555556
2 0.5690104166666667 0.6074074074074074 0.056770833333333326 0.06481481481481481
2 0.4235677083333333 0.6160300925925926 0.037760416666666664 0.06018518518518519
2 0.4123697916666667 0.6682870370370371 0.052864583333333326 0.07407407407407407
2 0.5115885416666667 0.7800925925925926 0.051302083333333325 0.06018518518518519
2 0.473046875 0.942650462962963 0.07109375 0.11342592592592593
2 0.6385416666666667 0.95625 0.07395833333333332 0.0875
2 0.7458333333333333 0.959664351851852 0.06979166666666667 0.07870370370370369
2 0.25807291666666665 0.5897569444444445 0.04427083333333333 0.07638888888888888
1 0.4055989583333333 0.9066550925925926 0.07057291666666667 0.11018518518518519
2 0.728515625 0.8237268518518519 0.05703125 0.07870370370370369
2 0.5138020833333333 0.4365162037037037 0.033854166666666664 0.04490740740740741
2 0.5822916666666667 0.41226851851851853 0.03020833333333333 0.037037037037037035
2 0.6057291666666667 0.4813078703703703 0.02395833333333333 0.04074074074074074
2 0.6303385416666667 0.47528935185185184 0.038802083333333334 0.0537037037037037
2 0.8002604166666666 0.2616319444444445 0.034895833333333334 0.03888888888888888
2 0.701953125 0.22204861111111113 0.03203125 0.034722222222222224