2 0.47109375 0.3633680555555555 0.0640625 0.08611111111111111
2 0.5305989583333333 0.14172453703703702 0.054947916666666666 0.06157407407407407
2 0.6859375 0.14728009259259262 0.065625 0.07268518518518519
2 0.8026041666666666 0.6050925925925925 0.05208333333333333 0.07268518518518519
2 0.9703125 0.65078125 0.059375 0.1609375
2 0.49765625 0.6356481481481481 0.0859375 0.13379629629629627
2 0.37838541666666664 0.6272569444444445 0.05989583333333333 0.08888888888888888
2 0.5256510416666667 0.20572916666666666 0.05442708333333333 0.05833333333333333
2 0.633984375 0.1839699074074074 0.03984375 0.03981481481481482
2 0.6826822916666667 0.2518518518518519 0.052864583333333326 0.0412037037037037
2 0.5858072916666667 0.2861111111111111 0.03411458333333333 0.034722222222222224
2 0.903515625 0.3999421296296296 0.05390625 0.07175925925925926
2 0.9678385416666666 0.41956018518518523 0.05442708333333333 0.05787037037037037
2 0.6080729166666667 0.5087962962962963 0.05364583333333332 0.055092592592592596
2 0.8427083333333334 0.5012152777777777 0.051041666666666666 0.043055555555555555
2 0.3904947916666667 0.14184027777777777 0.03723958333333333 0.043055555555555555
2 0.5375 0.96953125 0.0375 0.0609375
2 0.21614583333333334 0.22511574074074076 0.04479166666666666 0.05648148148148148
2 0.547265625 0.026157407407407407 0.04140625 0.03981481481481482