2 0.670703125 0.3882523148148148 0.06953125 0.06712962962962962
2 0.39231770833333335 0.445775462962963 0.05651041666666666 0.06342592592592591
2 0.5783854166666667 0.9322916666666666 0.09114583333333333 0.13333333333333333
2 0.8248697916666666 0.9465277777777779 0.09036458333333333 0.10555555555555556
2 0.76015625 0.788599537037037 0.0859375 0.12407407407407407
2 0.56328125 0.5378472222222223 0.0546875 0.06944444444444445
2 0.8580729166666666 0.45630787037037035 0.056770833333333326 0.06574074074074074
2 0.7260416666666667 0.5438657407407408 0.03958333333333333 0.043981481481481476
2 0.5131510416666667 0.6347222222222222 0.03567708333333333 0.04444444444444444
2 0.576953125 0.6446180555555555 0.02890625 0.03611111111111111
2 0.6514322916666667 0.6581018518518518 0.052864583333333326 0.0537037037037037
2 0.7381510416666667 0.448900462962963 0.03255208333333333 0.050925925925925916
2 0.6920572916666667 0.4638310185185185 0.06223958333333333 0.062037037037037036
2 0.11015625 0.46805555555555556 0.0546875 0.04861111111111111
2 0.9119791666666666 0.2185185185185185 0.042708333333333334 0.04953703703703703