2 0.5217447916666667 0.4648148148148148 0.05598958333333333 0.06712962962962962
2 0.73203125 0.6708333333333333 0.0890625 0.11666666666666665
2 0.549609375 0.8568287037037037 0.10546875 0.1449074074074074
2 0.801953125 0.8339699074074074 0.09765625 0.1398148148148148
2 0.6885416666666667 0.45034722222222223 0.03645833333333333 0.03194444444444444
2 0.538671875 0.5659722222222222 0.02421875 0.04444444444444444
2 0.4729166666666667 0.5621527777777777 0.042708333333333334 0.043055555555555555
2 0.6143229166666667 0.5673611111111111 0.05364583333333332 0.04722222222222222
2 0.6279947916666667 0.3207175925925926 0.07161458333333333 0.06018518518518519
2 0.33984375 0.4077546296296296 0.0546875 0.059259259259259255
2 0.84921875 0.15515046296296295 0.0421875 0.038425925925925926
2 0.8114583333333334 0.3628472222222222 0.057291666666666664 0.05694444444444444
2 0.03502604166666666 0.4633101851851852 0.06380208333333333 0.05787037037037037