2 0.8364583333333334 0.5950231481481482 0.029166666666666664 0.033796296296296297
2 0.932421875 0.8679976851851852 0.03984375 0.05787037037037037
1 0.5740885416666667 0.9258101851851851 0.04817708333333333 0.13287037037037036
1 0.8342447916666667 0.4726851851851852 0.05598958333333333 0.045370370370370366
0 0.6032552083333333 0.7443287037037037 0.04088541666666666 0.0699074074074074
3 0.366015625 0.7977430555555556 0.06640625 0.11111111111111112
3 0.4674479166666667 0.576099537037037 0.04739583333333333 0.07407407407407407
3 0.443359375 0.46342592592592596 0.04296875 0.05185185185185185
3 0.29192708333333334 0.5931712962962963 0.03697916666666666 0.04259259259259259
3 0.6040364583333333 0.444212962962963 0.029947916666666664 0.050925925925925916
3 0.7515625 0.33067129629629627 0.03125 0.04259259259259259
3 0.924609375 0.31655092592592593 0.04296875 0.05185185185185185
2 0.6889322916666667 0.8902199074074074 0.04348958333333333 0.06481481481481481
2 0.743359375 0.6574652777777777 0.03046875 0.05555555555555556
2 0.8747395833333333 0.9622685185185185 0.05260416666666666 0.07453703703703704
2 0.9805989583333334 0.5767939814814815 0.03619791666666666 0.03796296296296296
2 0.815234375 0.787037037037037 0.04609375 0.04907407407407407
2 0.7677083333333333 0.6696180555555555 0.026041666666666664 0.03611111111111111
2 0.733203125 0.5386574074074074 0.02890625 0.027314814814814813
2 0.7397135416666667 0.5232060185185186 0.029427083333333333 0.024537037037037034
2 0.6583333333333333 0.7875578703703703 0.03854166666666666 0.053240740740740734
2 0.428515625 0.6080439814814815 0.02578125 0.03796296296296296
2 0.859765625 0.8088541666666667 0.03203125 0.04583333333333333
2 0.803125 0.6706597222222223 0.028125 0.03194444444444444
3 0.35416666666666663 0.6067708333333333 0.03020833333333333 0.041666666666666664