2 0.89609375 0.966087962962963 0.0359375 0.050925925925925916
3 0.5151041666666667 0.9056712962962964 0.05208333333333333 0.08009259259259259
3 0.4864583333333333 0.732349537037037 0.04479166666666666 0.06157407407407407
3 0.6458333333333333 0.7083912037037037 0.03229166666666666 0.05740740740740741
3 0.97578125 0.6015625 0.0484375 0.065625
3 0.7942708333333333 0.5721643518518518 0.041666666666666664 0.0537037037037037
1 0.8884114583333333 0.7911458333333333 0.06744791666666666 0.05416666666666666
2 0.7807291666666667 0.8590277777777778 0.02395833333333333 0.03055555555555555
2 0.975390625 0.6725694444444444 0.03828125 0.03888888888888888
2 0.79296875 0.8024305555555555 0.0328125 0.03611111111111111
2 0.933984375 0.6909722222222222 0.03671875 0.04444444444444444
2 0.748828125 0.8210069444444444 0.02265625 0.05138888888888889
2 0.7580729166666667 0.7829282407407407 0.02239583333333333 0.03148148148148148
2 0.8274739583333334 0.8155092592592593 0.02682291666666666 0.031018518518518518
2 0.81015625 0.8363425925925926 0.0203125 0.04768518518518518
2 0.8462239583333334 0.8076967592592593 0.017447916666666667 0.018518518518518517
2 0.846484375 0.8440393518518519 0.02734375 0.028703703703703703
2 0.7854166666666667 0.8322916666666667 0.02395833333333333 0.03333333333333333