3 0.5231770833333333 0.9397569444444445 0.05572916666666666 0.08888888888888888
3 0.4927083333333333 0.7559606481481482 0.04479166666666666 0.05879629629629629
3 0.6522135416666667 0.7314236111111111 0.029427083333333333 0.05972222222222222
1 0.9016927083333334 0.8202546296296296 0.06901041666666666 0.059259259259259255
2 0.793359375 0.8861111111111111 0.02734375 0.034722222222222224
2 0.98671875 0.7 0.0265625 0.034375
2 0.8381510416666667 0.8465856481481481 0.029427083333333333 0.033796296296296297
2 0.7600260416666667 0.8458333333333334 0.016927083333333332 0.041666666666666664
2 0.7963541666666667 0.8628472222222221 0.03020833333333333 0.03194444444444444
2 0.80546875 0.8297453703703704 0.0359375 0.04074074074074074
2 0.7697916666666667 0.8087384259259259 0.017708333333333333 0.02685185185185185
2 0.821875 0.8664351851851851 0.021875 0.045370370370370366
2 0.8615885416666667 0.837210648148148 0.02630208333333333 0.021296296296296296
2 0.8565104166666666 0.8755208333333334 0.028645833333333332 0.029166666666666664
2 0.9498697916666666 0.7232060185185185 0.046614583333333334 0.04953703703703703
3 0.8080729166666666 0.5907986111111111 0.03802083333333333 0.04722222222222222
3 0.97890625 0.6203125 0.0421875 0.0625