1 0.475 0.6267939814814815 0.0625 0.22546296296296292
3 0.14609375 0.6347222222222222 0.0609375 0.05694444444444444
3 0.283984375 0.5780092592592593 0.04296875 0.0685185185185185
3 0.11302083333333332 0.9240162037037036 0.04479166666666666 0.0824074074074074
3 0.2794270833333333 0.6954282407407407 0.04635416666666666 0.05648148148148148
3 0.35091145833333337 0.572048611111111 0.05182291666666666 0.07222222222222222
3 0.385546875 0.6520833333333333 0.06171875 0.15416666666666665
3 0.340625 0.7183449074074074 0.0625 0.10231481481481482
3 0.27395833333333336 0.7739583333333333 0.07916666666666666 0.10416666666666666
3 0.30690104166666665 0.9623263888888889 0.03255208333333333 0.06527777777777778
3 0.3296875 0.8526041666666666 0.040625 0.12083333333333332
3 0.2674479166666667 0.8941550925925925 0.07864583333333333 0.12268518518518519
3 0.095703125 0.4180555555555555 0.06328125 0.0611111111111111
3 0.3921875 0.477025462962963 0.0375 0.050925925925925916
3 0.4272135416666667 0.3890625 0.05442708333333333 0.1125
3 0.4776041666666667 0.4579861111111111 0.08645833333333333 0.1472222222222222
3 0.6153645833333333 0.438599537037037 0.09947916666666666 0.13657407407407407
3 0.5524739583333333 0.3909722222222222 0.07682291666666666 0.10694444444444444
3 0.6446614583333333 0.3339699074074074 0.07369791666666667 0.10231481481481482
3 0.852734375 0.266087962962963 0.11484375 0.08842592592592592
3 0.7575520833333333 0.21221064814814813 0.10572916666666665 0.07129629629629629
3 0.768359375 0.07986111111111112 0.06484375 0.05972222222222222
3 0.8286458333333334 0.05167824074074075 0.07291666666666666 0.05648148148148148
3 0.115625 0.32893518518518516 0.065625 0.045370370370370366
2 0.6412760416666667 0.18153935185185185 0.029427083333333333 0.0412037037037037
2 0.591796875 0.20752314814814815 0.03671875 0.033796296296296297
2 0.17708333333333331 0.5678819444444445 0.04791666666666666 0.06388888888888888