2 0.4130208333333333 0.45046296296296295 0.04479166666666666 0.06342592592592591
2 0.516015625 0.41267361111111106 0.03515625 0.04722222222222222
2 0.74140625 0.4257523148148148 0.0578125 0.07962962962962963
2 0.844921875 0.42771990740740745 0.05859375 0.07731481481481481
2 0.8651041666666666 0.3324074074074074 0.04895833333333333 0.06481481481481481
2 0.950390625 0.129224537037037 0.05078125 0.06157407407407407
2 0.6169270833333333 0.14774305555555556 0.03697916666666666 0.04861111111111111
2 0.5680989583333333 0.265625 0.045572916666666664 0.05
2 0.9182291666666667 0.8877314814814815 0.08333333333333333 0.13796296296296295
3 0.6635416666666667 0.8302662037037036 0.11458333333333333 0.21990740740740738
2 0.7751302083333333 0.30682870370370374 0.04088541666666666 0.04490740740740741
2 0.6162760416666667 0.07314814814814814 0.03255208333333333 0.046296296296296294
2 0.49453125 0.24108796296296298 0.0359375 0.07592592592592592
2 0.5197916666666667 0.19126157407407407 0.042708333333333334 0.06064814814814814
2 0.5194010416666667 0.48107638888888893 0.04192708333333333 0.05277777777777778
2 0.38776041666666666 0.5449652777777778 0.03177083333333333 0.03055555555555555
2 0.8157552083333334 0.3212962962962963 0.04401041666666666 0.055092592592592596
2 0.7408854166666667 0.26631944444444444 0.034895833333333334 0.06388888888888888