2 0.9220052083333334 0.6961226851851852 0.03463541666666666 0.07037037037037037
2 0.6671875 0.46238425925925924 0.03125 0.0685185185185185
2 0.4747395833333333 0.5671296296296295 0.03072916666666666 0.059259259259259255
3 0.471875 0.97578125 0.059375 0.0484375
3 0.4473958333333333 0.9237268518518519 0.057291666666666664 0.0912037037037037
2 0.34348958333333335 0.21226851851851852 0.03697916666666666 0.04953703703703703
2 0.422265625 0.555150462962963 0.03515625 0.050925925925925916
2 0.481640625 0.39033564814814814 0.03203125 0.05879629629629629
2 0.710546875 0.20283564814814814 0.03046875 0.046296296296296294
2 0.503125 0.48263888888888895 0.028125 0.04027777777777777
2 0.367578125 0.6751736111111111 0.02265625 0.034722222222222224
2 0.4311197916666667 0.6487847222222223 0.024739583333333332 0.03194444444444444
2 0.5385416666666667 0.5963541666666667 0.03020833333333333 0.04583333333333333