2 0.9108072916666666 0.8297453703703704 0.12473958333333332 0.14074074074074075
2 0.7203125 0.3076388888888889 0.053125 0.05277777777777778
2 0.5658854166666667 0.31035879629629626 0.04739583333333333 0.04259259259259259
2 0.45859375 0.444675925925926 0.0546875 0.05185185185185185
2 0.655078125 0.5640046296296296 0.07890625 0.08425925925925926
2 0.72265625 0.6611689814814815 0.0859375 0.10046296296296295
2 0.488671875 0.7395833333333333 0.09296875 0.11666666666666665
2 0.5598958333333333 0.8811342592592591 0.07291666666666666 0.09351851851851851
2 0.61015625 0.39618055555555554 0.0265625 0.03611111111111111
2 0.6151041666666667 0.3310763888888889 0.03645833333333333 0.04027777777777777
2 0.56328125 0.3602430555555555 0.0421875 0.03611111111111111
2 0.4169270833333333 0.5246527777777777 0.03072916666666666 0.043055555555555555
2 0.4709635416666667 0.5135416666666667 0.04192708333333333 0.03333333333333333
2 0.5522135416666667 0.5430555555555555 0.04505208333333333 0.0611111111111111