2 0.7294270833333333 0.2616319444444445 0.06197916666666666 0.05138888888888889
2 0.8798177083333334 0.15364583333333331 0.05651041666666666 0.05416666666666666
2 0.8884114583333333 0.34131944444444445 0.08307291666666666 0.07638888888888888
2 0.73671875 0.40821759259259255 0.0859375 0.09768518518518518
2 0.6084635416666667 0.521412037037037 0.04505208333333333 0.04907407407407407
2 0.5916666666666667 0.4482060185185185 0.03020833333333333 0.062037037037037036
2 0.805078125 0.2653935185185185 0.06640625 0.04953703703703703
2 0.866796875 0.2671875 0.03359375 0.0375
2 0.7875 0.24184027777777778 0.025 0.03055555555555555
2 0.9307291666666666 0.17552083333333332 0.03020833333333333 0.041666666666666664
2 0.61328125 0.3689236111111111 0.0328125 0.034722222222222224
2 0.675390625 0.346875 0.04765625 0.0375
2 0.3748697916666667 0.3837962962962963 0.04973958333333333 0.055092592592592596