2 0.5015625 0.7109375 0.04375 0.0625
2 0.496484375 0.8971064814814815 0.06484375 0.08796296296296295
2 0.46015625 0.8494212962962964 0.0640625 0.10509259259259258
2 0.61171875 0.8804976851851851 0.0640625 0.09537037037037036
2 0.7010416666666667 0.8876157407407407 0.05208333333333333 0.09398148148148147
2 0.5598958333333333 0.5606481481481482 0.05416666666666666 0.05879629629629629
2 0.423046875 0.5694444444444444 0.03359375 0.05138888888888889
2 0.412109375 0.6168981481481481 0.04921875 0.07129629629629629
1 0.4016927083333333 0.8175925925925925 0.05651041666666666 0.09768518518518518
2 0.5805989583333333 0.6359375 0.045572916666666664 0.05
2 0.680859375 0.6778935185185185 0.04921875 0.062037037037037036
2 0.5772135416666667 0.7162615740740741 0.051302083333333325 0.06064814814814814
2 0.6221354166666667 0.449537037037037 0.034895833333333334 0.04907407407407407
2 0.598046875 0.4561921296296296 0.02109375 0.03425925925925925
2 0.6303385416666667 0.6262152777777777 0.03567708333333333 0.05555555555555556
2 0.6364583333333333 0.5896412037037038 0.026041666666666664 0.04490740740740741
2 0.512890625 0.4150462962962963 0.03515625 0.04259259259259259
2 0.6940104166666667 0.75625 0.05364583333333332 0.075
2 0.271875 0.5403356481481482 0.0375 0.05879629629629629
2 0.794140625 0.25578703703703703 0.02890625 0.03657407407407407