0 0.26171875 0.32528935185185187 0.0546875 0.0537037037037037
0 0.20559895833333336 0.5235532407407407 0.07057291666666667 0.06898148148148148
0 0.25716145833333337 0.37245370370370373 0.054947916666666666 0.05740740740740741
0 0.34205729166666665 0.2660300925925926 0.052864583333333326 0.06018518518518519
0 0.37369791666666663 0.8373263888888889 0.09427083333333333 0.14027777777777778
0 0.4807291666666667 0.9115740740740741 0.12083333333333332 0.16064814814814815
0 0.7776041666666667 0.7877893518518518 0.08645833333333333 0.1662037037037037
0 0.8626302083333334 0.685763888888889 0.06901041666666666 0.10277777777777777
0 0.5932291666666667 0.2808449074074074 0.03333333333333333 0.052314814814814814
0 0.5967447916666667 0.3553819444444445 0.03723958333333333 0.03888888888888888
3 0.7069010416666667 0.8221643518518519 0.06692708333333333 0.1412037037037037