2 0.6079427083333333 0.5207175925925925 0.047135416666666666 0.04768518518518518
2 0.7412760416666667 0.40896990740740746 0.08567708333333332 0.08981481481481482
2 0.7272135416666667 0.264525462962963 0.05442708333333333 0.050925925925925916
2 0.8901041666666666 0.33917824074074077 0.08020833333333333 0.08148148148148147
2 0.878515625 0.1554976851851852 0.05703125 0.05787037037037037
2 0.5932291666666667 0.4414351851851852 0.03645833333333333 0.05787037037037037
2 0.807421875 0.26302083333333337 0.06484375 0.05416666666666666
2 0.78359375 0.24739583333333334 0.0390625 0.029166666666666664
2 0.867578125 0.27065972222222223 0.03203125 0.03194444444444444
2 0.9299479166666667 0.17899305555555556 0.03177083333333333 0.03611111111111111
2 0.615625 0.36649305555555556 0.028125 0.03611111111111111
2 0.679296875 0.3428819444444445 0.03984375 0.03888888888888888
2 0.3731770833333333 0.3800925925925926 0.05572916666666666 0.06018518518518519