2 0.6674479166666667 0.6517939814814815 0.03802083333333333 0.050462962962962966
2 0.6666666666666667 0.6945601851851853 0.04895833333333333 0.07037037037037037
2 0.5822916666666667 0.6263888888888889 0.05833333333333333 0.06527777777777778
2 0.6122395833333333 0.7052662037037037 0.04635416666666666 0.05740740740740741
2 0.6037760416666667 0.7597222222222222 0.04817708333333333 0.05694444444444444
2 0.7364583333333333 0.7625578703703704 0.05416666666666666 0.07824074074074074
2 0.6557291666666667 0.8548032407407407 0.042708333333333334 0.06898148148148148
2 0.6173177083333333 0.8156828703703705 0.053385416666666664 0.07824074074074074
2 0.5272135416666667 0.822974537037037 0.05755208333333332 0.07407407407407407
2 0.4166666666666667 0.6961805555555556 0.05833333333333333 0.0736111111111111
2 0.4272135416666667 0.6400462962962963 0.04505208333333333 0.06759259259259259
2 0.421875 0.5453125 0.028125 0.0625
1 0.410546875 0.9476273148148149 0.07109375 0.10462962962962963
2 0.4927083333333333 0.9697916666666666 0.07604166666666666 0.05833333333333333
2 0.7670572916666667 0.883912037037037 0.059114583333333325 0.07407407407407407
2 0.5911458333333333 0.41527777777777775 0.035416666666666666 0.043055555555555555
2 0.644921875 0.48107638888888893 0.04296875 0.05277777777777778
2 0.6204427083333333 0.4892939814814815 0.022135416666666664 0.03796296296296296
2 0.5208333333333333 0.4427083333333333 0.035416666666666666 0.041666666666666664
2 0.252734375 0.6019675925925926 0.04296875 0.06018518518518519
2 0.8138020833333334 0.25306712962962963 0.033854166666666664 0.03425925925925925