2 0.6122395833333333 0.31105324074074076 0.043229166666666666 0.043981481481481476
2 0.6046875 0.97734375 0.065625 0.0453125
2 0.5221354166666667 0.8006365740740741 0.10677083333333333 0.14814814814814814
2 0.7760416666666667 0.7695023148148148 0.08333333333333333 0.12962962962962962
2 0.697265625 0.630787037037037 0.07578125 0.11157407407407408
2 0.7783854166666667 0.3314236111111111 0.04739583333333333 0.05972222222222222
2 0.496875 0.4491319444444445 0.059375 0.06388888888888888
2 0.4489583333333333 0.5369791666666667 0.035416666666666666 0.04583333333333333
2 0.5100260416666667 0.5368055555555555 0.029427083333333333 0.03611111111111111
2 0.5885416666666667 0.5390625 0.055208333333333325 0.05
2 0.6654947916666667 0.346875 0.03723958333333333 0.0375
2 0.6143229166666667 0.3706597222222222 0.05989583333333333 0.04444444444444444
2 0.6580729166666667 0.4189236111111111 0.03177083333333333 0.034722222222222224
2 0.31158854166666666 0.4046875 0.05442708333333333 0.0625
2 0.8119791666666666 0.1482638888888889 0.03020833333333333 0.04027777777777777