2 0.93984375 0.9140625 0.1203125 0.16875
2 0.572265625 0.9259837962962963 0.07890625 0.10509259259259258
2 0.7450520833333333 0.7002893518518518 0.08385416666666666 0.1037037037037037
2 0.4981770833333333 0.7549768518518518 0.10260416666666665 0.1287037037037037
2 0.6734375 0.5833912037037037 0.08125 0.09490740740740741
2 0.4701822916666667 0.43084490740740744 0.05598958333333333 0.06481481481481481
2 0.7454427083333333 0.3087962962962963 0.053385416666666664 0.055092592592592596
2 0.5701822916666667 0.29421296296296295 0.06223958333333333 0.050925925925925916
2 0.4825520833333333 0.5116319444444445 0.043229166666666666 0.02638888888888889
2 0.6283854166666667 0.3909722222222222 0.034895833333333334 0.04444444444444444
2 0.637109375 0.3246527777777778 0.03984375 0.043055555555555555
2 0.5846354166666667 0.35052083333333334 0.04739583333333333 0.05416666666666666
2 0.5623697916666667 0.5482638888888889 0.04973958333333333 0.05277777777777778
2 0.287109375 0.4012731481481482 0.05234375 0.05879629629629629
2 0.7748697916666667 0.14386574074074074 0.03723958333333333 0.043981481481481476