3 0.951171875 0.6696180555555555 0.03671875 0.04861111111111111
0 0.8154947916666666 0.6647569444444444 0.052864583333333326 0.11388888888888889
0 0.7587239583333333 0.5900462962962962 0.04244791666666666 0.10509259259259258
0 0.56953125 0.8425925925925926 0.0484375 0.07268518518518519
0 0.587109375 0.5184606481481482 0.04921875 0.08379629629629629
0 0.534765625 0.4356481481481482 0.04140625 0.046296296296296294
0 0.321875 0.340625 0.028125 0.0625
0 0.29322916666666665 0.34172453703703703 0.02395833333333333 0.04907407407407407
0 0.25260416666666663 0.3847800925925926 0.03020833333333333 0.04768518518518518
0 0.19296875 0.546412037037037 0.0296875 0.04907407407407407
0 0.20716145833333335 0.6123263888888889 0.045572916666666664 0.05277777777777778
0 0.6756510416666667 0.35694444444444445 0.038802083333333334 0.07638888888888888
0 0.6290364583333333 0.3920138888888889 0.03619791666666666 0.07777777777777777
3 0.9856770833333334 0.8515625 0.027604166666666662 0.0625
0 0.675390625 0.2351273148148148 0.02890625 0.04212962962962963
0 0.7514322916666667 0.1978587962962963 0.04348958333333333 0.04259259259259259