2 0.38940972222222225 0.9050925925925926 0.11944444444444444 0.18518518518518517
0 0.7125 0.054976851851851846 0.0875 0.1037037037037037
0 0.9147569444444444 0.10597993827160494 0.10138888888888889 0.14320987654320988
0 0.6828125 0.24720293209876543 0.125 0.19753086419753085
0 0.8345486111111111 0.271045524691358 0.1222222222222222 0.18271604938271604
0 0.9404513888888889 0.49728009259259254 0.11527777777777777 0.18518518518518517
0 0.6236111111111111 0.6222608024691357 0.07222222222222222 0.1382716049382716
0 0.37447916666666664 0.5536844135802469 0.10833333333333332 0.16049382716049382
0 0.7442708333333333 0.9563657407407407 0.06666666666666667 0.08148148148148147
0 0.24722222222222223 0.6086805555555556 0.08194444444444444 0.11111111111111112
0 0.14513888888888887 0.6313078703703704 0.09027777777777776 0.14074074074074075
0 0.8392361111111111 0.6146026234567901 0.07222222222222222 0.11358024691358024
0 0.0328125 0.6144483024691357 0.0625 0.1382716049382716