0 0.4036458333333333 0.5425733024691357 0.07916666666666666 0.1382716049382716
0 0.3515625 0.6188078703703704 0.0625 0.14074074074074075
0 0.29913194444444446 0.5559799382716049 0.07638888888888888 0.14320987654320988
0 0.25520833333333337 0.45046296296296295 0.06666666666666667 0.1259259259259259
0 0.3819444444444445 0.4451967592592593 0.06388888888888888 0.11851851851851851
0 0.3399305555555555 0.24157021604938272 0.0611111111111111 0.09876543209876543
0 0.23645833333333335 0.33113425925925927 0.05416666666666666 0.11851851851851851
0 0.3576388888888889 0.30767746913580246 0.05277777777777778 0.07160493827160494
0 0.3015625 0.26394675925925926 0.05 0.11851851851851851
0 0.2359375 0.22175925925925927 0.05 0.11851851851851851
0 0.28072916666666664 0.2007716049382716 0.04583333333333333 0.0765432098765432
0 0.49027777777777776 0.6347608024691358 0.06805555555555555 0.1382716049382716
0 0.596875 0.5167438271604938 0.0625 0.12098765432098765
0 0.6602430555555555 0.4764467592592593 0.0611111111111111 0.11851851851851851
0 0.6142361111111111 0.1900077160493827 0.05972222222222222 0.09876543209876543
0 0.16927083333333331 0.8548418209876543 0.11666666666666665 0.17530864197530863
0 0.8180555555555555 0.9474922839506172 0.09861111111111111 0.10123456790123457
3 0.40746527777777775 0.8545138888888889 0.10555555555555556 0.17777777777777776