0 0.4015625 0.08209876543209876 0.025 0.06419753086419752
0 0.9208333333333334 0.43105709876543213 0.07916666666666666 0.1308641975308642
3 0.7796875 0.33269675925925923 0.075 0.11851851851851851
3 0.05625 0.4611304012345679 0.05 0.0691358024691358
0 0.1267361111111111 0.3302854938271605 0.04722222222222222 0.05432098765432099
0 0.32447916666666665 0.3876929012345679 0.04583333333333333 0.0691358024691358
0 0.32621527777777776 0.5713348765432099 0.05555555555555556 0.08641975308641975
0 0.4890625 0.6921489197530863 0.05 0.10617283950617282
0 0.5505208333333333 0.7951003086419753 0.041666666666666664 0.08395061728395062
0 0.7649305555555556 0.394849537037037 0.03611111111111111 0.07407407407407407
0 0.7578125 0.8502121913580247 0.0625 0.11604938271604937
0 0.7036458333333333 0.8402391975308643 0.041666666666666664 0.06172839506172839