0 0.3342013888888889 0.5723765432098766 0.11527777777777777 0.21975308641975308
0 0.55 0.19874614197530865 0.075 0.1506172839506173
1 0.3138888888888889 0.2562307098765432 0.06527777777777778 0.1530864197530864
1 0.6909722222222222 0.6733603395061728 0.05694444444444444 0.21234567901234563
1 0.571875 0.5536651234567901 0.0625 0.11358024691358024
1 0.4847222222222222 0.7684220679012346 0.09444444444444444 0.20246913580246914
1 0.5838541666666667 0.41921296296296295 0.05833333333333333 0.1259259259259259
1 0.18888888888888888 0.6336805555555556 0.11527777777777777 0.11111111111111112
3 0.22222222222222224 0.4536651234567901 0.09444444444444444 0.11358024691358024
3 0.47152777777777777 0.3955246913580247 0.06805555555555555 0.11604938271604937
3 0.6652777777777777 0.5144290123456791 0.06805555555555555 0.09135802469135802
3 0.4925347222222222 0.6524305555555555 0.05694444444444444 0.11111111111111112
3 0.07690972222222223 0.9541473765432098 0.11944444444444444 0.08641975308641975