1 0.6508680555555555 0.6858796296296296 0.0736111111111111 0.059259259259259255
3 0.5006944444444444 0.22044753086419755 0.06388888888888888 0.12839506172839504
3 0.465625 0.2548996913580247 0.0625 0.11604938271604937
1 0.49097222222222225 0.9370563271604938 0.06944444444444445 0.12098765432098765
0 0.7270833333333333 0.4546296296296296 0.041666666666666664 0.059259259259259255
0 0.6204861111111111 0.4375385802469136 0.04722222222222222 0.09382716049382715
0 0.9274305555555555 0.5673225308641976 0.0736111111111111 0.12839506172839504
0 0.7894097222222223 0.7934027777777778 0.08194444444444444 0.15555555555555553
0 0.7710069444444445 0.9411651234567902 0.12638888888888888 0.11358024691358024
0 0.35920138888888886 0.9304012345679012 0.10277777777777777 0.13580246913580246
0 0.2267361111111111 0.3635802469135802 0.1472222222222222 0.22716049382716047