3 0.1251736111111111 0.6955439814814814 0.10972222222222221 0.16296296296296295
0 0.1857638888888889 0.4661844135802469 0.10277777777777777 0.16049382716049382
0 0.13680555555555554 0.33757716049382713 0.1861111111111111 0.1876543209876543
0 0.09722222222222222 0.4696180555555555 0.09444444444444444 0.11111111111111112
0 0.34357638888888886 0.6171682098765432 0.09027777777777776 0.1530864197530864
0 0.25711805555555556 0.6093557098765432 0.11111111111111112 0.1530864197530864
0 0.32586805555555554 0.46398533950617277 0.1986111111111111 0.21234567901234563
0 0.5501736111111111 0.6327546296296296 0.2347222222222222 0.25925925925925924
0 0.7545138888888889 0.2681134259259259 0.19027777777777777 0.45185185185185184
0 0.15138888888888888 0.12023533950617282 0.16527777777777777 0.21234567901234563
0 0.3486111111111111 0.874266975308642 0.1472222222222222 0.21728395061728395
0 0.7090277777777778 0.8497685185185185 0.14305555555555555 0.23703703703703702
0 0.06805555555555556 0.9560378086419753 0.09861111111111111 0.08395061728395062
3 0.5671875 0.40380015432098765 0.275 0.4419753086419753