0 0.09288194444444445 0.3367476851851852 0.11388888888888889 0.17037037037037037
0 0.33524305555555556 0.8178047839506173 0.1361111111111111 0.3012345679012346
0 0.4461805555555555 0.6578125 0.09861111111111111 0.2
0 0.40486111111111106 0.47106481481481477 0.1472222222222222 0.22962962962962963
0 0.35 0.27619598765432096 0.075 0.10864197530864197
0 0.4161458333333333 0.1931520061728395 0.09166666666666666 0.14567901234567898
0 0.43559027777777776 0.30572916666666666 0.08055555555555555 0.13333333333333333
0 0.5164930555555556 0.40055941358024694 0.09861111111111111 0.16049382716049382
0 0.5048611111111111 0.2967592592592593 0.07222222222222222 0.11851851851851851
0 0.5013888888888889 0.19197530864197532 0.06527777777777778 0.08395061728395062
0 0.5784722222222223 0.31805555555555554 0.06944444444444445 0.11111111111111112
0 0.6390625 0.35291280864197533 0.05 0.08395061728395062
0 0.6385416666666667 0.41155478395061723 0.07083333333333333 0.10123456790123457
0 0.638888888888889 0.5123070987654321 0.06527777777777778 0.1308641975308642
0 0.6833333333333333 0.5009452160493828 0.05416666666666666 0.09876543209876543
0 0.7253472222222223 0.4919753086419753 0.04444444444444444 0.08395061728395062
0 0.6055555555555555 0.6421103395061728 0.11111111111111112 0.21234567901234563
0 0.6416666666666667 0.9136381172839506 0.09583333333333333 0.16790123456790124
0 0.5472222222222223 0.960474537037037 0.09444444444444444 0.07407407407407407
0 0.7578125 0.9794560185185185 0.075 0.037037037037037035
0 0.7524305555555555 0.8308449074074075 0.09861111111111111 0.2148148148148148
3 0.1329861111111111 0.4661844135802469 0.10972222222222221 0.16049382716049382
3 0.19809027777777777 0.7774305555555555 0.15555555555555553 0.31111111111111106