0 0.4649305555555555 0.4163966049382716 0.03611111111111111 0.0765432098765432
0 0.28020833333333334 0.599363425925926 0.041666666666666664 0.05185185185185185
0 0.19600694444444444 0.6880208333333333 0.03888888888888888 0.06666666666666667
0 0.08402777777777778 0.727662037037037 0.05555555555555556 0.07407407407407407
0 0.046875 0.8547260802469137 0.0625 0.09382716049382715
0 0.4078125 0.5293016975308642 0.05 0.06172839506172839
0 0.4449652777777778 0.5128472222222222 0.043055555555555555 0.04444444444444444
0 0.4614583333333333 0.5390817901234568 0.041666666666666664 0.046913580246913576
0 0.6083333333333333 0.2478009259259259 0.029166666666666664 0.05185185185185185
0 0.5567708333333333 0.4227237654320987 0.029166666666666664 0.06419753086419752
0 0.6619791666666667 0.4959104938271605 0.04583333333333333 0.05432098765432099
0 0.7260416666666667 0.5622878086419754 0.05833333333333333 0.08395061728395062
0 0.9769097222222222 0.3843364197530864 0.04444444444444444 0.10617283950617282
0 0.7784722222222222 0.6412422839506172 0.05694444444444444 0.10123456790123457
0 0.46631944444444445 0.701195987654321 0.06388888888888888 0.10864197530864197
3 0.5039930555555555 0.6404899691358025 0.0611111111111111 0.07160493827160494
0 0.8682291666666666 0.8918402777777779 0.10833333333333332 0.15555555555555553
3 0.937673611111111 0.7490547839506172 0.07222222222222222 0.10123456790123457
3 0.8506944444444444 0.7553819444444445 0.07638888888888888 0.08888888888888888