1 0.1078125 0.7059992283950617 0.2125 0.3901234567901234
1 0.11388888888888889 0.382445987654321 0.15277777777777776 0.10864197530864197
1 0.12465277777777777 0.4594135802469136 0.19305555555555554 0.09382716049382715
1 0.24114583333333334 0.28508873456790124 0.09166666666666666 0.13580246913580246
2 0.18819444444444444 0.20019290123456787 0.08888888888888888 0.0691358024691358
1 0.14982638888888888 0.15850694444444444 0.09027777777777776 0.08888888888888888
2 0.15920138888888888 0.5185763888888889 0.17777777777777776 0.17777777777777776
2 0.3013888888888889 0.4054976851851852 0.12777777777777777 0.17037037037037037
0 0.40086805555555555 0.515798611111111 0.12361111111111109 0.22222222222222224
0 0.47413194444444445 0.36473765432098765 0.1388888888888889 0.2419753086419753
1 0.36788194444444444 0.6369984567901235 0.1638888888888889 0.3802469135802469
2 0.3086805555555555 0.7241898148148148 0.08611111111111111 0.22962962962962963
1 0.2255208333333333 0.7141203703703705 0.10416666666666666 0.34074074074074073
1 0.3282986111111111 0.915528549382716 0.2847222222222222 0.16543209876543208
1 0.5241319444444444 0.7794560185185185 0.12638888888888888 0.437037037037037
1 0.7921875 0.9304012345679012 0.175 0.13580246913580246
0 0.33472222222222225 0.16766975308641974 0.10694444444444444 0.1728395061728395
2 0.3788194444444445 0.11606867283950617 0.10138888888888889 0.07901234567901234
1 0.6192708333333333 0.48692129629629627 0.20416666666666666 0.1925925925925926
2 0.6184027777777777 0.5586805555555555 0.14305555555555555 0.11111111111111112
2 0.5918402777777778 0.3390239197530864 0.11805555555555555 0.10617283950617282
1 0.421875 0.24068287037037037 0.1125 0.14074074074074075
2 0.47795138888888894 0.2757716049382716 0.12777777777777777 0.0765432098765432
2 0.5145833333333333 0.19930555555555557 0.11666666666666665 0.11111111111111112
2 0.440625 0.11828703703703702 0.0625 0.07407407407407407
2 0.506076388888889 0.0873070987654321 0.11527777777777777 0.1308641975308642
0 0.6012152777777777 0.19884259259259257 0.10555555555555556 0.18518518518518517
0 0.7847222222222222 0.7125385802469136 0.18194444444444444 0.2938271604938271
0 0.8677083333333334 0.5121913580246914 0.17916666666666664 0.24938271604938272
2 0.9439236111111111 0.5871720679012346 0.10972222222222221 0.20246913580246914
1 0.9046875 0.4212770061728395 0.1875 0.14567901234567898
1 0.8425347222222221 0.35711805555555554 0.18194444444444444 0.11111111111111112
1 0.7972222222222223 0.29438657407407404 0.18194444444444444 0.14814814814814814
0 0.6817708333333333 0.17820216049382714 0.09166666666666666 0.1876543209876543
0 0.7642361111111111 0.16545138888888888 0.10972222222222221 0.17777777777777776
3 0.8704861111111111 0.1701388888888889 0.1597222222222222 0.17777777777777776
2 0.7800347222222223 0.058757716049382715 0.08194444444444444 0.09876543209876543
2 0.9447916666666666 0.10925925925925925 0.10833333333333332 0.11851851851851851