0 0.16961805555555556 0.35738811728395065 0.11111111111111112 0.16790123456790124
0 0.28194444444444444 0.786033950617284 0.15138888888888888 0.2345679012345679
0 0.35694444444444445 0.12989969135802468 0.07638888888888888 0.11604938271604937
0 0.4979166666666667 0.09577546296296295 0.08333333333333333 0.1259259259259259
0 0.6477430555555556 0.0685570987654321 0.0736111111111111 0.1308641975308642
0 0.7309027777777778 0.1586033950617284 0.06805555555555555 0.12345679012345678
0 0.7618055555555555 0.3518132716049383 0.11111111111111112 0.20987654320987653
0 0.8097222222222221 0.585108024691358 0.10694444444444444 0.18271604938271604
0 0.9395833333333334 0.6437307098765432 0.10416666666666666 0.1530864197530864
3 0.29878472222222224 0.2940779320987654 0.11944444444444444 0.19753086419753085
3 0.4149305555555555 0.812326388888889 0.09861111111111111 0.17777777777777776
1 0.3944444444444445 0.6091242283950618 0.07638888888888888 0.19012345679012346
3 0.8227430555555555 0.7734182098765432 0.0736111111111111 0.1530864197530864