1 0.29131944444444446 0.12980324074074073 0.05138888888888889 0.08148148148148147
0 0.21631944444444445 0.09157021604938272 0.06388888888888888 0.09876543209876543
0 0.5319444444444444 0.5172067901234568 0.02638888888888889 0.046913580246913576
0 0.4473958333333333 0.36581790123456787 0.041666666666666664 0.0691358024691358
0 0.853125 0.36309799382716046 0.05 0.05432098765432099
3 0.8638888888888889 0.4728973765432099 0.06527777777777778 0.08641975308641975
3 0.8355902777777778 0.38152006172839503 0.05555555555555556 0.05679012345679012
3 0.8836805555555556 0.8981867283950618 0.12361111111111109 0.19012345679012346
1 0.632638888888889 0.689429012345679 0.07777777777777777 0.09135802469135802
3 0.7756944444444445 0.9563657407407407 0.08888888888888888 0.08148148148148147
3 0.5888888888888889 0.9456018518518519 0.09027777777777776 0.1037037037037037
3 0.2612847222222222 0.44666280864197533 0.04444444444444444 0.08395061728395062
0 0.27864583333333337 0.2919753086419753 0.05416666666666666 0.08395061728395062