0 0.07430555555555554 0.5274691358024691 0.1361111111111111 0.20493827160493824
0 0.20815972222222223 0.2327932098765432 0.09444444444444444 0.1530864197530864
0 0.11736111111111111 0.14126157407407408 0.09722222222222222 0.14814814814814814
0 0.25277777777777777 0.09891975308641975 0.11805555555555555 0.1728395061728395
0 0.37760416666666663 0.17532793209876543 0.10833333333333332 0.19753086419753085
0 0.2534722222222222 0.8538580246913581 0.10694444444444444 0.18271604938271604
0 0.4135416666666667 0.728858024691358 0.08333333333333333 0.18271604938271604
0 0.3564236111111111 0.9158564814814815 0.08472222222222223 0.16296296296296295
0 0.45190972222222225 0.9329475308641975 0.09444444444444444 0.12839506172839504
0 0.5034722222222222 0.7770640432098765 0.10694444444444444 0.21975308641975308
0 0.568576388888889 0.9392746913580247 0.10277777777777777 0.11604938271604937
0 0.7059027777777778 0.9180748456790123 0.11805555555555555 0.1580246913580247
0 0.7513888888888889 0.5559220679012346 0.11527777777777777 0.20246913580246914
2 0.6840277777777778 0.24274691358024691 0.08055555555555555 0.16049382716049382
3 0.32152777777777775 0.47195216049382716 0.11805555555555555 0.1876543209876543
3 0.4911458333333333 0.05160108024691358 0.06666666666666667 0.09382716049382715