1 0.5894097222222222 0.25613425925925926 0.08194444444444444 0.11851851851851851
0 0.4611111111111111 0.16462191358024691 0.08472222222222223 0.16049382716049382
0 0.32743055555555556 0.07644675925925926 0.0736111111111111 0.11851851851851851
0 0.1859375 0.3758680555555555 0.0625 0.11111111111111112
0 0.1404513888888889 0.4111496913580247 0.06527777777777778 0.11604938271604937
0 0.0375 0.2130401234567901 0.0625 0.11358024691358024
0 0.20677083333333335 0.5374614197530864 0.07916666666666666 0.10617283950617282
0 0.12482638888888889 0.7411072530864198 0.12777777777777777 0.1728395061728395
1 0.6956597222222223 0.6192901234567901 0.09444444444444444 0.11358024691358024
1 0.4725694444444445 0.3748842592592593 0.10138888888888889 0.11851851851851851
1 0.6413194444444444 0.13022762345679012 0.08888888888888888 0.11358024691358024