0 0.3909722222222222 0.960474537037037 0.10694444444444444 0.07407407407407407
0 0.28142361111111114 0.6390432098765432 0.04722222222222222 0.1530864197530864
0 0.6961805555555556 0.3321180555555555 0.08611111111111111 0.11111111111111112
0 0.36649305555555556 0.2820216049382716 0.0611111111111111 0.0765432098765432
0 0.39288194444444446 0.14739583333333334 0.03888888888888888 0.06666666666666667
1 0.9309027777777779 0.23753858024691357 0.09305555555555554 0.09382716049382715
1 0.9322916666666666 0.5819637345679013 0.13333333333333333 0.13580246913580246
1 0.732638888888889 0.429224537037037 0.05277777777777778 0.07407407407407407
1 0.609201388888889 0.5187885802469137 0.09027777777777776 0.09382716049382715
3 0.5180555555555555 0.31919367283950617 0.0736111111111111 0.07901234567901234
0 0.5072916666666667 0.2820987654320988 0.07083333333333333 0.06419753086419752
3 0.32552083333333337 0.14106867283950617 0.05416666666666666 0.07901234567901234
3 0.5442708333333333 0.8226080246913581 0.10416666666666666 0.18271604938271604