1 0.9197916666666666 0.7439621913580247 0.09583333333333333 0.11604938271604937
1 0.9171875 0.8467013888888889 0.1375 0.17777777777777776
1 0.8946180555555555 0.9414930555555555 0.1861111111111111 0.11111111111111112
1 0.8831597222222222 0.28267746913580244 0.09444444444444444 0.07160493827160494
0 0.3173611111111111 0.14263117283950616 0.05972222222222222 0.07901234567901234
0 0.42777777777777776 0.03991126543209876 0.043055555555555555 0.06419753086419752
0 0.6715277777777777 0.11493055555555556 0.06805555555555555 0.11111111111111112
0 0.7395833333333333 0.08055555555555556 0.06666666666666667 0.11111111111111112
0 0.7741319444444444 0.2796682098765432 0.07638888888888888 0.1530864197530864
0 0.6595486111111111 0.25136959876543213 0.07222222222222222 0.1308641975308642
3 0.8086805555555555 0.4012731481481482 0.08611111111111111 0.0962962962962963
0 0.7256944444444444 0.4406828703703704 0.07638888888888888 0.14074074074074075
0 0.7220486111111111 0.7034529320987655 0.10972222222222221 0.19753086419753085
0 0.6630208333333333 0.8669560185185186 0.12916666666666665 0.23703703703703702
0 0.554861111111111 0.9329475308641975 0.1222222222222222 0.12839506172839504