0 0.1796875 0.5000578703703704 0.1 0.14074074074074075
0 0.5855902777777777 0.39631558641975306 0.11805555555555555 0.23950617283950618
0 0.6651041666666667 0.5354552469135803 0.12083333333333332 0.22716049382716047
0 0.7671875 0.4185956790123456 0.125 0.22469135802469134
0 0.9421875 0.32700617283950617 0.1125 0.27901234567901234
0 0.5611111111111111 0.7548032407407408 0.1597222222222222 0.2814814814814815
0 0.7375 0.8244598765432098 0.1375 0.28641975308641976
0 0.6086805555555556 0.9500385802469136 0.12361111111111109 0.09382716049382715
3 0.3125 0.8080439814814815 0.0875 0.16296296296296295
3 0.4769097222222222 0.21865354938271606 0.08194444444444444 0.16543209876543208
3 0.49861111111111106 0.054976851851851846 0.05972222222222222 0.1037037037037037
3 0.587673611111111 0.13036265432098765 0.10972222222222221 0.2419753086419753
3 0.810763888888889 0.1892554012345679 0.16527777777777777 0.2691358024691358