3 0.73125 0.6370370370370371 0.0375 0.07407407407407407
3 0.6527777777777778 0.781520061728395 0.043055555555555555 0.05679012345679012
3 0.22517361111111112 0.8422260802469136 0.05972222222222222 0.09382716049382715
3 0.5527777777777778 0.8724922839506173 0.08055555555555555 0.10123456790123457
0 0.5621527777777777 0.7179783950617284 0.06805555555555555 0.12345679012345678
0 0.5256944444444445 0.6488811728395062 0.05138888888888889 0.07901234567901234
0 0.4756944444444445 0.6772569444444445 0.05138888888888889 0.08888888888888888
0 0.2809027777777778 0.7140046296296296 0.043055555555555555 0.059259259259259255
0 0.4552083333333333 0.5635030864197531 0.029166666666666664 0.03950617283950617
0 0.42048611111111106 0.5878472222222222 0.034722222222222224 0.04444444444444444
0 0.3836805555555555 0.6241126543209876 0.03611111111111111 0.04197530864197531
3 0.6524305555555555 0.5700038580246913 0.03611111111111111 0.04938271604938271
0 0.6760416666666667 0.4369405864197531 0.03333333333333333 0.03950617283950617
0 0.8581597222222221 0.4599729938271605 0.04444444444444444 0.05432098765432099
0 0.9177083333333333 0.42000385802469137 0.041666666666666664 0.04938271604938271