0 0.5760416666666667 0.2666087962962963 0.09583333333333333 0.11759259259259258
0 0.5895833333333333 0.5645833333333333 0.09479166666666666 0.14166666666666666
0 0.5666666666666667 0.6936342592592593 0.08958333333333332 0.11851851851851851
0 0.64921875 0.6226273148148148 0.0734375 0.12962962962962962
0 0.6994791666666667 0.7403935185185185 0.09583333333333333 0.137037037037037
0 0.69296875 0.851099537037037 0.1046875 0.12407407407407407
0 0.7075520833333333 0.9512731481481481 0.09947916666666666 0.0962962962962963
0 0.43984375 0.9583912037037037 0.0890625 0.0824074074074074
3 0.28541666666666665 0.6089699074074074 0.16145833333333331 0.2398148148148148
3 0.3885416666666667 0.547048611111111 0.04583333333333333 0.07222222222222222
3 0.5346354166666667 0.5740162037037038 0.04739583333333333 0.0824074074074074
3 0.6263020833333333 0.45098379629629626 0.03072916666666666 0.06759259259259259
3 0.8903645833333333 0.46707175925925926 0.18697916666666664 0.2185185185185185
3 0.8109375 0.6088541666666667 0.08125 0.10833333333333332
3 0.82734375 0.9633101851851851 0.0609375 0.07037037037037037