0 0.534375 0.2165702160493827 0.0625 0.09876543209876543
0 0.4413194444444445 0.7266975308641975 0.07638888888888888 0.12839506172839504
0 0.2546875 0.8159336419753087 0.0875 0.1506172839506173
0 0.32916666666666666 0.35908564814814814 0.05833333333333333 0.0962962962962963
0 0.19375 0.31024305555555554 0.075 0.11111111111111112
3 0.6220486111111111 0.38892746913580245 0.04722222222222222 0.07160493827160494
1 0.5755208333333333 0.34627700617283946 0.06666666666666667 0.14567901234567898
1 0.14201388888888888 0.8794560185185185 0.07777777777777777 0.23703703703703702
3 0.31197916666666664 0.48597608024691363 0.05833333333333333 0.09382716049382715
3 0.2734375 0.6189621913580247 0.0625 0.11604938271604937
3 0.34652777777777777 0.8177276234567902 0.06805555555555555 0.11358024691358024
3 0.6868055555555556 0.22791280864197533 0.0611111111111111 0.08395061728395062
3 0.596875 0.768287037037037 0.0625 0.07407407407407407
3 0.500173611111111 0.9497106481481481 0.08472222222222223 0.0962962962962963