1 0.20277777777777778 0.4058063271604938 0.11805555555555555 0.12098765432098765
3 0.22274305555555554 0.8795910493827159 0.09861111111111111 0.16543209876543208
3 0.5071180555555556 0.8568865740740741 0.08611111111111111 0.14814814814814814
3 0.34270833333333334 0.8022569444444445 0.07916666666666666 0.08888888888888888
0 0.3420138888888889 0.9136381172839506 0.11527777777777777 0.16790123456790124
0 0.662326388888889 0.9585841049382717 0.11527777777777777 0.0765432098765432
0 0.9364583333333334 0.5319637345679012 0.09166666666666666 0.13580246913580246
0 0.959201388888889 0.30061728395061726 0.07777777777777777 0.10123456790123457
0 0.525 0.2150077160493827 0.0625 0.09876543209876543
0 0.5036458333333333 0.6499807098765432 0.06666666666666667 0.1530864197530864
0 0.4567708333333333 0.5000578703703704 0.07916666666666666 0.14074074074074075