3 0.9143229166666667 0.08744212962962963 0.03177083333333333 0.059259259259259255
3 0.9786458333333334 0.46215277777777775 0.041666666666666664 0.08055555555555555
3 0.13098958333333333 0.13396990740740738 0.04010416666666666 0.03981481481481482
3 0.8083333333333333 0.06238425925925926 0.07916666666666666 0.09351851851851851
3 0.7890625 0.14189814814814813 0.09375 0.12129629629629628
3 0.70859375 0.22065972222222224 0.0640625 0.09444444444444444
3 0.8356770833333333 0.28339120370370374 0.043229166666666666 0.05740740740740741
3 0.9395833333333334 0.28703703703703703 0.07291666666666666 0.09907407407407406
3 0.9674479166666666 0.33269675925925923 0.06302083333333333 0.09351851851851851
3 0.9375 0.44207175925925923 0.078125 0.11851851851851851
3 0.6729166666666667 0.8316550925925925 0.04583333333333333 0.06018518518518519
3 0.7135416666666667 0.726736111111111 0.04895833333333333 0.09722222222222222
3 0.6872395833333333 0.49519675925925927 0.05572916666666666 0.0685185185185185
3 0.6809895833333333 0.34641203703703705 0.06510416666666666 0.09907407407407406
3 0.4302083333333333 0.39814814814814814 0.07291666666666666 0.12129629629629628
3 0.4359375 0.0933449074074074 0.059375 0.08981481481481482
3 0.215625 0.2722800925925926 0.090625 0.11018518518518519
0 0.9380208333333334 0.8304976851851851 0.07916666666666666 0.09537037037037036
0 0.09140625 0.8675347222222222 0.1796875 0.16944444444444445
0 0.33932291666666664 0.8446180555555556 0.08177083333333332 0.11111111111111112
0 0.7799479166666667 0.7505787037037037 0.05989583333333333 0.1074074074074074
0 0.8515625 0.8007523148148149 0.09375 0.10462962962962963
0 0.7317708333333333 0.774537037037037 0.06041666666666666 0.09907407407407406
0 0.6729166666666667 0.5674189814814815 0.04583333333333333 0.08796296296296295
0 0.80078125 0.6758680555555555 0.0609375 0.08611111111111111
0 0.9528645833333333 0.07604166666666666 0.06822916666666666 0.08333333333333333
0 0.9260416666666667 0.1945023148148148 0.08333333333333333 0.10462962962962963
0 0.7283854166666667 0.41655092592592596 0.05052083333333333 0.07685185185185185
0 0.8390625 0.3577546296296296 0.06875 0.10925925925925925
0 0.4815104166666667 0.3851851851851852 0.06927083333333332 0.14537037037037037
0 0.5895833333333333 0.6186921296296296 0.06979166666666667 0.13425925925925924