0 0.446875 0.15528549382716048 0.025 0.05432098765432099
0 0.47065972222222224 0.22000385802469138 0.03194444444444444 0.04938271604938271
0 0.40486111111111106 0.1714891975308642 0.034722222222222224 0.06172839506172839
0 0.21024305555555553 0.8080825617283951 0.14861111111111108 0.2567901234567901
0 0.35416666666666663 0.8769483024691358 0.05833333333333333 0.1382716049382716
0 0.42430555555555555 0.598900462962963 0.04861111111111111 0.1259259259259259
0 0.4739583333333333 0.611400462962963 0.06666666666666667 0.1259259259259259
0 0.6513888888888889 0.7330439814814815 0.09027777777777776 0.16296296296296295
0 0.5262152777777778 0.9370563271604938 0.06805555555555555 0.12098765432098765
0 0.6104166666666667 0.4067708333333333 0.04583333333333333 0.06666666666666667
0 0.4491319444444445 0.38819444444444445 0.05138888888888889 0.08888888888888888
0 0.3170138888888889 0.2192901234567901 0.05277777777777778 0.11358024691358024
0 0.4145833333333333 0.24986496913580244 0.029166666666666664 0.07160493827160494
0 0.4449652777777778 0.27856867283950615 0.03055555555555555 0.07901234567901234
3 0.7159722222222222 0.8140432098765432 0.08194444444444444 0.1530864197530864
3 0.8236111111111111 0.8103202160493828 0.05972222222222222 0.09876543209876543
3 0.9717013888888889 0.5735532407407408 0.05277777777777778 0.08148148148148147
3 0.7607638888888889 0.7094135802469136 0.04027777777777777 0.09382716049382715