2 0.2689236111111111 0.951929012345679 0.07222222222222222 0.09135802469135802
0 0.14809027777777778 0.6288773148148148 0.15555555555555553 0.22962962962962963
0 0.17395833333333333 0.8209683641975308 0.16666666666666666 0.1950617283950617
0 0.2618055555555555 0.6903742283950617 0.1361111111111111 0.19012345679012346
0 0.5020833333333333 0.8044945987654322 0.19166666666666665 0.33086419753086416
1 0.36180555555555555 0.9095293209876543 0.1361111111111111 0.17530864197530863
1 0.3486111111111111 0.8148919753086419 0.13472222222222222 0.21728395061728395
0 0.25729166666666664 0.4727816358024691 0.13333333333333333 0.20493827160493824
0 0.19722222222222224 0.2940779320987654 0.13194444444444445 0.19753086419753085
1 0.2375 0.1971064814814815 0.15 0.16296296296296295
1 0.3902777777777778 0.5278742283950617 0.18055555555555552 0.19012345679012346
0 0.36180555555555555 0.3608603395061728 0.11111111111111112 0.21234567901234563
0 0.34097222222222223 0.14573688271604937 0.10694444444444444 0.23209876543209873
2 0.45121527777777776 0.2860146604938271 0.09305555555555554 0.1876543209876543
1 0.44722222222222224 0.13308256172839505 0.19444444444444445 0.2567901234567901
1 0.657986111111111 0.8095293209876543 0.1472222222222222 0.3753086419753086
1 0.7753472222222222 0.7320794753086419 0.20694444444444443 0.41728395061728396
1 0.5958333333333333 0.5074845679012345 0.07916666666666666 0.4024691358024691
0 0.515451388888889 0.39672067901234565 0.11527777777777777 0.22469135802469134
0 0.65625 0.5055169753086419 0.075 0.21728395061728395
1 0.6732638888888889 0.0722608024691358 0.15277777777777776 0.1382716049382716
2 0.6692708333333333 0.18356481481481482 0.12916666666666665 0.22962962962962963
1 0.5668402777777778 0.2169560185185185 0.08055555555555555 0.23703703703703702
0 0.7467013888888889 0.1939429012345679 0.07777777777777777 0.2691358024691358
0 0.7083333333333333 0.37621527777777775 0.17916666666666664 0.15555555555555553
0 0.8321180555555555 0.46234567901234563 0.12361111111111109 0.22469135802469134
1 0.8892361111111111 0.41263503086419745 0.1472222222222222 0.528395061728395
1 0.8930555555555555 0.7425154320987655 0.2111111111111111 0.19753086419753085
1 0.9467013888888889 0.8832175925925926 0.10277777777777777 0.18518518518518517
0 0.9362847222222221 0.22426697530864198 0.09444444444444444 0.21728395061728395
1 0.9743055555555555 0.4841820987654321 0.04861111111111111 0.33086419753086416