3 0.7239583333333333 0.6473186728395062 0.041666666666666664 0.07901234567901234
0 0.8741319444444444 0.810474537037037 0.05138888888888889 0.07407407407407407
0 0.7994791666666667 0.9585841049382717 0.04583333333333333 0.0765432098765432
0 0.13472222222222224 0.1132908950617284 0.08194444444444444 0.12345679012345678
0 0.20972222222222223 0.34174382716049384 0.06944444444444445 0.12098765432098765
0 0.3211805555555555 0.5247106481481482 0.04861111111111111 0.0962962962962963
0 0.4729166666666667 0.9381944444444444 0.05833333333333333 0.08888888888888888
0 0.30746527777777777 0.2476658950617284 0.05555555555555556 0.12345679012345678
0 0.48246527777777776 0.23234953703703703 0.043055555555555555 0.07407407407407407
0 0.5182291666666667 0.512866512345679 0.04583333333333333 0.09135802469135802
0 0.7192708333333333 0.47798996913580244 0.041666666666666664 0.07160493827160494