0 0.7076388888888889 0.31369598765432094 0.06527777777777778 0.10864197530864197
3 0.3446180555555555 0.27949459876543215 0.09861111111111111 0.1308641975308642
0 0.4515625 0.42463348765432096 0.0625 0.10864197530864197
3 0.6315972222222223 0.6548225308641975 0.09444444444444444 0.12839506172839504
3 0.8975694444444444 0.8266975308641975 0.12638888888888888 0.12839506172839504
3 0.8791666666666667 0.6428047839506172 0.07083333333333333 0.10123456790123457
1 0.6836805555555555 0.5686149691358025 0.09861111111111111 0.07160493827160494
1 0.7815972222222223 0.3728202160493827 0.09444444444444444 0.09876543209876543
1 0.625173611111111 0.7987461419753086 0.1222222222222222 0.1506172839506173
1 0.5977430555555555 0.8412615740740741 0.14861111111111108 0.14814814814814814
1 0.5817708333333333 0.938695987654321 0.09166666666666666 0.10864197530864197