1 0.8862847222222221 0.41915509259259254 0.05694444444444444 0.18518518518518517
1 0.9635416666666666 0.5891782407407408 0.07083333333333333 0.08148148148148147
3 0.8760416666666666 0.7860532407407408 0.04583333333333333 0.08148148148148147
3 0.6078125 0.2711033950617284 0.0875 0.12345679012345678
3 0.1578125 0.3905864197530864 0.075 0.10617283950617282
0 0.7505208333333333 0.8178433641975309 0.10416666666666666 0.1950617283950617
0 0.7541666666666667 0.1913966049382716 0.03333333333333333 0.0765432098765432
0 0.6805555555555556 0.03802083333333333 0.03611111111111111 0.06666666666666667
0 0.9263888888888889 0.29953703703703705 0.05277777777777778 0.07407407407407407
0 0.6704861111111111 0.18352623456790124 0.07222222222222222 0.13580246913580246
0 0.3329861111111111 0.3081211419753086 0.07222222222222222 0.1506172839506173
0 0.3890625 0.05752314814814814 0.0625 0.0962962962962963