0 0.03645833333333333 0.36886574074074074 0.05416666666666666 0.08148148148148147
0 0.2263888888888889 0.31385030864197533 0.04027777777777777 0.08395061728395062
0 0.38125 0.5011959876543209 0.0625 0.10864197530864197
0 0.5513888888888889 0.5537422839506172 0.06527777777777778 0.10123456790123457
0 0.15190972222222224 0.26153549382716046 0.04444444444444444 0.05432098765432099
0 0.4767361111111111 0.19346064814814815 0.05972222222222222 0.0962962962962963
0 0.5647569444444445 0.2757908950617284 0.05138888888888889 0.12345679012345678
0 0.5916666666666667 0.17544367283950618 0.04583333333333333 0.07901234567901234
0 0.6309027777777778 0.14633487654320987 0.043055555555555555 0.08641975308641975
0 0.6109375 0.3516782407407407 0.05 0.08148148148148147
0 0.6725694444444444 0.34673996913580246 0.05138888888888889 0.07160493827160494
0 0.29166666666666663 0.36712962962962964 0.04583333333333333 0.059259259259259255
0 0.2923611111111111 0.9244020061728395 0.08472222222222223 0.14567901234567898
0 0.21753472222222223 0.8350887345679012 0.06944444444444445 0.13580246913580246
0 0.31371527777777775 0.7116512345679012 0.06805555555555555 0.13580246913580246
3 0.5689236111111111 0.6719135802469136 0.05972222222222222 0.09382716049382715
3 0.5480902777777777 0.8614776234567902 0.06805555555555555 0.11358024691358024
3 0.3927083333333333 0.9165123456790123 0.07916666666666666 0.1580246913580247