3 0.8965277777777778 0.8726273148148149 0.10555555555555556 0.22962962962962963
3 0.968923611111111 0.420775462962963 0.05972222222222222 0.1259259259259259
1 0.8628472222222221 0.3023341049382716 0.08194444444444444 0.0765432098765432
0 0.9322916666666666 0.21263503086419755 0.05833333333333333 0.12839506172839504
0 0.7534722222222222 0.46612654320987656 0.11944444444444444 0.21975308641975308
0 0.84375 0.5291666666666667 0.0875 0.13333333333333333
3 0.8144097222222222 0.6890432098765432 0.06944444444444445 0.1530864197530864
3 0.8727430555555555 0.6089313271604938 0.0736111111111111 0.12098765432098765
3 0.8059027777777779 0.8587191358024692 0.09305555555555554 0.20493827160493824
1 0.4960069444444445 0.1443672839506173 0.06388888888888888 0.10123456790123457
1 0.5895833333333333 0.8012152777777779 0.16666666666666666 0.15555555555555553
1 0.546875 0.45688657407407407 0.15 0.14814814814814814