0 0.390625 0.04508101851851852 0.025 0.037037037037037035
0 0.41163194444444445 0.09812885802469136 0.02638888888888889 0.04938271604938271
0 0.3819444444444445 0.12748842592592594 0.02638888888888889 0.05185185185185185
0 0.17152777777777778 0.8400462962962963 0.10555555555555556 0.1925925925925926
0 0.984201388888889 0.837962962962963 0.02777777777777778 0.1259259259259259
0 0.943576388888889 0.7595871913580247 0.07777777777777777 0.11604938271604937
0 0.8640625 0.8376350308641974 0.1 0.12839506172839504
1 0.7881944444444444 0.8819637345679012 0.07638888888888888 0.13580246913580246
3 0.751736111111111 0.9198688271604938 0.09722222222222222 0.12098765432098765
3 0.5793402777777777 0.934837962962963 0.06805555555555555 0.1259259259259259
0 0.5298611111111111 0.5454475308641975 0.07222222222222222 0.12839506172839504
0 0.5274305555555555 0.2580246913580247 0.0611111111111111 0.11604938271604937
0 0.4953125 0.34643132716049385 0.075 0.12098765432098765
0 0.3706597222222222 0.39716435185185184 0.05694444444444444 0.1037037037037037
0 0.08628472222222222 0.40013503086419755 0.06944444444444445 0.12839506172839504
0 0.07378472222222222 0.1189429012345679 0.04444444444444444 0.0691358024691358
3 0.3194444444444445 0.36334876543209876 0.05138888888888889 0.06419753086419752
1 0.5746527777777778 0.7823881172839506 0.08055555555555555 0.16790123456790124
1 0.6578125 0.8263695987654321 0.0625 0.1308641975308642
1 0.9407986111111111 0.5415123456790123 0.10972222222222221 0.1580246913580247