1 0.9368055555555556 0.35462962962962963 0.12361111111111109 0.25925925925925924
0 0.20642361111111113 0.14400077160493827 0.1472222222222222 0.20987654320987653
0 0.2234375 0.560108024691358 0.15 0.18271604938271604
1 0.39565972222222223 0.5401813271604938 0.11944444444444444 0.12098765432098765
1 0.3902777777777778 0.3847608024691358 0.11805555555555555 0.1382716049382716
1 0.517361111111111 0.6729359567901234 0.07222222222222222 0.18024691358024691
0 0.3446180555555555 0.7187307098765432 0.12361111111111109 0.1530864197530864
0 0.7020833333333333 0.7680169753086419 0.12916666666666665 0.21728395061728395
0 0.35920138888888886 0.9626929012345679 0.11527777777777777 0.0691358024691358
0 0.6574652777777777 0.924074074074074 0.11805555555555555 0.14814814814814814
0 0.5975694444444445 0.6897183641975309 0.11388888888888889 0.1950617283950617