3 0.60703125 0.3810763888888889 0.0234375 0.04027777777777777
3 0.933984375 0.1554976851851852 0.02734375 0.045370370370370366
1 0.8018229166666666 0.9153935185185185 0.025520833333333333 0.08703703703703704
1 0.9266927083333334 0.968287037037037 0.03463541666666666 0.06157407407407407
3 0.53046875 0.4971064814814815 0.0265625 0.050462962962962966
3 0.516015625 0.4453125 0.03515625 0.0625
1 0.35872395833333337 0.662037037037037 0.029947916666666664 0.03657407407407407
3 0.50546875 0.915335648148148 0.0234375 0.046296296296296294
3 0.4763020833333333 0.8484953703703704 0.03072916666666666 0.053240740740740734
0 0.4875 0.6348958333333333 0.021875 0.041666666666666664
0 0.26276041666666666 0.9139467592592594 0.025520833333333333 0.031018518518518518
0 0.38802083333333337 0.41956018518518523 0.026041666666666664 0.045370370370370366