3 0.5520833333333333 0.44459876543209875 0.041666666666666664 0.06419753086419752
3 0.43819444444444444 0.36105324074074074 0.06388888888888888 0.08148148148148147
3 0.1482638888888889 0.28036265432098767 0.05277777777777778 0.04197530864197531
3 0.21041666666666664 0.2865354938271605 0.05833333333333333 0.05432098765432099
3 0.15902777777777777 0.42050540123456787 0.08055555555555555 0.0691358024691358
0 0.7251736111111111 0.48242669753086415 0.034722222222222224 0.06172839506172839
0 0.6213541666666667 0.6258680555555556 0.05833333333333333 0.11111111111111112
0 0.5291666666666667 0.26277006172839507 0.03333333333333333 0.05679012345679012
0 0.5274305555555555 0.36689814814814814 0.04861111111111111 0.0962962962962963
0 0.3859375 0.15208333333333332 0.05 0.06666666666666667
0 0.3111111111111111 0.4262731481481482 0.07222222222222222 0.0962962962962963
0 0.27083333333333337 0.5402584876543209 0.07916666666666666 0.10864197530864197
0 0.10243055555555554 0.8985146604938272 0.1361111111111111 0.1876543209876543