0 0.61328125 0.0822337962962963 0.0265625 0.055092592592592596
0 0.8165364583333334 0.27002314814814815 0.02682291666666666 0.046296296296296294
0 0.76484375 0.7561342592592593 0.0421875 0.0685185185185185
0 0.9501302083333334 0.6694444444444445 0.037760416666666664 0.06388888888888888
0 0.729296875 0.5633101851851852 0.02734375 0.05787037037037037
0 0.5528645833333333 0.9295717592592592 0.033854166666666664 0.0685185185185185
0 0.4638020833333333 0.8808449074074074 0.033854166666666664 0.06481481481481481
0 0.742578125 0.3296296296296296 0.02890625 0.07175925925925926
0 0.4962239583333333 0.0578125 0.03307291666666666 0.05
0 0.490625 0.12100694444444444 0.034375 0.06388888888888888
0 0.416796875 0.16649305555555555 0.04296875 0.0736111111111111
0 0.32838541666666665 0.22175925925925927 0.03177083333333333 0.0685185185185185
0 0.2921875 0.10538194444444444 0.040625 0.06388888888888888
0 0.22578125 0.18663194444444445 0.0421875 0.07638888888888888
0 0.125390625 0.4444444444444445 0.04140625 0.07638888888888888
0 0.13880208333333333 0.6094907407407407 0.04010416666666666 0.06898148148148148