2 0.8362847222222222 0.5800347222222222 0.04444444444444444 0.04444444444444444
0 0.6444444444444445 0.526466049382716 0.10138888888888889 0.16543209876543208
0 0.4842013888888889 0.4427276234567901 0.07777777777777777 0.11358024691358024
0 0.4111111111111111 0.22173996913580246 0.04722222222222222 0.07160493827160494
1 0.5670138888888889 0.9365547839506172 0.04027777777777777 0.10123456790123457
1 0.5050347222222222 0.8739197530864198 0.08194444444444444 0.1728395061728395
1 0.3203125 0.8228395061728395 0.075 0.14567901234567898
3 0.9272569444444445 0.2084297839506173 0.07638888888888888 0.10123456790123457
3 0.5357638888888889 0.3733796296296296 0.05277777777777778 0.059259259259259255
3 0.2595486111111111 0.9585841049382717 0.05972222222222222 0.0765432098765432
3 0.675 0.9563657407407407 0.0875 0.08148148148148147
3 0.5020833333333333 0.2914737654320988 0.06666666666666667 0.06419753086419752