1 0.24513888888888888 0.9351658950617283 0.05277777777777778 0.12345679012345678
0 0.3232638888888889 0.23144290123456787 0.04027777777777777 0.0691358024691358
0 0.6416666666666667 0.47768132716049383 0.08333333333333333 0.12098765432098765
0 0.4546875 0.7454475308641976 0.075 0.12839506172839504
3 0.628125 0.7277391975308641 0.05 0.06172839506172839
3 0.6361111111111111 0.6821759259259259 0.04722222222222222 0.05185185185185185
0 0.8711805555555555 0.7820408950617284 0.0736111111111111 0.12345679012345678
3 0.9520833333333334 0.739429012345679 0.09166666666666666 0.09135802469135802
0 0.6381944444444445 0.2573688271604938 0.06388888888888888 0.12098765432098765
3 0.861111111111111 0.08580246913580247 0.04722222222222222 0.07160493827160494
3 0.7607638888888889 0.2449266975308642 0.05277777777777778 0.06172839506172839
0 0.12795138888888888 0.19772376543209877 0.02777777777777778 0.06419753086419752
0 0.02673611111111111 0.2621913580246914 0.034722222222222224 0.04938271604938271
0 0.012673611111111111 0.41680169753086416 0.02222222222222222 0.06172839506172839
1 0.3407986111111111 0.9411651234567902 0.04722222222222222 0.11358024691358024