0 0.6694444444444445 0.04311342592592592 0.02638888888888889 0.05185185185185185
3 0.26614583333333336 0.12297453703703702 0.041666666666666664 0.07407407407407407
0 0.34496527777777775 0.028800154320987655 0.03055555555555555 0.04197530864197531
0 0.4529513888888889 0.28184799382716047 0.02777777777777778 0.05432098765432099
0 0.4989583333333333 0.04187885802469136 0.029166666666666664 0.04938271604938271
0 0.5588541666666667 0.04878472222222222 0.03333333333333333 0.04444444444444444
0 0.7838541666666667 0.2654899691358025 0.04583333333333333 0.07160493827160494
0 0.8114583333333334 0.41861496913580243 0.041666666666666664 0.07160493827160494
0 0.7631944444444445 0.35019290123456787 0.03888888888888888 0.0691358024691358
0 0.5755208333333333 0.5858024691358025 0.041666666666666664 0.07160493827160494
0 0.6647569444444444 0.6292245370370371 0.03888888888888888 0.07407407407407407
0 0.8515625 0.8012731481481481 0.075 0.0962962962962963
0 0.3392361111111111 0.7751350308641975 0.05972222222222222 0.12839506172839504
0 0.3590277777777778 0.5452546296296296 0.043055555555555555 0.059259259259259255
0 0.2748263888888889 0.5545524691358025 0.05277777777777778 0.07160493827160494
0 0.15920138888888888 0.2965663580246914 0.02777777777777778 0.04938271604938271
0 0.11232638888888888 0.1830054012345679 0.04027777777777777 0.0691358024691358