3 0.5409722222222222 0.3992862654320988 0.04444444444444444 0.06419753086419752
3 0.6020833333333333 0.47091049382716055 0.041666666666666664 0.05432098765432099
3 0.38211805555555556 0.6333333333333333 0.04861111111111111 0.06666666666666667
3 0.33836805555555555 0.6871141975308641 0.04861111111111111 0.06172839506172839
0 0.5416666666666667 0.2820023148148148 0.020833333333333332 0.029629629629629627
0 0.5723958333333333 0.22542438271604937 0.016666666666666666 0.03209876543209876
0 0.9779513888888889 0.3619598765432099 0.04027777777777777 0.08641975308641975
0 0.9489583333333333 0.22395833333333334 0.041666666666666664 0.06666666666666667
0 0.867361111111111 0.8358989197530864 0.05972222222222222 0.10617283950617282
0 0.7609375 0.7190393518518519 0.05 0.1037037037037037
0 0.7741319444444444 0.5906635802469136 0.06388888888888888 0.09382716049382715
0 0.6878472222222223 0.6110532407407407 0.04444444444444444 0.08148148148148147
0 0.6263888888888889 0.36458333333333337 0.04027777777777777 0.06666666666666667
0 0.4442708333333333 0.9072723765432098 0.041666666666666664 0.08641975308641975
0 0.3897569444444445 0.7911458333333333 0.02638888888888889 0.06666666666666667
0 0.4222222222222222 0.5459104938271605 0.03194444444444444 0.05432098765432099
0 0.3397569444444445 0.5418016975308642 0.02638888888888889 0.06172839506172839
0 0.15833333333333333 0.7771604938271606 0.041666666666666664 0.05432098765432099