0 0.5208333333333333 0.7116512345679012 0.07916666666666666 0.13580246913580246
3 0.7883680555555556 0.5538194444444444 0.03611111111111111 0.08888888888888888
3 0.784375 0.37199074074074073 0.0375 0.08148148148148147
0 0.5114583333333333 0.5694058641975308 0.06666666666666667 0.1950617283950617
0 0.5637152777777777 0.5549961419753087 0.05555555555555556 0.1506172839506173
0 0.5982638888888889 0.7935570987654321 0.07777777777777777 0.1308641975308642
0 0.6723958333333333 0.7512731481481482 0.05416666666666666 0.0962962962962963
0 0.7435763888888889 0.7155864197530863 0.06527777777777778 0.10617283950617282
0 0.6515625 0.6164930555555556 0.0625 0.11111111111111112
0 0.7890625 0.2976466049382716 0.0375 0.0765432098765432
0 0.8347222222222221 0.6862268518518518 0.05694444444444444 0.1037037037037037
0 0.6949652777777777 0.9285108024691358 0.08055555555555555 0.1382716049382716
0 0.9645833333333333 0.9370563271604938 0.06666666666666667 0.12098765432098765
0 0.6359375 0.04855324074074074 0.05 0.08148148148148147