1 0.7480902777777778 0.7544945987654321 0.10555555555555556 0.1308641975308642
3 0.30694444444444446 0.30588348765432094 0.08888888888888888 0.10864197530864197
3 0.6597222222222222 0.26080246913580246 0.05694444444444444 0.07160493827160494
3 0.7515625 0.27586805555555555 0.075 0.11111111111111112
3 0.6583333333333333 0.7697145061728394 0.07916666666666666 0.14567901234567898
3 0.7239583333333333 0.5913387345679013 0.07916666666666666 0.13580246913580246
0 0.6019097222222223 0.5993055555555555 0.05694444444444444 0.11111111111111112
0 0.6805555555555556 0.16236496913580248 0.04861111111111111 0.07160493827160494
0 0.6383680555555555 0.1622878086419753 0.04861111111111111 0.08395061728395062
0 0.4348958333333333 0.0392554012345679 0.041666666666666664 0.0691358024691358
0 0.4338541666666667 0.29691358024691356 0.05833333333333333 0.09382716049382715
0 0.2048611111111111 0.31689814814814815 0.07222222222222222 0.0962962962962963