0 0.8690972222222222 0.3835841049382716 0.04444444444444444 0.0765432098765432
0 0.8395833333333333 0.5092399691358025 0.041666666666666664 0.07160493827160494
0 0.7076388888888889 0.5354745370370371 0.04027777777777777 0.07407407407407407
0 0.5960069444444445 0.7548804012345679 0.05138888888888889 0.0691358024691358
0 0.5159722222222223 0.6795524691358025 0.04444444444444444 0.07160493827160494
0 0.42309027777777775 0.8984760802469136 0.043055555555555555 0.09382716049382715
0 0.27239583333333334 0.6634452160493828 0.06666666666666667 0.09876543209876543
0 0.29097222222222224 0.267554012345679 0.05694444444444444 0.09135802469135802
0 0.09652777777777777 0.28564814814814815 0.06805555555555555 0.0962962962962963
0 0.07899305555555555 0.6352430555555555 0.0736111111111111 0.11111111111111112
3 0.38819444444444445 0.3695216049382716 0.03888888888888888 0.0765432098765432
3 0.6006944444444444 0.6433641975308642 0.03888888888888888 0.06172839506172839
3 0.7309027777777778 0.6954282407407407 0.043055555555555555 0.08148148148148147
3 0.5888888888888889 0.9486304012345679 0.04027777777777777 0.0691358024691358
3 0.6166666666666667 0.9772376543209876 0.03333333333333333 0.04197530864197531
3 0.6402777777777777 0.9645833333333333 0.043055555555555555 0.06666666666666667
3 0.4427083333333333 0.6968364197530864 0.05416666666666666 0.10617283950617282
3 0.47829861111111105 0.6279899691358024 0.034722222222222224 0.07160493827160494
3 0.32135416666666666 0.5195216049382716 0.04583333333333333 0.0765432098765432
3 0.19756944444444444 0.6099151234567901 0.06388888888888888 0.11358024691358024