2 0.08506944444444445 0.4021412037037037 0.1638888888888889 0.2074074074074074
2 0.1388888888888889 0.20432098765432097 0.14027777777777778 0.10864197530864197
2 0.37569444444444444 0.32291666666666663 0.11388888888888889 0.13333333333333333
0 0.6010416666666667 0.14054783950617283 0.14583333333333331 0.21234567901234563
0 0.3277777777777778 0.4672067901234568 0.19305555555555554 0.24691358024691357
2 0.5359375 0.32301311728395066 0.1625 0.16790123456790124
2 0.49774305555555554 0.5241126543209876 0.1736111111111111 0.2419753086419753
2 0.31788194444444445 0.7322916666666666 0.17638888888888887 0.3333333333333333
2 0.14947916666666666 0.6675347222222222 0.2333333333333333 0.2444444444444444
2 0.720486111111111 0.27336033950617283 0.17222222222222222 0.21234567901234563
2 0.85 0.16045524691358024 0.2 0.22716049382716047
2 0.6932291666666666 0.8073109567901234 0.3333333333333333 0.3802469135802469
2 0.796701388888889 0.5644483024691358 0.25277777777777777 0.3382716049382716
0 0.1392361111111111 0.8500385802469136 0.2722222222222222 0.2938271604938271
0 0.9456597222222222 0.6436728395061728 0.10694444444444444 0.41234567901234565
0 0.9402777777777779 0.34232253086419756 0.11805555555555555 0.32839506172839505