0 0.8088541666666667 0.40760030864197533 0.05833333333333333 0.08395061728395062
0 0.584375 0.19994212962962962 0.0375 0.059259259259259255
0 0.6680555555555555 0.2527391975308642 0.03611111111111111 0.06172839506172839
0 0.8930555555555555 0.802758487654321 0.0736111111111111 0.10864197530864197
0 0.9430555555555555 0.9133873456790124 0.11111111111111112 0.1580246913580247
0 0.9833333333333334 0.6460841049382716 0.029166666666666664 0.0765432098765432
0 0.7284722222222222 0.5115354938271606 0.04444444444444444 0.05432098765432099
0 0.6375 0.6235532407407407 0.05 0.08148148148148147
0 0.6491319444444444 0.7506944444444444 0.05138888888888889 0.08888888888888888
0 0.5713541666666667 0.7774112654320987 0.03333333333333333 0.06419753086419752
0 0.4684027777777778 0.6117091049382716 0.043055555555555555 0.0765432098765432
0 0.5637152777777777 0.5463348765432099 0.043055555555555555 0.08641975308641975
0 0.4100694444444445 0.5127700617283951 0.03888888888888888 0.05679012345679012
0 0.36614583333333334 0.5464891975308641 0.041666666666666664 0.06172839506172839
0 0.3984375 0.6785686728395062 0.05 0.07901234567901234
3 0.779513888888889 0.679224537037037 0.05277777777777778 0.07407407407407407
3 0.5850694444444444 0.8804591049382717 0.05138888888888889 0.0765432098765432
3 0.45902777777777776 0.951929012345679 0.06805555555555555 0.09135802469135802