0 0.7088541666666667 0.1117091049382716 0.04583333333333333 0.0765432098765432
0 0.9322916666666666 0.26830632716049385 0.07083333333333333 0.12098765432098765
0 0.8003472222222221 0.2634452160493827 0.05694444444444444 0.09876543209876543
0 0.7630208333333333 0.3418981481481481 0.07916666666666666 0.0962962962962963
0 0.70625 0.26631944444444444 0.0625 0.08888888888888888
0 0.48767361111111107 0.18053626543209877 0.04722222222222222 0.06419753086419752
0 0.08159722222222222 0.31888503086419756 0.06944444444444445 0.12839506172839504
0 0.08923611111111111 0.42010030864197534 0.04722222222222222 0.08395061728395062
0 0.23541666666666666 0.598533950617284 0.13333333333333333 0.2345679012345679
0 0.3902777777777778 0.9649112654320987 0.09305555555555554 0.06419753086419752
3 0.14184027777777777 0.9500385802469136 0.08055555555555555 0.09382716049382715
1 0.5796875 0.2518518518518519 0.1125 0.1037037037037037
1 0.7112847222222223 0.48597608024691363 0.11944444444444444 0.09382716049382715