3 0.303125 0.6294753086419753 0.0625 0.08395061728395062
3 0.5116319444444445 0.5653549382716049 0.10138888888888889 0.14320987654320988
3 0.19496527777777778 0.8128472222222222 0.14305555555555555 0.2444444444444444
3 0.08888888888888888 0.46419753086419757 0.10277777777777777 0.12839506172839504
3 0.14878472222222222 0.32816358024691356 0.09444444444444444 0.09382716049382715
0 0.728298611111111 0.8696373456790123 0.09722222222222222 0.1580246913580247
0 0.24756944444444445 0.533449074074074 0.10138888888888889 0.14814814814814814
0 0.7881944444444444 0.41213348765432095 0.06388888888888888 0.10864197530864197
0 0.5973958333333333 0.4757908950617284 0.06666666666666667 0.12345679012345678
0 0.5375 0.3289158950617284 0.0625 0.12345679012345678
0 0.38819444444444445 0.1345871913580247 0.06388888888888888 0.11604938271604937
0 0.2048611111111111 0.14658564814814815 0.07222222222222222 0.0962962962962963