2 0.23923611111111112 0.9497106481481481 0.05972222222222222 0.0962962962962963
0 0.22465277777777776 0.31354166666666666 0.08055555555555555 0.13333333333333333
0 0.18645833333333334 0.39880401234567897 0.06666666666666667 0.09135802469135802
0 0.290625 0.42052469135802467 0.05 0.11604938271604937
0 0.29097222222222224 0.5702932098765432 0.06944444444444445 0.1530864197530864
0 0.6791666666666667 0.5963541666666666 0.17083333333333334 0.3333333333333333
3 0.3154513888888889 0.20713734567901235 0.05277777777777778 0.1580246913580247
3 0.39427083333333335 0.5676697530864198 0.07916666666666666 0.1728395061728395
1 0.39010416666666664 0.8019290123456789 0.07083333333333333 0.09135802469135802
1 0.45763888888888893 0.8368827160493828 0.05277777777777778 0.09876543209876543
3 0.3914930555555555 0.8941936728395061 0.04861111111111111 0.07901234567901234