0 0.8963541666666666 0.7031635802469136 0.04583333333333333 0.09382716049382715
0 0.07100694444444444 0.1324266975308642 0.03888888888888888 0.06172839506172839
0 0.5326388888888889 0.1609567901234568 0.02777777777777778 0.046913580246913576
0 0.6637152777777777 0.09533179012345679 0.03055555555555555 0.046913580246913576
0 0.628125 0.1905864197530864 0.0625 0.10617283950617282
0 0.8402777777777779 0.1142554012345679 0.043055555555555555 0.0691358024691358
0 0.9267361111111111 0.2660686728395062 0.05972222222222222 0.07901234567901234
0 0.8352430555555556 0.3635223765432099 0.04861111111111111 0.08641975308641975
0 0.7585069444444444 0.27058256172839507 0.03888888888888888 0.05679012345679012
0 0.6609375 0.26178626543209876 0.0375 0.06419753086419752
0 0.5465277777777777 0.48966049382716054 0.03055555555555555 0.05432098765432099
0 0.5479166666666667 0.6789737654320988 0.03333333333333333 0.06419753086419752
0 0.4053819444444445 0.7782407407407408 0.02638888888888889 0.08148148148148147
0 0.36128472222222224 0.8052854938271604 0.03194444444444444 0.05432098765432099
0 0.3017361111111111 0.8390046296296296 0.034722222222222224 0.059259259259259255