0 0.4197916666666667 0.645679012345679 0.04583333333333333 0.09135802469135802
0 0.38177083333333334 0.6497878086419753 0.041666666666666664 0.08395061728395062
3 0.46267361111111105 0.4411458333333333 0.04722222222222222 0.06666666666666667
3 0.6194444444444445 0.7170524691358025 0.05138888888888889 0.07160493827160494
3 0.4666666666666667 0.7475694444444445 0.05833333333333333 0.08888888888888888
3 0.40347222222222223 0.7301311728395061 0.04444444444444444 0.07901234567901234
3 0.184375 0.6104938271604938 0.0875 0.12098765432098765
0 0.19375 0.744945987654321 0.075 0.10864197530864197
0 0.04097222222222222 0.33267746913580243 0.05694444444444444 0.07160493827160494
0 0.6098958333333333 0.30059799382716046 0.029166666666666664 0.05432098765432099
0 0.21197916666666666 0.5242091049382716 0.04583333333333333 0.0765432098765432
0 0.27708333333333335 0.4848958333333333 0.041666666666666664 0.06666666666666667
0 0.321875 0.42798996913580245 0.0375 0.07160493827160494
0 0.4767361111111111 0.5451774691358025 0.04722222222222222 0.07160493827160494
0 0.5532986111111111 0.4705825617283951 0.034722222222222224 0.05679012345679012
0 0.5333333333333333 0.3074266975308642 0.029166666666666664 0.06172839506172839
0 0.3454861111111111 0.9709104938271604 0.07222222222222222 0.05432098765432099