1 0.47326388888888893 0.8706790123456789 0.07777777777777777 0.09135802469135802
1 0.3315972222222222 0.8725308641975309 0.06944444444444445 0.1950617283950617
1 0.3767361111111111 0.6969328703703704 0.08472222222222223 0.14074074074074075
0 0.4032986111111111 0.28302469135802466 0.05972222222222222 0.11604938271604937
0 0.36041666666666666 0.3955246913580247 0.05833333333333333 0.11604938271604937
0 0.27100694444444445 0.19380787037037037 0.07638888888888888 0.14074074074074075
0 0.5048611111111111 0.6655285493827161 0.09722222222222222 0.16543209876543208
0 0.2875 0.9731288580246913 0.1125 0.04938271604938271
3 0.4404513888888889 0.9500385802469136 0.10277777777777777 0.09382716049382715
2 0.19166666666666665 0.7650462962962963 0.12083333333333332 0.1925925925925926
1 0.3836805555555555 0.5901041666666667 0.0611111111111111 0.13333333333333333