0 0.4802083333333333 0.13192515432098767 0.029166666666666664 0.04197530864197531
3 0.8022569444444445 0.930787037037037 0.03888888888888888 0.07407407407407407
1 0.6746527777777778 0.4376543209876543 0.09305555555555554 0.17530864197530863
3 0.46944444444444444 0.969020061728395 0.05138888888888889 0.05679012345679012
3 0.2204861111111111 0.9423032407407407 0.04722222222222222 0.08148148148148147
3 0.16979166666666665 0.8954282407407407 0.05833333333333333 0.08148148148148147
3 0.36059027777777775 0.8195987654320988 0.043055555555555555 0.06419753086419752
3 0.5538194444444444 0.572241512345679 0.05138888888888889 0.09135802469135802
3 0.43125 0.3296489197530864 0.0625 0.10617283950617282
3 0.05902777777777777 0.6599922839506173 0.06805555555555555 0.10123456790123457
0 0.593923611111111 0.9102430555555555 0.05972222222222222 0.11111111111111112
0 0.3373263888888889 0.7342399691358025 0.05277777777777778 0.07160493827160494
0 0.8460069444444445 0.9210069444444444 0.05138888888888889 0.08888888888888888
0 0.6114583333333333 0.16655092592592594 0.029166666666666664 0.05185185185185185
0 0.6493055555555556 0.6196952160493827 0.04861111111111111 0.09876543209876543
0 0.5215277777777778 0.37035108024691354 0.05555555555555556 0.09382716049382715
0 0.23489583333333336 0.3207561728395062 0.05416666666666666 0.07901234567901234