0 0.6789930555555556 0.6547260802469136 0.04861111111111111 0.09382716049382715
3 0.6774305555555555 0.8141010802469136 0.0611111111111111 0.09382716049382715
3 0.7348958333333333 0.8010223765432098 0.05416666666666666 0.08641975308641975
3 0.68125 0.7298032407407408 0.05 0.08148148148148147
3 0.7215277777777778 0.6876157407407407 0.05555555555555556 0.08148148148148147
0 0.6588541666666667 0.9712384259259259 0.07083333333333333 0.05185185185185185
1 0.5107638888888889 0.7488811728395062 0.07777777777777777 0.07901234567901234
1 0.4932291666666667 0.5938657407407407 0.07083333333333333 0.08148148148148147
0 0.6055555555555555 0.5968364197530864 0.0611111111111111 0.10617283950617282
0 0.751736111111111 0.5020061728395062 0.034722222222222224 0.07901234567901234
0 0.38020833333333337 0.37330246913580245 0.041666666666666664 0.07160493827160494
0 0.34930555555555554 0.29081790123456785 0.04861111111111111 0.0691358024691358
0 0.32743055555555556 0.41105324074074073 0.04861111111111111 0.08148148148148147
0 0.3138888888888889 0.12337962962962963 0.04027777777777777 0.059259259259259255
0 0.08472222222222223 0.08088348765432099 0.04444444444444444 0.10864197530864197