1 0.8805555555555555 0.5748456790123456 0.2361111111111111 0.22469135802469134
1 0.7083333333333333 0.6930941358024691 0.10416666666666666 0.4049382716049383
1 0.7133680555555555 0.4337962962962963 0.1361111111111111 0.1925925925925926
1 0.49548611111111107 0.4421682098765432 0.1597222222222222 0.1530864197530864
2 0.5866319444444444 0.45111882716049384 0.1388888888888889 0.12098765432098765
2 0.50625 0.5747299382716049 0.125 0.14320987654320988
2 0.5342013888888889 0.6985146604938272 0.15277777777777776 0.1876543209876543
2 0.562673611111111 0.9266203703703704 0.22222222222222224 0.14074074074074075
2 0.9527777777777778 0.4375578703703704 0.09305555555555554 0.14074074074074075
2 0.9170138888888889 0.30978009259259254 0.15277777777777776 0.18518518518518517
2 0.9717013888888889 0.09947916666666666 0.05277777777777778 0.13333333333333333