3 0.29809027777777775 0.14056712962962964 0.043055555555555555 0.059259259259259255
0 0.10694444444444444 0.42642746913580243 0.07638888888888888 0.07160493827160494
0 0.41996527777777776 0.25260416666666663 0.06805555555555555 0.13333333333333333
0 0.6152777777777778 0.0796682098765432 0.06805555555555555 0.1530864197530864
0 0.7119791666666667 0.6184992283950617 0.10833333333333332 0.19012345679012346
0 0.9133680555555556 0.9437114197530864 0.08611111111111111 0.10617283950617282
0 0.26458333333333334 0.6983217592592592 0.09166666666666666 0.11851851851851851
3 0.17638888888888887 0.6918788580246914 0.06527777777777778 0.04938271604938271
3 0.35277777777777775 0.6497878086419753 0.043055555555555555 0.08395061728395062
3 0.41857638888888893 0.6729359567901234 0.10277777777777777 0.18024691358024691
3 0.3701388888888889 0.8262152777777778 0.07777777777777777 0.15555555555555553
3 0.33871527777777777 0.37725694444444446 0.043055555555555555 0.08888888888888888