3 0.8402777777777779 0.42488425925925927 0.06805555555555555 0.11851851851851851
3 0.788888888888889 0.4393518518518518 0.06527777777777778 0.1037037037037037
3 0.5980902777777778 0.6217399691358024 0.05555555555555556 0.07160493827160494
3 0.34392361111111114 0.8429591049382716 0.04722222222222222 0.0765432098765432
3 0.17378472222222224 0.9712384259259259 0.06944444444444445 0.05185185185185185
0 0.5786458333333333 0.5310378086419754 0.05416666666666666 0.08395061728395062
0 0.42013888888888895 0.5197723765432098 0.05277777777777778 0.08641975308641975
0 0.5449652777777778 0.9411651234567902 0.08055555555555555 0.11358024691358024
0 0.38350694444444444 0.834664351851852 0.03888888888888888 0.1037037037037037
0 0.38645833333333335 0.7404128086419753 0.041666666666666664 0.08395061728395062
0 0.2543402777777778 0.5464891975308641 0.043055555555555555 0.06172839506172839
0 0.09079861111111112 0.5248649691358025 0.05972222222222222 0.07160493827160494
0 0.15486111111111112 0.708179012345679 0.07222222222222222 0.09135802469135802
0 0.8734375 0.1277006172839506 0.1 0.16790123456790124
0 0.7027777777777777 0.5382908950617284 0.06805555555555555 0.12345679012345678