1 0.10902777777777777 0.7308256172839507 0.14305555555555555 0.16790123456790124
0 0.5137152777777778 0.48061342592592593 0.03055555555555555 0.05185185185185185
3 0.634548611111111 0.7059413580246914 0.04722222222222222 0.04938271604938271
3 0.49357638888888894 0.7758487654320987 0.05277777777777778 0.06419753086419752
3 0.44340277777777776 0.7410686728395062 0.05555555555555556 0.07901234567901234
3 0.2765625 0.763599537037037 0.05 0.07407407407407407
3 0.22534722222222223 0.5836805555555555 0.06944444444444445 0.11111111111111112
3 0.20972222222222223 0.33576388888888886 0.13194444444444445 0.17777777777777776
0 0.33229166666666665 0.8772762345679013 0.07083333333333333 0.13580246913580246
0 0.3939236111111111 0.6288387345679013 0.05972222222222222 0.13580246913580246
0 0.371875 0.4053819444444445 0.05 0.08888888888888888
0 0.425 0.3266010802469136 0.0625 0.09382716049382715
0 0.18315972222222224 0.021643518518518517 0.05694444444444444 0.037037037037037035
0 0.12204861111111112 0.10109953703703703 0.05972222222222222 0.07407407407407407