0 0.7586805555555556 0.5094135802469136 0.0611111111111111 0.09382716049382715
0 0.7131944444444445 0.4252893518518518 0.06388888888888888 0.1037037037037037
0 0.7256944444444444 0.3612075617283951 0.03888888888888888 0.05679012345679012
0 0.7362847222222222 0.3223958333333333 0.04444444444444444 0.06666666666666667
0 0.6074652777777778 0.08736496913580247 0.03055555555555555 0.07160493827160494
0 0.5010416666666667 0.09048996913580247 0.04583333333333333 0.07160493827160494
0 0.43628472222222225 0.07141203703703704 0.04444444444444444 0.07407407407407407
0 0.26579861111111114 0.04048996913580247 0.04722222222222222 0.07160493827160494
0 0.38090277777777776 0.33630401234567897 0.05555555555555556 0.09135802469135802
0 0.8397569444444445 0.9474922839506172 0.11388888888888889 0.10123456790123457
0 0.6210069444444445 0.7556327160493828 0.05138888888888889 0.09876543209876543
0 0.5230902777777777 0.7208526234567901 0.06805555555555555 0.11358024691358024
0 0.240625 0.9563657407407407 0.0875 0.08148148148148147
0 0.27621527777777777 0.6712577160493828 0.06805555555555555 0.09876543209876543
0 0.1701388888888889 0.6807291666666667 0.10277777777777777 0.13333333333333333
3 0.16371527777777778 0.15003858024691358 0.06805555555555555 0.09382716049382715