0 0.47586805555555556 0.6290895061728394 0.08611111111111111 0.14567901234567898
0 0.672048611111111 0.1802276234567901 0.07222222222222222 0.11358024691358024
0 0.7699652777777778 0.13657407407407407 0.08055555555555555 0.14814814814814814
3 0.17881944444444445 0.4770640432098766 0.1388888888888889 0.21975308641975308
3 0.29444444444444445 0.16604938271604935 0.12638888888888888 0.23209876543209873
3 0.6029513888888889 0.2610918209876543 0.10277777777777777 0.17530864197530863
1 0.7173611111111111 0.4102623456790123 0.1222222222222222 0.1580246913580247
1 0.718576388888889 0.6701195987654321 0.15277777777777776 0.1308641975308642
3 0.8791666666666667 0.19701003086419752 0.09583333333333333 0.12839506172839504
3 0.4270833333333333 0.8814814814814815 0.09166666666666666 0.16296296296296295
3 0.5248263888888889 0.826388888888889 0.10277777777777777 0.17777777777777776