0 0.7972222222222223 0.33587962962962964 0.03194444444444444 0.059259259259259255
0 0.7347222222222223 0.22494212962962962 0.03194444444444444 0.059259259259259255
1 0.8486111111111111 0.9151813271604938 0.05972222222222222 0.12098765432098765
3 0.5944444444444444 0.9541473765432098 0.08888888888888888 0.08641975308641975
3 0.8065972222222222 0.6574459876543209 0.06944444444444445 0.10864197530864197
0 0.24583333333333335 0.29575617283950617 0.05416666666666666 0.07901234567901234
0 0.10052083333333332 0.3598186728395062 0.06666666666666667 0.07901234567901234
0 0.7034722222222223 0.26425540123456787 0.03194444444444444 0.0691358024691358
0 0.789236111111111 0.49081790123456787 0.034722222222222224 0.0691358024691358
0 0.6274305555555555 0.8655864197530864 0.0736111111111111 0.10617283950617282
0 0.28125 0.5316165123456791 0.075 0.09135802469135802
0 0.4026041666666667 0.3431327160493827 0.05833333333333333 0.09876543209876543
0 0.4769097222222222 0.20439814814814813 0.06944444444444445 0.0962962962962963