0 0.631076388888889 0.45613425925925927 0.09027777777777776 0.11851851851851851
0 0.5611111111111111 0.6177276234567901 0.07222222222222222 0.11358024691358024
0 0.46163194444444444 0.969020061728395 0.10138888888888889 0.05679012345679012
0 0.30694444444444446 0.9389467592592592 0.1638888888888889 0.11851851851851851
0 0.2611111111111111 0.6720100308641975 0.10972222222222221 0.12839506172839504
0 0.3241319444444445 0.5029320987654321 0.11388888888888889 0.1308641975308642
0 0.37309027777777776 0.4288966049382716 0.05555555555555556 0.0765432098765432
0 0.06180555555555556 0.31180555555555556 0.0611111111111111 0.11111111111111112
0 0.15138888888888888 0.15084876543209877 0.05277777777777778 0.06419753086419752
0 0.20607638888888888 0.4458333333333333 0.06527777777777778 0.06666666666666667
3 0.7284722222222222 0.8341049382716049 0.10694444444444444 0.14320987654320988
3 0.9078125 0.6387924382716049 0.1125 0.14320987654320988
3 0.756076388888889 0.6056327160493827 0.07777777777777777 0.09876543209876543
3 0.6234375 0.628491512345679 0.0625 0.09135802469135802
1 0.8743055555555556 0.7261381172839506 0.11111111111111112 0.16790123456790124
1 0.697048611111111 0.7710069444444445 0.08472222222222223 0.08888888888888888
1 0.7284722222222222 0.591087962962963 0.06944444444444445 0.1259259259259259
1 0.6418402777777777 0.686574074074074 0.06805555555555555 0.14814814814814814
1 0.7005208333333333 0.4810378086419753 0.041666666666666664 0.08395061728395062
1 0.7369791666666667 0.3992862654320988 0.03333333333333333 0.06419753086419752
1 0.25729166666666664 0.3974729938271605 0.07083333333333333 0.05432098765432099
1 0.13489583333333333 0.6516010802469137 0.11666666666666665 0.09382716049382715
1 0.15173611111111113 0.4890046296296296 0.07222222222222222 0.059259259259259255