3 0.9787760416666667 0.5131944444444445 0.04192708333333333 0.08888888888888888
3 0.7141927083333333 0.30711805555555555 0.06588541666666667 0.0611111111111111
3 0.571875 0.22592592592592592 0.04375 0.02685185185185185
3 0.6109375 0.965625 0.146875 0.06875
0 0.377734375 0.8677662037037036 0.05546875 0.1324074074074074
0 0.35911458333333335 0.7032407407407407 0.08072916666666666 0.10648148148148147
3 0.4231770833333333 0.2669560185185185 0.03697916666666666 0.037037037037037035
3 0.33723958333333337 0.2325810185185185 0.033854166666666664 0.037037037037037035
3 0.325 0.1962962962962963 0.028125 0.030092592592592594
3 0.25846354166666663 0.20850694444444445 0.029427083333333333 0.03888888888888888
3 0.16966145833333332 0.15677083333333333 0.029947916666666664 0.041666666666666664