0 0.7095486111111111 0.15414737654320987 0.05972222222222222 0.08641975308641975
3 0.621875 0.18229166666666666 0.0875 0.13333333333333333
3 0.4423611111111111 0.07758487654320986 0.04722222222222222 0.08641975308641975
0 0.33611111111111114 0.19371141975308642 0.02222222222222222 0.10617283950617282
0 0.37743055555555555 0.2385223765432099 0.04861111111111111 0.08641975308641975
0 0.5619791666666667 0.08721064814814813 0.05833333333333333 0.0962962962962963
0 0.9395833333333334 0.2642939814814815 0.11666666666666665 0.16296296296296295
3 0.6225694444444445 0.8286458333333334 0.02638888888888889 0.06666666666666667
0 0.5130208333333333 0.430150462962963 0.06666666666666667 0.1259259259259259
0 0.6484375 0.4720871913580247 0.075 0.11604938271604937
0 0.5625 0.7029320987654322 0.0625 0.1308641975308642
0 0.6614583333333333 0.9712384259259259 0.06666666666666667 0.05185185185185185
0 0.5909722222222222 0.9474922839506172 0.06944444444444445 0.10123456790123457
3 0.7722222222222223 0.3820216049382716 0.06944444444444445 0.0765432098765432
3 0.8663194444444444 0.8943287037037037 0.1638888888888889 0.2074074074074074
3 0.34010416666666665 0.9626929012345679 0.08333333333333333 0.0691358024691358