0 0.43993055555555555 0.5046489197530863 0.0611111111111111 0.10617283950617282
0 0.4717013888888889 0.7415895061728395 0.09027777777777776 0.14567901234567898
0 0.5767361111111111 0.9067901234567902 0.07222222222222222 0.11358024691358024
3 0.17621527777777776 0.6241319444444444 0.06805555555555555 0.08888888888888888
3 0.13559027777777777 0.905054012345679 0.06805555555555555 0.09135802469135802
3 0.4854166666666667 0.41475694444444444 0.05833333333333333 0.08888888888888888
3 0.5597222222222222 0.394116512345679 0.05694444444444444 0.09135802469135802
3 0.6875 0.4638503086419753 0.0625 0.08395061728395062
3 0.5012152777777777 0.8708526234567902 0.05555555555555556 0.11358024691358024
3 0.35381944444444446 0.8923032407407406 0.05138888888888889 0.08148148148148147
2 0.9359375 0.8401813271604939 0.0875 0.12098765432098765
1 0.6229166666666667 0.4286458333333333 0.08333333333333333 0.06666666666666667
1 0.39340277777777777 0.4411458333333333 0.05555555555555556 0.06666666666666667