3 0.17356770833333332 0.13686342592592593 0.037760416666666664 0.06435185185185185
3 0.26692708333333337 0.10028935185185187 0.027604166666666662 0.0662037037037037
3 0.328515625 0.32309027777777777 0.03828125 0.05555555555555556
3 0.34908854166666664 0.06556712962962963 0.016927083333333332 0.04675925925925926
1 0.3203125 0.19282407407407406 0.028125 0.08564814814814814
0 0.35065104166666666 0.1951388888888889 0.04505208333333333 0.09027777777777776
3 0.6212239583333333 0.27112268518518523 0.03307291666666666 0.05787037037037037
3 0.840234375 0.31475694444444446 0.03359375 0.05138888888888889
3 0.8516927083333334 0.3618634259259259 0.04088541666666666 0.039351851851851846
3 0.7989583333333333 0.6726851851851852 0.03854166666666666 0.07037037037037037
3 0.8622395833333334 0.559375 0.033854166666666664 0.05
3 0.93125 0.41782407407407407 0.0375 0.035648148148148144
3 0.952734375 0.5040509259259259 0.04921875 0.05185185185185185
3 0.37213541666666666 0.48790509259259257 0.009895833333333333 0.07268518518518519
3 0.5143229166666667 0.547048611111111 0.04427083333333333 0.05972222222222222
1 0.34986979166666665 0.8557291666666667 0.09973958333333333 0.12083333333333332
3 0.708984375 0.8002893518518519 0.06171875 0.07870370370370369
3 0.8484375 0.8583912037037036 0.05 0.09490740740740741
3 0.9796875 0.859375 0.040625 0.0875