3 0.5828125 0.3263888888888889 0.040625 0.05277777777777778
3 0.532421875 0.23431712962962964 0.03984375 0.059259259259259255
3 0.7278645833333333 0.03697916666666666 0.04010416666666666 0.03333333333333333
3 0.9079427083333333 0.565162037037037 0.028385416666666663 0.04907407407407407
3 0.819140625 0.548900462962963 0.03828125 0.07592592592592592
3 0.7872395833333333 0.5976273148148148 0.024479166666666666 0.04212962962962963
3 0.7131510416666667 0.7355902777777777 0.03255208333333333 0.043055555555555555
3 0.623828125 0.5481481481481482 0.02890625 0.046296296296296294
3 0.34921875 0.68125 0.0453125 0.0875
3 0.14479166666666668 0.26087962962962963 0.03958333333333333 0.04675925925925926
3 0.144921875 0.14971064814814813 0.03359375 0.021296296296296296
3 0.16302083333333334 0.19947916666666668 0.041666666666666664 0.020833333333333332