3 0.21575520833333334 0.35572916666666665 0.05026041666666666 0.05833333333333333
3 0.42890625 0.15532407407407406 0.0421875 0.04814814814814815
3 0.275 0.22800925925925924 0.05625 0.08101851851851852
3 0.29322916666666665 0.14699074074074076 0.055208333333333325 0.08148148148148147
3 0.45 0.536400462962963 0.0625 0.11342592592592593
3 0.3782552083333333 0.39826388888888886 0.10651041666666665 0.12777777777777777
3 0.4756510416666667 0.41290509259259256 0.07630208333333333 0.09768518518518518
3 0.37473958333333335 0.3046875 0.06822916666666666 0.05
3 0.423046875 0.250462962962963 0.05546875 0.06342592592592591
3 0.4834635416666667 0.24670138888888887 0.060677083333333326 0.07777777777777777
3 0.5365885416666667 0.21788194444444448 0.051302083333333325 0.06388888888888888
3 0.673046875 0.19751157407407408 0.06484375 0.09814814814814814
3 0.6494791666666667 0.1228587962962963 0.06145833333333332 0.08009259259259259
3 0.92265625 0.7939814814814815 0.0953125 0.13796296296296295
3 0.71484375 0.93828125 0.1078125 0.1234375
3 0.15651041666666665 0.602662037037037 0.07552083333333333 0.12407407407407407
3 0.13424479166666664 0.8590277777777778 0.08098958333333332 0.18055555555555552
1 0.8684895833333334 0.6196759259259259 0.07447916666666667 0.16435185185185183
1 0.5381510416666667 0.609201388888889 0.10755208333333333 0.11527777777777777