0 0.90546875 0.8731481481481481 0.0828125 0.10879629629629628
3 0.9578125 0.26015625 0.084375 0.0984375
3 0.8631510416666666 0.12644675925925924 0.07630208333333333 0.0685185185185185
3 0.6932291666666667 0.1511574074074074 0.08020833333333333 0.07731481481481481
3 0.5567708333333333 0.051041666666666666 0.035416666666666666 0.05833333333333333
3 0.4389322916666667 0.028182870370370365 0.03411458333333333 0.053240740740740734
3 0.320703125 0.40162037037037035 0.02265625 0.04074074074074074
3 0.4735677083333333 0.4986689814814815 0.037760416666666664 0.025462962962962958
3 0.5684895833333333 0.6285879629629629 0.06510416666666666 0.050925925925925916
3 0.5341145833333333 0.6724537037037037 0.06197916666666666 0.05740740740740741
3 0.441015625 0.742650462962963 0.06640625 0.08842592592592592
3 0.4688802083333333 0.5758101851851852 0.037760416666666664 0.045370370370370366
3 0.2752604166666667 0.11730324074074075 0.028645833333333332 0.043981481481481476