3 0.05546875 0.49496527777777777 0.0234375 0.06805555555555555
3 0.380078125 0.40393518518518523 0.05078125 0.07037037037037037
3 0.5102864583333333 0.3998263888888889 0.05807291666666666 0.05277777777777778
3 0.5921875 0.3422453703703704 0.0625 0.04074074074074074
3 0.5610677083333333 0.5370949074074074 0.08151041666666667 0.1398148148148148
0 0.38333333333333336 0.28130787037037036 0.06041666666666666 0.06574074074074074
0 0.4203125 0.3408564814814815 0.040625 0.07546296296296295
3 0.6532552083333333 0.038773148148148154 0.04401041666666666 0.033796296296296297
3 0.8348958333333334 0.17858796296296295 0.03229166666666666 0.050925925925925916
3 0.90546875 0.94921875 0.0484375 0.1015625
3 0.56328125 0.96328125 0.0453125 0.0734375