3 0.6350260416666667 0.33848379629629627 0.02630208333333333 0.04259259259259259
3 0.6630208333333333 0.21643518518518517 0.03229166666666666 0.03287037037037037
3 0.713671875 0.18819444444444444 0.02421875 0.02638888888888889
3 0.8411458333333334 0.2960648148148148 0.03854166666666666 0.054629629629629625
3 0.7830729166666667 0.2703125 0.04427083333333333 0.0625
3 0.320703125 0.8142939814814815 0.03203125 0.050462962962962966
3 0.5541666666666667 0.5512731481481482 0.042708333333333334 0.05879629629629629
1 0.38203125 0.5655092592592592 0.0359375 0.031018518518518518
3 0.30299479166666665 0.6484953703703703 0.03098958333333333 0.02824074074074074
3 0.328125 0.31464120370370374 0.025 0.04490740740740741
3 0.29231770833333337 0.253125 0.025260416666666664 0.0375
0 0.662109375 0.7060185185185185 0.07734375 0.12453703703703703