2 0.8 0.6260416666666667 0.059375 0.05833333333333333
2 0.5408854166666667 0.2548611111111111 0.034895833333333334 0.04722222222222222
2 0.576171875 0.2677083333333333 0.03671875 0.041666666666666664
2 0.3494791666666667 0.2820023148148148 0.06770833333333333 0.11712962962962963
2 0.060807291666666666 0.36898148148148147 0.07473958333333333 0.10046296296296295
2 0.15247395833333333 0.2543402777777778 0.06744791666666666 0.09305555555555554
2 0.587109375 0.08362268518518519 0.07421875 0.09537037037037036
2 0.5481770833333333 0.17303240740740738 0.09010416666666667 0.11481481481481481
2 0.36497395833333335 0.6212384259259259 0.09869791666666666 0.17685185185185184
2 0.633984375 0.7515625 0.16484375 0.275
2 0.4260416666666667 0.02777777777777778 0.06458333333333333 0.05555555555555556
2 0.4928385416666667 0.29814814814814816 0.05442708333333333 0.0962962962962963
2 0.451171875 0.2321759259259259 0.05234375 0.08935185185185185