0 0.83515625 0.14548611111111112 0.0296875 0.05972222222222222
0 0.82734375 0.08668981481481482 0.0296875 0.054629629629629625
2 0.7731770833333333 0.6928240740740741 0.043229166666666666 0.07314814814814814
3 0.7459635416666667 0.6203703703703705 0.06380208333333333 0.12824074074074074
3 0.4432291666666667 0.5710648148148147 0.08645833333333333 0.16712962962962963
3 0.7024739583333333 0.27175925925925926 0.07994791666666666 0.0685185185185185
3 0.3770833333333333 0.460300925925926 0.04791666666666666 0.07685185185185185
3 0.430078125 0.3736689814814815 0.04765625 0.050462962962962966
3 0.393359375 0.3685185185185185 0.03359375 0.062037037037037036
3 0.4479166666666667 0.29282407407407407 0.03333333333333333 0.04814814814814815
1 0.35052083333333334 0.759375 0.05416666666666666 0.125
2 0.20416666666666666 0.6311342592592593 0.02708333333333333 0.04351851851851852
2 0.31015625 0.5114583333333333 0.0296875 0.041666666666666664
3 0.32421875 0.39699074074074076 0.0265625 0.05648148148148148
2 0.6897135416666667 0.08153935185185185 0.029427083333333333 0.0412037037037037