2 0.911328125 0.42789351851851853 0.06953125 0.07453703703703704
2 0.5180989583333333 0.24386574074074074 0.06432291666666666 0.09398148148148147
2 0.4686197916666667 0.21585648148148148 0.04973958333333333 0.08796296296296295
2 0.562890625 0.20034722222222223 0.03203125 0.04444444444444444
2 0.607421875 0.20023148148148148 0.03984375 0.050462962962962966
2 0.35885416666666664 0.3090277777777778 0.07395833333333332 0.09305555555555554
2 0.05755208333333332 0.4794560185185185 0.07135416666666666 0.11203703703703702
2 0.09895833333333333 0.3778935185185185 0.035416666666666666 0.062037037037037036
2 0.15533854166666666 0.3441550925925926 0.06380208333333333 0.08518518518518518
2 0.4229166666666667 0.5894675925925925 0.09583333333333333 0.1726851851851852
2 0.7432291666666667 0.630787037037037 0.19583333333333333 0.28657407407407404
2 0.5678385416666667 0.14178240740740738 0.08567708333333332 0.11481481481481481
2 0.5942708333333333 0.04971064814814814 0.07604166666666666 0.07129629629629629
2 0.16432291666666665 0.1912037037037037 0.05364583333333332 0.0699074074074074