2 0.6506510416666667 0.7050925925925926 0.06380208333333333 0.09768518518518518
2 0.5274739583333333 0.5324074074074074 0.045572916666666664 0.07731481481481481
2 0.6665364583333333 0.6131944444444445 0.061197916666666664 0.08888888888888888
2 0.502734375 0.7949074074074074 0.04921875 0.07731481481481481
2 0.22526041666666666 0.4811921296296296 0.034895833333333334 0.059259259259259255
2 0.29166666666666663 0.3217013888888889 0.03645833333333333 0.05277777777777778
2 0.38020833333333337 0.042013888888888885 0.026041666666666664 0.04027777777777777
2 0.6705729166666667 0.16371527777777778 0.056770833333333326 0.06805555555555555
2 0.5704427083333333 0.16157407407407406 0.07838541666666667 0.09814814814814814
2 0.858203125 0.3888888888888889 0.06953125 0.09027777777777776
2 0.7052083333333333 0.7633101851851852 0.06041666666666666 0.09537037037037036
2 0.3807291666666667 0.12731481481481483 0.04583333333333333 0.06712962962962962
2 0.4251302083333333 0.4098958333333333 0.037760416666666664 0.05416666666666666
2 0.4776041666666667 0.4482060185185185 0.02395833333333333 0.037037037037037035
2 0.939453125 0.740162037037037 0.05078125 0.09907407407407406
2 0.712109375 0.4757523148148148 0.04296875 0.054629629629629625
2 0.7727864583333333 0.20954861111111112 0.061197916666666664 0.07222222222222222