2 0.8130208333333334 0.1857638888888889 0.03229166666666666 0.05277777777777778
1 0.491015625 0.7570023148148148 0.11328125 0.10462962962962963
2 0.51171875 0.842650462962963 0.1046875 0.1384259259259259
2 0.38385416666666666 0.8269097222222221 0.05833333333333333 0.11944444444444444
2 0.06197916666666666 0.6059027777777778 0.055208333333333325 0.08055555555555555
2 0.027213541666666664 0.5583333333333333 0.04817708333333333 0.07916666666666666
2 0.500390625 0.5577546296296296 0.04453125 0.08425925925925926
2 0.5419270833333333 0.5090277777777777 0.05260416666666666 0.08055555555555555
2 0.5557291666666667 0.36157407407407405 0.055208333333333325 0.08564814814814814
2 0.6669270833333333 0.465162037037037 0.058854166666666666 0.07407407407407407
2 0.62421875 0.579224537037037 0.0703125 0.09907407407407406
2 0.7001302083333333 0.560474537037037 0.05963541666666666 0.07407407407407407
2 0.72421875 0.7421296296296296 0.0828125 0.09675925925925925
2 0.6580729166666667 0.9527777777777778 0.08489583333333332 0.09305555555555554
2 0.5734375 0.9174189814814815 0.090625 0.11296296296296296
2 0.9341145833333334 0.7095486111111111 0.08697916666666666 0.1222222222222222
2 0.8227864583333334 0.4155671296296296 0.04244791666666666 0.04675925925925926
2 0.8440104166666667 0.39502314814814815 0.04114583333333333 0.046296296296296294
2 0.83515625 0.3570601851851852 0.0453125 0.045370370370370366
2 0.6484375 0.23674768518518516 0.0375 0.045370370370370366
2 0.30716145833333336 0.4053819444444445 0.03619791666666666 0.05138888888888889
2 0.26731770833333335 0.4486689814814815 0.04401041666666666 0.050462962962962966
2 0.15247395833333333 0.4171875 0.04244791666666666 0.0625
2 0.880078125 0.9226273148148149 0.12265625 0.15462962962962962