2 0.01640625 0.7421296296296296 0.0265625 0.09675925925925925
2 0.3748697916666667 0.44299768518518523 0.04036458333333333 0.05787037037037037
2 0.16744791666666667 0.41001157407407407 0.04114583333333333 0.04814814814814815
2 0.18580729166666668 0.33761574074074074 0.03411458333333333 0.043981481481481476
2 0.024479166666666666 0.585011574074074 0.04583333333333333 0.06064814814814814
2 0.37356770833333336 0.7367476851851852 0.053385416666666664 0.08287037037037036
2 0.4990885416666667 0.6958912037037037 0.04817708333333333 0.0699074074074074
2 0.54765625 0.6361111111111111 0.0359375 0.05972222222222222
2 0.5428385416666667 0.568113425925926 0.04192708333333333 0.06435185185185185
2 0.5817708333333333 0.5986111111111111 0.03229166666666666 0.07222222222222222
2 0.5595052083333333 0.4877314814814815 0.04401041666666666 0.06296296296296296
2 0.4390625 0.531423611111111 0.04375 0.05972222222222222
2 0.3390625 0.6693865740740741 0.040625 0.06064814814814814
2 0.25130208333333337 0.539988425925926 0.043229166666666666 0.06435185185185185
2 0.4522135416666667 0.8551504629629629 0.04192708333333333 0.07592592592592592
2 0.6697916666666667 0.7020833333333333 0.04583333333333333 0.07916666666666666
2 0.8108072916666667 0.934837962962963 0.052864583333333326 0.10092592592592593
2 0.8545572916666666 0.6902199074074075 0.08723958333333333 0.15231481481481482
2 0.9518229166666666 0.5151041666666667 0.03802083333333333 0.05833333333333333
2 0.973046875 0.6180555555555556 0.05234375 0.08611111111111111
2 0.83671875 0.38848379629629626 0.0359375 0.055092592592592596
2 0.452734375 0.3178240740740741 0.03671875 0.04814814814814815
2 0.5345052083333333 0.3609953703703704 0.028385416666666663 0.053240740740740734
2 0.4424479166666667 0.36458333333333337 0.04427083333333333 0.05416666666666666
2 0.481640625 0.2740162037037037 0.02890625 0.04490740740740741