3 0.5458333333333333 0.851099537037037 0.03229166666666666 0.04907407407407407
2 0.6694010416666667 0.0681712962962963 0.02317708333333333 0.030092592592592594
1 0.6049479166666667 0.07222222222222222 0.03802083333333333 0.03194444444444444
2 0.5151041666666667 0.2564814814814815 0.02708333333333333 0.03796296296296296
2 0.8188802083333334 0.786863425925926 0.04401041666666666 0.06435185185185185
3 0.6263020833333333 0.8321180555555555 0.049479166666666664 0.08611111111111111
3 0.4014322916666667 0.9126736111111111 0.052864583333333326 0.17222222222222222
1 0.563671875 0.4877314814814815 0.05546875 0.06296296296296296
0 0.21158854166666666 0.6513888888888889 0.04192708333333333 0.05277777777777778
0 0.36640625 0.6682291666666667 0.0296875 0.05833333333333333
0 0.356640625 0.5493055555555555 0.02890625 0.0736111111111111
0 0.38307291666666665 0.5923611111111111 0.01927083333333333 0.04722222222222222
0 0.4061197916666667 0.5622685185185186 0.03098958333333333 0.062037037037037036
0 0.387109375 0.4877314814814815 0.03359375 0.06296296296296296
0 0.4596354166666667 0.5560185185185185 0.03177083333333333 0.062037037037037036
0 0.47578125 0.5076967592592593 0.0296875 0.05601851851851851
0 0.5489583333333333 0.3970486111111111 0.035416666666666666 0.07222222222222222
1 0.46640625 0.32621527777777776 0.0359375 0.09305555555555554
1 0.6091145833333333 0.22910879629629627 0.021354166666666667 0.030092592592592594
1 0.6604166666666667 0.17962962962962964 0.03020833333333333 0.04675925925925926