3 0.4040364583333333 0.45486111111111105 0.03619791666666666 0.07222222222222222
3 0.5888020833333333 0.8049768518518519 0.021354166666666667 0.0412037037037037
3 0.6282552083333333 0.8313657407407407 0.028385416666666663 0.05648148148148148
3 0.703125 0.858738425925926 0.059375 0.08935185185185185
2 0.91484375 0.9169560185185185 0.0484375 0.07453703703703704
2 0.8759114583333334 0.07644675925925926 0.03619791666666666 0.04351851851851852
2 0.6692708333333333 0.23929398148148148 0.03229166666666666 0.03796296296296296
3 0.397265625 0.9320023148148149 0.04765625 0.11712962962962963
3 0.47734375 0.8707175925925925 0.0703125 0.24768518518518517
1 0.4411458333333333 0.830787037037037 0.03854166666666666 0.04907407407407407
2 0.369140625 0.7784143518518518 0.01953125 0.0412037037037037
2 0.3748697916666667 0.8407986111111111 0.02786458333333333 0.034722222222222224
0 0.29153645833333336 0.5075810185185186 0.017447916666666667 0.037037037037037035
0 0.305859375 0.5416087962962963 0.02109375 0.055092592592592596
0 0.2928385416666667 0.5846064814814815 0.02005208333333333 0.03796296296296296
0 0.30182291666666666 0.6260416666666667 0.01927083333333333 0.04583333333333333
0 0.3265625 0.5780671296296296 0.01875 0.04675925925925926
0 0.34010416666666665 0.5038773148148148 0.02395833333333333 0.04212962962962963
0 0.35690104166666664 0.5190393518518518 0.02317708333333333 0.0412037037037037
0 0.351171875 0.6061342592592592 0.02109375 0.04351851851851852
0 0.3419270833333333 0.6567708333333333 0.021354166666666667 0.05416666666666666
0 0.32356770833333337 0.6913194444444445 0.028385416666666663 0.05138888888888889
0 0.35690104166666664 0.7427662037037037 0.02317708333333333 0.05740740740740741
0 0.3809895833333333 0.7107060185185186 0.027604166666666662 0.04953703703703703
0 0.37356770833333336 0.657986111111111 0.028385416666666663 0.05972222222222222
0 0.383203125 0.6038194444444445 0.02578125 0.05138888888888889
0 0.416015625 0.5837962962962963 0.02890625 0.055092592592592596
0 0.420703125 0.6439814814814815 0.02265625 0.050462962962962966
0 0.417578125 0.7007523148148148 0.02890625 0.054629629629629625
0 0.4458333333333333 0.700925925925926 0.03229166666666666 0.06435185185185185
0 0.45859375 0.7514467592592593 0.0296875 0.05601851851851851
0 0.4782552083333333 0.5813657407407408 0.028385416666666663 0.05648148148148148
0 0.5432291666666667 0.6416087962962963 0.03958333333333333 0.06759259259259259
0 0.506640625 0.6596643518518518 0.02265625 0.0412037037037037
0 0.4833333333333333 0.4696180555555555 0.035416666666666666 0.0736111111111111
0 0.5018229166666667 0.5249421296296296 0.025520833333333333 0.04675925925925926
0 0.5274739583333333 0.4970486111111111 0.03619791666666666 0.07222222222222222
0 0.51796875 0.4177662037037037 0.0328125 0.0699074074074074
0 0.5783854166666667 0.5184606481481482 0.04114583333333333 0.08379629629629629
0 0.6015625 0.4723958333333333 0.034375 0.06666666666666667
0 0.6865885416666667 0.39502314814814815 0.04505208333333333 0.08379629629629629
1 0.44921875 0.6043981481481482 0.0359375 0.05879629629629629
1 0.6912760416666667 0.4990162037037037 0.05755208333333332 0.0699074074074074
1 0.6165364583333333 0.289525462962963 0.04244791666666666 0.08842592592592592
1 0.7903645833333333 0.06672453703703704 0.043229166666666666 0.03657407407407407
1 0.7709635416666667 0.24091435185185187 0.02005208333333333 0.0412037037037037
1 0.8375 0.20596064814814813 0.0375 0.05879629629629629