0 0.3609375 0.5346064814814815 0.021875 0.050462962962962966
0 0.345703125 0.5217592592592593 0.01953125 0.04351851851851852
3 0.4020833333333333 0.47355324074074073 0.03229166666666666 0.05648148148148148
1 0.8032552083333334 0.2111689814814815 0.028385416666666663 0.050462962962962966
2 0.6485677083333333 0.25069444444444444 0.025260416666666664 0.03888888888888888
1 0.5975260416666667 0.2989583333333333 0.038802083333333334 0.07916666666666666
2 0.8100260416666666 0.825925925925926 0.04192708333333333 0.06435185185185185
1 0.6701822916666667 0.48576388888888894 0.052864583333333326 0.05277777777777778
3 0.6345052083333333 0.7950231481481482 0.047135416666666666 0.08379629629629629
0 0.38450520833333335 0.617013888888889 0.025260416666666664 0.05277777777777778
0 0.382421875 0.6710069444444444 0.01796875 0.03888888888888888
0 0.38372395833333334 0.7046296296296296 0.023697916666666666 0.04675925925925926
0 0.364453125 0.7432291666666667 0.02578125 0.04583333333333333
0 0.32981770833333335 0.6968171296296296 0.025260416666666664 0.04675925925925926
0 0.3477864583333333 0.6653935185185185 0.023697916666666666 0.04953703703703703
0 0.3575520833333333 0.6186921296296296 0.021354166666666667 0.04675925925925926
0 0.30052083333333335 0.522974537037037 0.019791666666666666 0.03657407407407407
0 0.3165364583333333 0.5534722222222223 0.017447916666666667 0.04444444444444444
0 0.303125 0.5960069444444445 0.025 0.03888888888888888
0 0.31197916666666664 0.6416666666666667 0.02395833333333333 0.05833333333333333
0 0.32786458333333335 0.5892939814814815 0.024479166666666666 0.050462962962962966
0 0.4139322916666667 0.5896990740740741 0.03411458333333333 0.06064814814814814
0 0.4231770833333333 0.6463541666666667 0.021354166666666667 0.04583333333333333
0 0.4178385416666667 0.6993634259259259 0.02317708333333333 0.05185185185185185
0 0.4471354166666667 0.7002314814814815 0.03177083333333333 0.06296296296296296
0 0.4739583333333333 0.5881944444444445 0.03229166666666666 0.06388888888888888
0 0.4768229166666667 0.47430555555555554 0.03177083333333333 0.0736111111111111
0 0.4944010416666667 0.5221643518518518 0.02317708333333333 0.0412037037037037
0 0.5180989583333333 0.5052662037037037 0.03307291666666666 0.0699074074074074
0 0.5092447916666667 0.43182870370370374 0.03411458333333333 0.0699074074074074
0 0.5627604166666667 0.5151041666666667 0.034895833333333334 0.07083333333333333
0 0.58515625 0.47077546296296297 0.0296875 0.06342592592592591
0 0.6622395833333333 0.3978009259259259 0.04635416666666666 0.07685185185185185
3 0.39205729166666664 0.8899305555555556 0.046614583333333334 0.09861111111111111
3 0.45 0.8021990740740741 0.0625 0.17314814814814813
2 0.37838541666666664 0.7706018518518518 0.01614583333333333 0.028703703703703703
1 0.7432291666666667 0.2490740740740741 0.020833333333333332 0.035648148148148144
1 0.766796875 0.0785300925925926 0.04296875 0.03518518518518519
3 0.575 0.7799768518518518 0.01875 0.0412037037037037