3 0.9546875 0.24375 0.090625 0.10625
2 0.946484375 0.44415509259259256 0.07421875 0.08518518518518518
2 0.8600260416666666 0.4797453703703704 0.10130208333333332 0.10324074074074074
2 0.7760416666666667 0.5472222222222223 0.03020833333333333 0.03194444444444444
2 0.7104166666666667 0.538136574074074 0.07083333333333333 0.07314814814814814
2 0.8897135416666666 0.718923611111111 0.04505208333333333 0.05972222222222222
2 0.97890625 0.8219328703703704 0.0421875 0.14074074074074075
2 0.8243489583333334 0.7612847222222222 0.10494791666666665 0.14444444444444443
2 0.4341145833333333 0.5990740740740741 0.04010416666666666 0.04814814814814815
2 0.51484375 0.3303240740740741 0.0515625 0.04814814814814815
2 0.3625 0.44785879629629627 0.05625 0.055092592592592596