0 0.35872395833333337 0.059375 0.05807291666666666 0.1125
2 0.6071614583333333 0.11180555555555556 0.039322916666666666 0.04861111111111111
2 0.553125 0.8399884259259259 0.040625 0.05185185185185185
2 0.5958333333333333 0.6861111111111111 0.03229166666666666 0.034722222222222224
2 0.505859375 0.6679976851851852 0.05234375 0.10787037037037037
1 0.4747395833333333 0.15734953703703702 0.04010416666666666 0.14907407407407408
1 0.9765625 0.39453125 0.046875 0.1109375
0 0.5950520833333333 0.9736689814814815 0.08385416666666666 0.050462962962962966
0 0.68515625 0.965625 0.0796875 0.06875
0 0.75 0.96796875 0.08125 0.0640625
0 0.648828125 0.8383680555555555 0.10078125 0.1861111111111111
0 0.7341145833333333 0.8744791666666666 0.09010416666666667 0.17083333333333334
0 0.8053385416666666 0.7990162037037037 0.09817708333333333 0.1699074074074074
0 0.8881510416666666 0.781886574074074 0.09817708333333333 0.17314814814814813
0 0.944921875 0.7435763888888889 0.10859375 0.16527777777777777
0 0.6665364583333333 0.7033564814814814 0.09557291666666666 0.16296296296296295
0 0.7333333333333333 0.5789351851851852 0.09479166666666666 0.14537037037037037
0 0.9026041666666667 0.3829282407407407 0.08020833333333333 0.11898148148148147