0 0.51875 0.10318287037037037 0.08125 0.14074074074074075
0 0.74140625 0.6283564814814815 0.0921875 0.13796296296296295
0 0.6591145833333333 0.618287037037037 0.08072916666666666 0.14907407407407408
0 0.6145833333333333 0.5199652777777778 0.08854166666666666 0.13055555555555556
0 0.5151041666666667 0.5478587962962963 0.09583333333333333 0.16759259259259257
0 0.34375 0.4409143518518518 0.05625 0.1037037037037037
0 0.15208333333333332 0.4090856481481481 0.12604166666666666 0.14629629629629629
0 0.10885416666666665 0.830787037037037 0.18958333333333333 0.17407407407407408
3 0.08203125 0.1111689814814815 0.1390625 0.13796296296296295
3 0.2505208333333333 0.49768518518518523 0.11354166666666665 0.17037037037037037
3 0.42734375 0.6637731481481481 0.0578125 0.0962962962962963
3 0.4674479166666667 0.31863425925925926 0.05989583333333333 0.09351851851851851
3 0.6231770833333333 0.17100694444444445 0.06822916666666666 0.08888888888888888
3 0.7901041666666667 0.19623842592592594 0.08333333333333333 0.07685185185185185