2 0.638671875 0.2596643518518519 0.04296875 0.07870370370370369
2 0.20807291666666666 0.21469907407407404 0.04427083333333333 0.06064814814814814
2 0.5416666666666667 0.6773148148148148 0.055208333333333325 0.07962962962962963
2 0.4856770833333333 0.9545138888888889 0.09947916666666666 0.09027777777777776
2 0.37057291666666664 0.8231481481481481 0.06614583333333332 0.15879629629629627
2 0.051041666666666666 0.5271990740740741 0.04583333333333333 0.06064814814814814
2 0.06731770833333332 0.5487847222222222 0.047135416666666666 0.06944444444444445
2 0.08072916666666666 0.5727430555555555 0.055208333333333325 0.0736111111111111
2 0.666015625 0.31128472222222225 0.05078125 0.06944444444444445
2 0.7408854166666667 0.3657986111111111 0.05364583333333332 0.07222222222222222
2 0.7466145833333333 0.30925925925925923 0.05572916666666666 0.0685185185185185
2 0.809765625 0.3701388888888889 0.06328125 0.07777777777777777
2 0.9859375 0.7234375 0.028125 0.084375
2 0.9865885416666667 0.8161458333333333 0.02630208333333333 0.09166666666666666
2 0.9625 0.8943865740740741 0.075 0.14814814814814814
2 0.6255208333333333 0.8060185185185185 0.11041666666666665 0.137037037037037
2 0.7669270833333333 0.5502893518518518 0.058854166666666666 0.07870370370370369
2 0.7104166666666667 0.48321759259259256 0.06458333333333333 0.08518518518518518
2 0.5692708333333333 0.633912037037037 0.04791666666666666 0.08657407407407407
2 0.5024739583333333 0.5382523148148148 0.10182291666666665 0.15462962962962962
2 0.3065104166666667 0.33414351851851853 0.04427083333333333 0.062037037037037036
2 0.08294270833333332 0.394212962962963 0.05026041666666666 0.07592592592592592
2 0.186328125 0.42505787037037035 0.04140625 0.06574074074074074
2 0.219921875 0.4613425925925926 0.05234375 0.08518518518518518
2 0.16002604166666665 0.4984375 0.05442708333333333 0.075