2 0.5373697916666667 0.6904513888888889 0.04036458333333333 0.07777777777777777
2 0.7225260416666667 0.7655671296296296 0.05755208333333332 0.10925925925925925
2 0.27708333333333335 0.5564814814814815 0.041666666666666664 0.07546296296296295
2 0.5122395833333333 0.8001736111111111 0.12135416666666665 0.1597222222222222
2 0.7182291666666667 0.8803819444444445 0.06458333333333333 0.12638888888888888
2 0.5055989583333333 0.6610532407407408 0.04244791666666666 0.09398148148148147
2 0.31796875 0.6450231481481482 0.0515625 0.0962962962962963
2 0.75703125 0.5141203703703703 0.1109375 0.15324074074074073
2 0.67265625 0.46990740740740744 0.0921875 0.10231481481481482
2 0.591796875 0.3228009259259259 0.03984375 0.07685185185185185
2 0.6079427083333333 0.3456018518518519 0.04088541666666666 0.07870370370370369
2 0.6158854166666667 0.21469907407407404 0.05989583333333333 0.06064814814814814
2 0.32721354166666666 0.33935185185185185 0.03567708333333333 0.0537037037037037
3 0.38828125 0.2004050925925926 0.0515625 0.04768518518518518
3 0.4942708333333333 0.0818287037037037 0.035416666666666666 0.032407407407407406