0 0.9694010416666666 0.13078703703703703 0.060677083333333326 0.12407407407407407
1 0.8313802083333334 0.545949074074074 0.16588541666666665 0.14814814814814814
0 0.9600260416666666 0.5703703703703704 0.07942708333333333 0.20324074074074075
0 0.8776041666666666 0.594386574074074 0.10520833333333332 0.18564814814814815
0 0.777734375 0.35792824074074076 0.11484375 0.18148148148148147
0 0.6959635416666667 0.5010416666666667 0.10755208333333333 0.18333333333333332
0 0.7869791666666667 0.6993634259259259 0.10520833333333332 0.20185185185185187
0 0.6770833333333333 0.6747685185185185 0.11354166666666665 0.21203703703703702
0 0.8196614583333334 0.8791666666666667 0.11432291666666665 0.19583333333333333
0 0.729296875 0.8842013888888889 0.09921875 0.20277777777777778
0 0.7005208333333333 0.9810185185185185 0.07291666666666666 0.037037037037037035
0 0.6171875 0.9049189814814815 0.11875 0.18796296296296294
2 0.5623697916666667 0.6842592592592592 0.04973958333333333 0.05601851851851851
2 0.6131510416666667 0.508738425925926 0.038802083333333334 0.039351851851851846
2 0.5041666666666667 0.5126736111111111 0.06770833333333333 0.10972222222222221