2 0.7790364583333333 0.21192129629629627 0.04244791666666666 0.04259259259259259
2 0.8721354166666666 0.9299189814814814 0.10677083333333333 0.13796296296296295
2 0.8526041666666666 0.7887152777777777 0.08645833333333333 0.16805555555555554
2 0.7634114583333333 0.7315972222222222 0.15182291666666664 0.2569444444444444
2 0.312109375 0.31278935185185186 0.05234375 0.07870370370370369
2 0.38671875 0.3712962962962963 0.0515625 0.08009259259259259
2 0.4127604166666667 0.42592592592592593 0.056770833333333326 0.08935185185185185
2 0.34322916666666664 0.43605324074074076 0.055208333333333325 0.08148148148148147
2 0.25247395833333336 0.4936921296296296 0.05807291666666666 0.059259259259259255
2 0.10768229166666665 0.449537037037037 0.06536458333333332 0.08657407407407407
2 0.4635416666666667 0.31105324074074076 0.055208333333333325 0.06898148148148148
2 0.4286458333333333 0.28350694444444446 0.041666666666666664 0.05138888888888889
2 0.4143229166666667 0.1726851851851852 0.034895833333333334 0.045370370370370366
2 0.5055989583333333 0.18761574074074075 0.03619791666666666 0.05648148148148148
2 0.5290364583333333 0.3054976851851852 0.04869791666666666 0.07037037037037037
2 0.482421875 0.41076388888888893 0.06171875 0.07777777777777777
2 0.24296875 0.4668981481481482 0.0546875 0.046296296296296294
2 0.23059895833333335 0.44155092592592593 0.04244791666666666 0.039351851851851846