2 0.97578125 0.46484375 0.0484375 0.0578125
3 0.948828125 0.3383101851851852 0.10078125 0.09537037037037036
2 0.8981770833333333 0.49826388888888895 0.06197916666666666 0.06527777777777778
2 0.8278645833333333 0.5016782407407407 0.07760416666666667 0.08148148148148147
2 0.8833333333333334 0.7703125 0.06979166666666667 0.1125
2 0.8141927083333333 0.6763888888888889 0.031510416666666666 0.04027777777777777
2 0.7615885416666667 0.6966435185185185 0.06692708333333333 0.09953703703703703
2 0.5005208333333333 0.914525462962963 0.05416666666666666 0.08842592592592592
2 0.753515625 0.5342592592592592 0.02578125 0.031018518518518518
2 0.7001302083333333 0.5114583333333333 0.06588541666666667 0.07916666666666666
2 0.5553385416666667 0.3053240740740741 0.04192708333333333 0.04814814814814815
2 0.09205729166666667 0.15873842592592594 0.03411458333333333 0.05185185185185185
2 0.4266927083333333 0.36944444444444446 0.04401041666666666 0.05138888888888889
2 0.4813802083333333 0.507638888888889 0.031510416666666666 0.04027777777777777