2 0.422265625 0.7293402777777778 0.04140625 0.08055555555555555
2 0.4024739583333333 0.687962962962963 0.045572916666666664 0.07592592592592592
2 0.365625 0.8090856481481481 0.04375 0.08379629629629629
2 0.5240885416666667 0.40798611111111105 0.038802083333333334 0.05972222222222222
3 0.723046875 0.16811342592592593 0.07109375 0.08935185185185185
1 0.4221354166666667 0.2947916666666667 0.034895833333333334 0.04583333333333333
1 0.4837239583333333 0.2321759259259259 0.03307291666666666 0.06435185185185185
1 0.4024739583333333 0.4182291666666667 0.061197916666666664 0.05833333333333333
1 0.530078125 0.7048032407407407 0.04765625 0.08148148148148147
1 0.597265625 0.6059606481481482 0.06953125 0.07129629629629629
1 0.9875 0.70703125 0.025 0.0828125
2 0.8088541666666667 0.08194444444444444 0.02708333333333333 0.03888888888888888
1 0.19791666666666669 0.4799189814814815 0.02708333333333333 0.07546296296296295
1 0.13190104166666666 0.594675925925926 0.016927083333333332 0.06435185185185185