2 0.6092447916666667 0.4638310185185185 0.03411458333333333 0.04953703703703703
2 0.15598958333333332 0.5565393518518518 0.024479166666666666 0.0412037037037037
2 0.17473958333333334 0.5045717592592592 0.024479166666666666 0.031018518518518518
2 0.17526041666666667 0.4615162037037037 0.01927083333333333 0.032407407407407406
3 0.370703125 0.4116898148148148 0.06328125 0.12962962962962962
3 0.32526041666666666 0.33425925925925926 0.03802083333333333 0.05601851851851851
3 0.37044270833333337 0.26903935185185185 0.031510416666666666 0.0537037037037037
3 0.34075520833333334 0.26348379629629626 0.025260416666666664 0.04259259259259259
3 0.5845052083333333 0.15752314814814813 0.06276041666666667 0.05879629629629629
3 0.5950520833333333 0.4192708333333333 0.043229166666666666 0.07916666666666666
3 0.5315104166666667 0.7569444444444444 0.09739583333333332 0.17638888888888887
1 0.29231770833333337 0.556423611111111 0.047135416666666666 0.08472222222222223