2 0.270703125 0.19837962962962963 0.03515625 0.07175925925925926
2 0.5622395833333333 0.20694444444444446 0.04635416666666666 0.07638888888888888
2 0.5463541666666667 0.16886574074074073 0.04895833333333333 0.09398148148148147
2 0.6162760416666667 0.3821759259259259 0.11692708333333332 0.13935185185185184
2 0.7041666666666667 0.453761574074074 0.13958333333333334 0.23564814814814813
2 0.6123697916666667 0.931423611111111 0.09348958333333332 0.13472222222222222
2 0.634375 0.7925925925925925 0.075 0.12268518518518519
2 0.4356770833333333 0.6729166666666667 0.04635416666666666 0.07083333333333333
2 0.4096354166666667 0.6422453703703704 0.06927083333333332 0.11574074074074074
2 0.3985677083333333 0.81875 0.12526041666666665 0.225
2 0.216796875 0.5920717592592593 0.05546875 0.11851851851851851
2 0.19244791666666666 0.46996527777777775 0.04114583333333333 0.09305555555555554
2 0.09661458333333332 0.6674189814814815 0.04635416666666666 0.06296296296296296