3 0.557421875 0.9263888888888889 0.03671875 0.06527777777777778
3 0.6110677083333333 0.9135416666666666 0.031510416666666666 0.05833333333333333
3 0.6846354166666667 0.845775462962963 0.056770833333333326 0.07592592592592592
1 0.496484375 0.5581018518518518 0.05546875 0.0537037037037037
2 0.39791666666666664 0.3662615740740741 0.02708333333333333 0.035648148148148144
2 0.8479166666666667 0.7096064814814815 0.04583333333333333 0.06296296296296296
2 0.5223958333333333 0.13958333333333334 0.019791666666666666 0.041666666666666664
1 0.479296875 0.08113425925925925 0.02734375 0.031018518518518518
1 0.5162760416666667 0.02829861111111111 0.02317708333333333 0.04722222222222222
1 0.4540364583333333 0.1623263888888889 0.03619791666666666 0.04027777777777777
1 0.493359375 0.3012152777777778 0.01796875 0.03055555555555555
1 0.5342447916666667 0.2384259259259259 0.03411458333333333 0.039351851851851846
1 0.36106770833333335 0.44299768518518523 0.028385416666666663 0.09537037037037036
0 0.46484375 0.48136574074074073 0.0484375 0.08148148148148147
0 0.4856770833333333 0.6115162037037037 0.04010416666666666 0.0699074074074074
0 0.39986979166666664 0.6130208333333333 0.046614583333333334 0.07916666666666666
0 0.3944010416666667 0.6813078703703703 0.04192708333333333 0.07824074074074074
0 0.4217447916666667 0.8184606481481481 0.04973958333333333 0.0962962962962963
0 0.33463541666666663 0.7137731481481482 0.04114583333333333 0.07129629629629629
0 0.29908854166666665 0.6387152777777778 0.04505208333333333 0.08055555555555555