2 0.7260416666666667 0.8233217592592593 0.02708333333333333 0.031018518518518518
2 0.6891927083333333 0.845775462962963 0.053385416666666664 0.07592592592592592
3 0.8055989583333334 0.5258680555555555 0.07369791666666667 0.0611111111111111
2 0.08776041666666666 0.43929398148148147 0.03177083333333333 0.050462962962962966
2 0.4083333333333333 0.6076967592592593 0.03854166666666666 0.04351851851851852
2 0.5118489583333333 0.5365740740740741 0.03307291666666666 0.035648148148148144
2 0.4684895833333333 0.7284143518518518 0.027604166666666662 0.028703703703703703
2 0.637890625 0.7020833333333333 0.04765625 0.06666666666666667
2 0.679296875 0.7170717592592593 0.01796875 0.031018518518518518
2 0.7287760416666667 0.6834490740740741 0.05755208333333332 0.06064814814814814
2 0.783203125 0.6631944444444444 0.04453125 0.05138888888888889
2 0.840625 0.6311921296296296 0.040625 0.04675925925925926
2 0.8953125 0.6287037037037038 0.059375 0.04490740740740741