2 0.96015625 0.9372685185185186 0.0796875 0.12453703703703703
2 0.96875 0.34140625 0.0625 0.1328125
2 0.9412760416666666 0.040451388888888884 0.11692708333333332 0.07777777777777777
2 0.8393229166666666 0.1033564814814815 0.08802083333333333 0.07546296296296295
2 0.7665364583333333 0.3660300925925926 0.061197916666666664 0.11018518518518519
2 0.6983072916666667 0.1896412037037037 0.09973958333333333 0.0824074074074074
2 0.5611979166666667 0.09791666666666667 0.07552083333333333 0.08333333333333333
2 0.226171875 0.22974537037037038 0.07421875 0.10324074074074074
2 0.4108072916666667 0.18130787037037038 0.08411458333333333 0.11574074074074074
2 0.5333333333333333 0.4994212962962963 0.09791666666666667 0.14259259259259258
2 0.4544270833333333 0.46603009259259254 0.08072916666666666 0.11018518518518519
2 0.2713541666666667 0.6241319444444444 0.05208333333333333 0.07638888888888888
2 0.11536458333333333 0.453587962962963 0.07447916666666667 0.11342592592592593