2 0.01875 0.4881944444444445 0.0375 0.03888888888888888
2 0.028515625 0.5087962962962963 0.04453125 0.04259259259259259
2 0.5490885416666667 0.5945601851851852 0.05442708333333333 0.08287037037037036
2 0.5161458333333333 0.6554976851851853 0.06979166666666667 0.08287037037037036
2 0.916796875 0.4529513888888889 0.05234375 0.09027777777777776
2 0.5377604166666667 0.8240162037037037 0.07552083333333333 0.1199074074074074
2 0.4848958333333333 0.8525462962962964 0.07916666666666666 0.11759259259259258
2 0.484375 0.5059606481481481 0.1125 0.15879629629629627
2 0.19596354166666669 0.42841435185185184 0.04505208333333333 0.07870370370370369
2 0.12955729166666666 0.4578125 0.05598958333333333 0.075
2 0.0578125 0.36863425925925924 0.05 0.0685185185185185
2 0.8071614583333334 0.33807870370370374 0.061197916666666664 0.0699074074074074
2 0.734375 0.33825231481481477 0.05 0.06712962962962962
2 0.7368489583333333 0.273900462962963 0.05807291666666666 0.06342592592592591
2 0.70703125 0.4453125 0.0609375 0.075
2 0.6109375 0.7717592592592593 0.103125 0.14351851851851852
2 0.4592447916666667 0.9456597222222222 0.11536458333333333 0.10694444444444444
2 0.96328125 0.86875 0.0734375 0.15
1 0.637109375 0.40896990740740746 0.08046875 0.06481481481481481
2 0.6364583333333333 0.22291666666666665 0.03854166666666666 0.05833333333333333
2 0.6326822916666667 0.17627314814814815 0.03411458333333333 0.046296296296296294
2 0.041796875 0.5403935185185185 0.05234375 0.07453703703703704
2 0.16184895833333332 0.39166666666666666 0.039322916666666666 0.07083333333333333
2 0.5338541666666667 0.5151041666666667 0.055208333333333325 0.10833333333333332