0 0.7768229166666667 0.08975694444444444 0.03177083333333333 0.05138888888888889
0 0.7795572916666667 0.03159722222222222 0.03098958333333333 0.04444444444444444
2 0.20221354166666666 0.5443865740740741 0.02317708333333333 0.035648148148148144
2 0.18138020833333332 0.6083333333333333 0.028385416666666663 0.041666666666666664
1 0.3302083333333333 0.626736111111111 0.051041666666666666 0.08472222222222223
3 0.38111979166666665 0.30451388888888886 0.03098958333333333 0.05277777777777778
3 0.4087239583333333 0.3085069444444445 0.039322916666666666 0.05138888888888889
3 0.35911458333333335 0.3794560185185185 0.043229166666666666 0.062037037037037036
3 0.9739583333333334 0.0745949074074074 0.051041666666666666 0.11481481481481481
3 0.652734375 0.20636574074074074 0.07109375 0.06898148148148148
3 0.672265625 0.502025462962963 0.05078125 0.10092592592592593
3 0.415234375 0.47465277777777776 0.07734375 0.14305555555555555
3 0.60703125 0.89296875 0.1203125 0.2140625
2 0.689453125 0.5600115740740741 0.04140625 0.06064814814814814