2 0.12630208333333331 0.301099537037037 0.027604166666666662 0.03657407407407407
2 0.8576822916666667 0.6849537037037037 0.06536458333333332 0.0699074074074074
2 0.5763020833333333 0.2779513888888889 0.043229166666666666 0.05277777777777778
2 0.6140625 0.29658564814814814 0.046875 0.046296296296296294
2 0.4783854166666667 0.25532407407407404 0.05364583333333332 0.07314814814814814
2 0.5180989583333333 0.3188078703703704 0.06744791666666666 0.09074074074074073
2 0.62109375 0.10434027777777777 0.0796875 0.09305555555555554
2 0.5842447916666667 0.20144675925925926 0.08723958333333333 0.11851851851851851
2 0.6805989583333333 0.8069444444444445 0.17994791666666665 0.2763888888888889
2 0.3927083333333333 0.6548032407407407 0.10104166666666665 0.16898148148148145
2 0.4515625 0.03894675925925926 0.071875 0.0685185185185185
2 0.17747395833333332 0.2715856481481481 0.06744791666666666 0.08379629629629629
2 0.07643229166666667 0.38350694444444444 0.07473958333333333 0.11388888888888889
2 0.37044270833333337 0.3097800925925926 0.06588541666666667 0.11018518518518519