3 0.5713541666666667 0.20214120370370373 0.03958333333333333 0.05740740740740741
3 0.3341145833333333 0.5410300925925926 0.05260416666666666 0.08518518518518518
3 0.18645833333333334 0.7631944444444445 0.06666666666666667 0.08888888888888888
3 0.27786458333333336 0.7506944444444444 0.07135416666666666 0.08888888888888888
3 0.290625 0.883738425925926 0.05 0.07685185185185185
3 0.4377604166666667 0.5777199074074074 0.05989583333333333 0.08981481481481482
3 0.5013020833333333 0.2538773148148148 0.10885416666666665 0.17962962962962964
3 0.71640625 0.2056134259259259 0.0484375 0.07685185185185185
3 0.8388020833333334 0.08512731481481481 0.05260416666666666 0.07962962962962963
0 0.05234375 0.9816550925925925 0.0734375 0.03518518518518519
0 0.19348958333333333 0.8576967592592591 0.08697916666666666 0.09351851851851851
0 0.23255208333333335 0.6547453703703704 0.07447916666666667 0.11574074074074074
0 0.33489583333333334 0.7993055555555555 0.08229166666666667 0.11111111111111112
0 0.3416666666666667 0.856712962962963 0.055208333333333325 0.050925925925925916
0 0.38671875 0.8855324074074075 0.0484375 0.06481481481481481
0 0.4466145833333333 0.9244212962962963 0.05572916666666666 0.09259259259259259
0 0.5020833333333333 0.5890046296296296 0.08229166666666667 0.10925925925925925
0 0.6153645833333333 0.5758101851851852 0.09010416666666667 0.12037037037037038
0 0.7760416666666667 0.8005208333333333 0.12395833333333332 0.11666666666666665
0 0.76171875 0.3033564814814815 0.0953125 0.08796296296296295
0 0.7841145833333333 0.18483796296296295 0.11197916666666666 0.1259259259259259
0 0.9299479166666667 0.5581018518518518 0.13802083333333331 0.1287037037037037
0 0.9221354166666667 0.4369212962962963 0.15364583333333331 0.11759259259259258
0 0.8645833333333334 0.2320601851851852 0.10729166666666665 0.12037037037037038
0 0.93671875 0.3070601851851852 0.1265625 0.12037037037037038
0 0.8708333333333333 0.12355324074074074 0.051041666666666666 0.08148148148148147