1 0.4884114583333333 0.3799189814814815 0.039322916666666666 0.050462962962962966
3 0.5061197916666667 0.30769675925925927 0.03411458333333333 0.04351851851851852
3 0.4614583333333333 0.2796296296296296 0.03229166666666666 0.04675925925925926
2 0.35104166666666664 0.49722222222222223 0.02395833333333333 0.03194444444444444
2 0.386328125 0.47881944444444446 0.02578125 0.02638888888888889
2 0.414453125 0.540162037037037 0.02578125 0.03657407407407407
3 0.6565104166666667 0.7532407407407408 0.07864583333333333 0.11898148148148147
3 0.6713541666666667 0.6383101851851852 0.05208333333333333 0.08287037037037036
1 0.5970052083333333 0.6215856481481481 0.05026041666666666 0.10879629629629628
1 0.4231770833333333 0.9050925925925926 0.043229166666666666 0.12268518518518519
3 0.379296875 0.8228587962962963 0.05234375 0.09259259259259259
3 0.10611979166666666 0.6641782407407407 0.052864583333333326 0.08148148148148147
1 0.18580729166666665 0.5248263888888889 0.07161458333333333 0.04027777777777777