1 0.39713541666666663 0.44068287037037035 0.056770833333333326 0.053240740740740734
2 0.6446614583333333 0.26099537037037035 0.029947916666666664 0.053240740740740734
2 0.748046875 0.26221064814814815 0.03046875 0.046296296296296294
2 0.027604166666666662 0.6600115740740741 0.055208333333333325 0.09814814814814814
2 0.3 0.5511574074074075 0.09375 0.11481481481481481
2 0.35572916666666665 0.585011574074074 0.03645833333333333 0.06064814814814814
2 0.4149739583333333 0.6575810185185185 0.07057291666666667 0.11203703703703702
2 0.35677083333333337 0.8224537037037036 0.06041666666666666 0.1074074074074074
2 0.680078125 0.9536458333333334 0.11328125 0.09166666666666666
2 0.7138020833333333 0.7237847222222222 0.08697916666666666 0.14444444444444443
2 0.8197916666666666 0.8210069444444444 0.09270833333333332 0.1638888888888889
2 0.932421875 0.9217592592592592 0.13359375 0.1560185185185185
2 0.8859375 0.5316550925925926 0.0625 0.08518518518518518
2 0.9412760416666666 0.5602430555555555 0.08567708333333332 0.11111111111111112
2 0.84765625 0.5534722222222223 0.0515625 0.06944444444444445
2 0.6182291666666667 0.570486111111111 0.055208333333333325 0.05972222222222222
2 0.6458333333333333 0.4805555555555555 0.057291666666666664 0.0736111111111111
2 0.7442708333333333 0.5399305555555556 0.04791666666666666 0.0736111111111111
2 0.6516927083333333 0.32633101851851853 0.047135416666666666 0.062037037037037036
2 0.4471354166666667 0.43217592592592596 0.04427083333333333 0.05185185185185185
2 0.5115885416666667 0.3373263888888889 0.04505208333333333 0.05277777777777778
2 0.4552083333333333 0.3085069444444445 0.03854166666666666 0.05138888888888889
2 0.4654947916666667 0.35208333333333336 0.03411458333333333 0.05416666666666666