2 0.7901041666666667 0.2782986111111111 0.042708333333333334 0.05972222222222222
2 0.690234375 0.2928819444444445 0.05546875 0.08888888888888888
2 0.7739583333333333 0.1075810185185185 0.07604166666666666 0.07453703703703704
2 0.7416666666666667 0.18055555555555555 0.08645833333333333 0.11111111111111112
2 0.633984375 0.24305555555555552 0.05546875 0.08611111111111111
2 0.203125 0.3590277777777778 0.071875 0.09305555555555554
2 0.3 0.26012731481481477 0.059375 0.06712962962962962
2 0.25026041666666665 0.2875 0.03177083333333333 0.0375
2 0.02890625 0.39947916666666666 0.0515625 0.05833333333333333
2 0.31536458333333334 0.11354166666666665 0.058854166666666666 0.05833333333333333
2 0.23932291666666666 0.057928240740740745 0.034895833333333334 0.043981481481481476
2 0.5170572916666667 0.27997685185185184 0.07786458333333332 0.1162037037037037
2 0.5794270833333333 0.6141203703703704 0.10885416666666665 0.17824074074074073