2 0.8940104166666666 0.1740162037037037 0.034895833333333334 0.0699074074074074
2 0.73359375 0.1310763888888889 0.0328125 0.04027777777777777
2 0.574609375 0.3986689814814815 0.03359375 0.03796296296296296
2 0.9244791666666666 0.4401041666666667 0.06770833333333333 0.05833333333333333
2 0.30690104166666665 0.5974537037037038 0.02317708333333333 0.04490740740740741
2 0.29765625 0.6389467592592593 0.0296875 0.05601851851851851
2 0.161328125 0.6483217592592593 0.02578125 0.031018518518518518
3 0.4532552083333333 0.35989583333333336 0.03463541666666666 0.041666666666666664
3 0.39231770833333335 0.4541087962962963 0.04401041666666666 0.08009259259259259
3 0.4408854166666667 0.47152777777777777 0.05364583333333332 0.08055555555555555
3 0.393359375 0.5875578703703703 0.05546875 0.09074074074074073
3 0.2716145833333333 0.630150462962963 0.043229166666666666 0.06342592592592591
1 0.234765625 0.6010416666666667 0.02890625 0.05833333333333333
0 0.966015625 0.23020833333333335 0.06328125 0.09166666666666666
0 0.9296875 0.16568287037037038 0.05625 0.11574074074074074
3 0.8169270833333334 0.40057870370370374 0.12447916666666665 0.09490740740740741
3 0.948828125 0.9197916666666666 0.10078125 0.15833333333333333
3 0.4985677083333333 0.7945601851851852 0.12213541666666665 0.23287037037037037