2 0.6950520833333333 0.5310185185185186 0.06510416666666666 0.09953703703703703
2 0.347265625 0.5302662037037037 0.05390625 0.0824074074074074
2 0.28033854166666666 0.6322916666666667 0.05755208333333332 0.09583333333333333
2 0.5819010416666667 0.896701388888889 0.07630208333333333 0.14027777777777778
2 0.5259114583333333 0.5836226851851852 0.06744791666666666 0.13287037037037036
2 0.7115885416666667 0.44884259259259257 0.06380208333333333 0.08518518518518518
2 0.940625 0.2403935185185185 0.08125 0.11203703703703702
2 0.4657552083333333 0.22407407407407404 0.037760416666666664 0.06064814814814814
2 0.570703125 0.36128472222222224 0.05078125 0.06944444444444445
2 0.3397135416666667 0.1267939814814815 0.04505208333333333 0.050462962962962966
2 0.2654947916666667 0.2769097222222222 0.03411458333333333 0.05694444444444444
2 0.916015625 0.9353587962962964 0.04765625 0.06759259259259259
2 0.858203125 0.046296296296296294 0.06640625 0.055092592592592596