2 0.474609375 0.23321759259259262 0.03046875 0.04768518518518518
2 0.4028645833333333 0.14155092592592594 0.03697916666666666 0.05185185185185185
2 0.911328125 0.18987268518518519 0.04140625 0.05787037037037037
1 0.9434895833333334 0.3402199074074074 0.11197916666666666 0.11481481481481481
3 0.8536458333333334 0.3246527777777778 0.11041666666666665 0.16805555555555554
2 0.701171875 0.2269675925925926 0.05234375 0.04768518518518518
2 0.4641927083333333 0.6058449074074075 0.05651041666666666 0.07731481481481481
2 0.55390625 0.3935185185185185 0.0484375 0.062037037037037036
2 0.6188802083333333 0.38778935185185187 0.047135416666666666 0.07870370370370369
2 0.52265625 0.953125 0.0640625 0.09375
2 0.5897135416666667 0.9536458333333334 0.06380208333333333 0.09166666666666666
2 0.7486979166666667 0.8719328703703704 0.08802083333333333 0.14074074074074075
2 0.7829427083333333 0.7657407407407407 0.08151041666666667 0.11898148148148147
2 0.6104166666666667 0.6972800925925926 0.07708333333333332 0.12268518518518519
2 0.667578125 0.6721643518518519 0.06953125 0.1162037037037037
2 0.7334635416666667 0.46446759259259257 0.05442708333333333 0.08518518518518518
2 0.8481770833333334 0.10896990740740739 0.049479166666666664 0.06481481481481481
2 0.559375 0.14641203703703703 0.040625 0.04907407407407407
2 0.612109375 0.14618055555555556 0.05234375 0.0736111111111111
2 0.5161458333333333 0.2980324074074074 0.04791666666666666 0.06481481481481481
2 0.26927083333333335 0.49519675925925927 0.051041666666666666 0.0685185185185185
2 0.31953125 0.5016782407407407 0.0484375 0.08148148148148147
2 0.275390625 0.3470486111111111 0.05078125 0.07222222222222222
2 0.3338541666666667 0.13466435185185185 0.042708333333333334 0.0412037037037037