2 0.255078125 0.15596064814814814 0.04765625 0.05879629629629629
2 0.18984375 0.3116319444444445 0.0265625 0.03888888888888888
2 0.60390625 0.19403935185185187 0.0328125 0.0412037037037037
2 0.651171875 0.19155092592592593 0.03984375 0.05185185185185185
2 0.5278645833333333 0.20711805555555554 0.049479166666666664 0.0736111111111111
2 0.5696614583333333 0.2321759259259259 0.054947916666666666 0.07685185185185185
2 0.150390625 0.38038194444444445 0.06015625 0.08888888888888888
2 0.24010416666666665 0.28368055555555555 0.055208333333333325 0.0736111111111111
2 0.745703125 0.571412037037037 0.17265625 0.24907407407407406
2 0.9072916666666666 0.4232060185185185 0.06770833333333333 0.062037037037037036
2 0.4645833333333333 0.5143518518518518 0.09791666666666667 0.1537037037037037
2 0.6216145833333333 0.14629629629629629 0.08072916666666666 0.09259259259259259
2 0.6497395833333333 0.07361111111111111 0.06822916666666666 0.07222222222222222
2 0.4239583333333333 0.2720486111111111 0.06979166666666667 0.07222222222222222