2 0.8774739583333334 0.3242476851851852 0.04244791666666666 0.07037037037037037
2 0.101953125 0.5587962962962962 0.06015625 0.08009259259259259
2 0.16614583333333333 0.5203125 0.04791666666666666 0.0875
2 0.01640625 0.6060763888888889 0.0296875 0.05277777777777778
2 0.43828125 0.5344907407407408 0.1015625 0.11898148148148147
2 0.4415364583333333 0.9230324074074074 0.11119791666666665 0.15231481481481482
2 0.8248697916666666 0.7410300925925926 0.07473958333333333 0.09768518518518518
2 0.8516927083333334 0.678125 0.06901041666666666 0.075
2 0.86328125 0.6167824074074074 0.0828125 0.10231481481481482
2 0.8837239583333334 0.40370370370370373 0.061197916666666664 0.0824074074074074
2 0.9182291666666667 0.36197916666666663 0.04583333333333333 0.05833333333333333
2 0.54609375 0.953125 0.0828125 0.09375
2 0.6192708333333333 0.45439814814814816 0.057291666666666664 0.07129629629629629
2 0.6380208333333333 0.3559027777777778 0.04791666666666666 0.05555555555555556
2 0.6955729166666667 0.3509259259259259 0.04427083333333333 0.06435185185185185
2 0.6828125 0.2701388888888889 0.040625 0.05277777777777778
2 0.63359375 0.29635416666666664 0.0515625 0.07083333333333333
2 0.4923177083333333 0.5986111111111111 0.05651041666666666 0.07222222222222222
2 0.12604166666666666 0.487962962962963 0.04583333333333333 0.06342592592592591
2 0.5739583333333333 0.33055555555555555 0.03854166666666666 0.03611111111111111