2 0.6240885416666667 0.6712962962962963 0.02317708333333333 0.030092592592592594
2 0.5865885416666667 0.6537037037037037 0.04192708333333333 0.05740740740740741
2 0.4309895833333333 0.6822337962962963 0.024479166666666666 0.030092592592592594
2 0.6338541666666667 0.7751157407407407 0.04583333333333333 0.06898148148148148
2 0.6727864583333333 0.6373263888888889 0.05807291666666666 0.05277777777777778
2 0.478125 0.510474537037037 0.0375 0.03657407407407407
2 0.37526041666666665 0.5737268518518518 0.04114583333333333 0.0412037037037037
2 0.05859375 0.4217013888888889 0.0296875 0.05277777777777778
2 0.8203125 0.5884259259259259 0.04375 0.039351851851851846
2 0.770703125 0.593576388888889 0.04140625 0.04027777777777777
2 0.72109375 0.6244212962962963 0.0359375 0.04259259259259259
3 0.7471354166666667 0.5014467592592593 0.05364583333333332 0.05601851851851851