2 0.8860677083333334 0.9611689814814814 0.12838541666666664 0.07546296296296295
2 0.6196614583333333 0.8416087962962964 0.05807291666666666 0.08009259259259259
2 0.6013020833333333 0.943287037037037 0.13697916666666665 0.11157407407407408
2 0.5822916666666667 0.8018518518518519 0.06770833333333333 0.1287037037037037
2 0.9208333333333334 0.6107060185185185 0.15729166666666666 0.24953703703703703
2 0.8072916666666666 0.5372685185185185 0.15208333333333332 0.14953703703703702
2 0.6921875 0.1648148148148148 0.075 0.06712962962962962
2 0.6712239583333333 0.30596064814814816 0.04244791666666666 0.0962962962962963
2 0.363671875 0.33072916666666663 0.03671875 0.07083333333333333
2 0.30533854166666663 0.6001736111111111 0.04505208333333333 0.08472222222222223
2 0.3458333333333333 0.7273148148148147 0.05416666666666666 0.11712962962962963
2 0.03372395833333333 0.6454861111111111 0.039322916666666666 0.08472222222222223
3 0.4305989583333333 0.1566550925925926 0.05807291666666666 0.06018518518518519
2 0.69765625 0.34380787037037036 0.0515625 0.09074074074074073