1 0.978125 0.4984375 0.04375 0.1
2 0.700390625 0.34427083333333336 0.06953125 0.09166666666666666
0 0.86015625 0.7716435185185185 0.1140625 0.18703703703703703
3 0.05377604166666666 0.7158564814814815 0.07630208333333333 0.18796296296296294
3 0.411328125 0.6833333333333333 0.09140625 0.20416666666666666
3 0.483203125 0.5293402777777778 0.10078125 0.11805555555555555
0 0.7345052083333333 0.7341435185185186 0.11276041666666665 0.21203703703703702
0 0.7852864583333333 0.8913773148148149 0.07994791666666666 0.15462962962962962
0 0.819140625 0.9536458333333334 0.08515625 0.09166666666666666
0 0.95546875 0.8080439814814815 0.0890625 0.20046296296296293
0 0.9536458333333334 0.6520833333333333 0.09166666666666666 0.20416666666666666
0 0.8485677083333334 0.5524305555555555 0.11276041666666665 0.2111111111111111
0 0.9041666666666666 0.4111111111111111 0.13333333333333333 0.20972222222222223
0 0.9858072916666666 0.32291666666666663 0.02786458333333333 0.17083333333333334
2 0.8084635416666666 0.3791087962962963 0.04192708333333333 0.04259259259259259
2 0.725390625 0.5155092592592593 0.04765625 0.05601851851851851