2 0.37421875 0.4060763888888889 0.0296875 0.05277777777777778
0 0.44921875 0.7368055555555555 0.0484375 0.0736111111111111
1 0.409765625 0.13275462962962964 0.02890625 0.03425925925925925
1 0.4483072916666667 0.08275462962962962 0.02786458333333333 0.04675925925925926
1 0.38502604166666665 0.22175925925925927 0.038802083333333334 0.04351851851851852
1 0.4850260416666667 0.31707175925925923 0.038802083333333334 0.04351851851851852
1 0.4397135416666667 0.38229166666666664 0.02317708333333333 0.03333333333333333
2 0.9290364583333334 0.930613425925926 0.054947916666666666 0.07685185185185185
2 0.4635416666666667 0.2064814814814815 0.02708333333333333 0.03796296296296296
2 0.331640625 0.45138888888888895 0.02890625 0.04027777777777777
1 0.47109375 0.8125 0.0734375 0.15
1 0.2947916666666667 0.5449074074074074 0.02708333333333333 0.11481481481481481
1 0.4549479166666667 0.6746527777777778 0.056770833333333326 0.06805555555555555
0 0.34505208333333337 0.7450810185185185 0.04010416666666666 0.08703703703703704
0 0.4184895833333333 0.5906828703703704 0.04635416666666666 0.09074074074074073
3 0.07591145833333332 0.6836805555555555 0.03619791666666666 0.0736111111111111