2 0.528515625 0.062037037037037036 0.02265625 0.03657407407407407
1 0.4587239583333333 0.08373842592592592 0.03307291666666666 0.039351851851851846
1 0.5302083333333333 0.1693287037037037 0.03229166666666666 0.04490740740740741
1 0.4841145833333333 0.22540509259259262 0.021354166666666667 0.03518518518518519
0 0.08046875 0.8103587962962964 0.0546875 0.06759259259259259
0 0.24231770833333335 0.6282986111111111 0.047135416666666666 0.07222222222222222
0 0.27369791666666665 0.553761574074074 0.034895833333333334 0.07314814814814814
0 0.3015625 0.6266782407407407 0.0375 0.06898148148148148
0 0.35911458333333335 0.7380208333333333 0.04635416666666666 0.07916666666666666
0 0.3670572916666667 0.608738425925926 0.03411458333333333 0.07685185185185185
0 0.37526041666666665 0.5419560185185185 0.034895833333333334 0.07453703703703704
0 0.440625 0.4078703703703703 0.04375 0.07824074074074074
1 0.34895833333333337 0.3589699074074074 0.029166666666666664 0.10231481481481482
1 0.4694010416666667 0.4911458333333333 0.05755208333333332 0.05416666666666666
2 0.7744791666666667 0.6680555555555555 0.042708333333333334 0.0611111111111111
3 0.5890625 0.7875578703703703 0.059375 0.09074074074074073
2 0.38984375 0.28385416666666663 0.0265625 0.03333333333333333