0 0.96953125 0.2828125 0.0609375 0.14375
0 0.7903645833333333 0.5034143518518518 0.11822916666666665 0.1787037037037037
0 0.7140625 0.657523148148148 0.115625 0.20879629629629629
0 0.9654947916666666 0.741087962962963 0.06848958333333333 0.2134259259259259
0 0.8846354166666666 0.755613425925926 0.11614583333333332 0.18935185185185183
0 0.8044270833333333 0.8721064814814815 0.09947916666666666 0.20046296296296293
0 0.8311197916666666 0.9771412037037036 0.08411458333333333 0.04490740740740741
0 0.743359375 0.9685185185185186 0.07734375 0.062037037037037036
0 0.626953125 0.9822916666666666 0.08515625 0.03333333333333333
0 0.6930989583333333 0.8251736111111111 0.11744791666666665 0.20972222222222223
1 0.8447916666666666 0.7042824074074074 0.16770833333333332 0.1398148148148148
2 0.6231770833333333 0.633738425925926 0.043229166666666666 0.05185185185185185
2 0.5751302083333333 0.8267939814814815 0.047135416666666666 0.06296296296296296
2 0.508203125 0.6253472222222223 0.06953125 0.11944444444444444