2 0.33294270833333334 0.25462962962962965 0.04088541666666666 0.07175925925925926
2 0.6611979166666667 0.09091435185185184 0.07552083333333333 0.0662037037037037
2 0.6557291666666667 0.27118055555555554 0.05208333333333333 0.09861111111111111
2 0.6350260416666667 0.23836805555555554 0.04505208333333333 0.09861111111111111
2 0.741796875 0.46574074074074073 0.13359375 0.15648148148148147
2 0.8708333333333333 0.5501736111111111 0.17291666666666666 0.2597222222222222
2 0.810546875 0.930150462962963 0.09921875 0.1384259259259259
2 0.5341145833333333 0.9096643518518519 0.13697916666666665 0.1787037037037037
2 0.556640625 0.7737268518518519 0.04765625 0.07870370370370369
2 0.51875 0.7358217592592593 0.0625 0.1310185185185185
2 0.3009114583333333 0.6528935185185185 0.05807291666666666 0.09953703703703703
2 0.26432291666666663 0.5291666666666667 0.04739583333333333 0.08333333333333333
3 0.4078125 0.07754629629629631 0.05625 0.06759259259259259