2 0.4942708333333333 0.5467592592592593 0.035416666666666666 0.04351851851851852
1 0.778515625 0.5184606481481482 0.06953125 0.08379629629629629
2 0.8536458333333334 0.6466435185185185 0.057291666666666664 0.062037037037037036
0 0.12421875 0.6871527777777777 0.0734375 0.09305555555555554
3 0.30299479166666665 0.23096064814814815 0.04973958333333333 0.07129629629629629
3 0.3983072916666667 0.818287037037037 0.05598958333333333 0.11157407407407408
2 0.9072916666666666 0.8923032407407406 0.06770833333333333 0.10648148148148147
2 0.9057291666666666 0.7613425925925925 0.06458333333333333 0.09768518518518518
2 0.7118489583333333 0.8536458333333334 0.04244791666666666 0.06666666666666667
2 0.4388020833333333 0.9736689814814815 0.04010416666666666 0.050462962962962966
3 0.9065104166666667 0.2748263888888889 0.056770833333333326 0.07777777777777777
3 0.9114583333333334 0.10827546296296295 0.057291666666666664 0.07592592592592592
3 0.38528645833333336 0.6465277777777778 0.039322916666666666 0.08055555555555555
3 0.949609375 0.48680555555555555 0.05546875 0.0736111111111111