2 0.046484375 0.34392361111111114 0.05859375 0.07222222222222222
2 0.3533854166666667 0.6714699074074074 0.11614583333333332 0.18981481481481483
2 0.659765625 0.744386574074074 0.11640625 0.17314814814814813
2 0.7606770833333333 0.6572337962962963 0.12135416666666665 0.16759259259259257
2 0.9471354166666666 0.8788773148148149 0.06614583333333332 0.11712962962962963
2 0.7290364583333333 0.11371527777777776 0.08932291666666667 0.09305555555555554
2 0.696484375 0.5205439814814815 0.09296875 0.13796296296296295
1 0.6455729166666667 0.09936342592592592 0.12864583333333332 0.17685185185185184
2 0.8559895833333334 0.40381944444444445 0.08697916666666666 0.1388888888888889
2 0.6424479166666667 0.34901620370370373 0.09114583333333333 0.1449074074074074
2 0.4743489583333333 0.5666666666666667 0.039322916666666666 0.04583333333333333
2 0.405078125 0.9152199074074074 0.07265625 0.1648148148148148
2 0.38567708333333334 0.1894675925925926 0.05572916666666666 0.07268518518518519