2 0.565625 0.93984375 0.09375 0.1203125
2 0.7434895833333333 0.25069444444444444 0.10885416666666665 0.1638888888888889
2 0.7854166666666667 0.4481481481481481 0.09583333333333333 0.15879629629629627
2 0.7231770833333333 0.6808449074074074 0.11822916666666665 0.18981481481481483
2 0.8368489583333334 0.6208333333333333 0.13307291666666665 0.20416666666666666
2 0.4040364583333333 0.9208912037037036 0.08932291666666667 0.15740740740740738
2 0.4428385416666667 0.7798611111111111 0.08255208333333333 0.1847222222222222
2 0.4157552083333333 0.5040509259259259 0.11901041666666665 0.17685185185185184
2 0.26510416666666664 0.41053240740740743 0.06458333333333333 0.11481481481481481
2 0.05377604166666666 0.18657407407407406 0.06380208333333333 0.09814814814814814
1 0.7212239583333333 0.021006944444444443 0.061197916666666664 0.03888888888888888
1 0.06484375 0.7689814814814815 0.1265625 0.17546296296296296