3 0.35260416666666666 0.12563657407407408 0.05208333333333333 0.07314814814814814
0 0.49453125 0.5024884259259259 0.0765625 0.12685185185185183
0 0.4296875 0.4878472222222222 0.0625 0.11944444444444444
0 0.39140625 0.41724537037037035 0.0578125 0.09074074074074073
0 0.35651041666666666 0.35833333333333334 0.056770833333333326 0.09166666666666666
0 0.33515625 0.2714699074074074 0.0515625 0.08981481481481482
0 0.29609375 0.24334490740740738 0.0484375 0.08981481481481482
0 0.23645833333333335 0.3186921296296296 0.06041666666666666 0.08425925925925926
0 0.21796875 0.23038194444444446 0.0828125 0.11388888888888889
0 0.6466145833333333 0.7535300925925925 0.07760416666666667 0.11018518518518519
0 0.6330729166666667 0.5954282407407407 0.08489583333333332 0.15648148148148147
0 0.5609375 0.6534143518518518 0.08125 0.1537037037037037
0 0.50390625 0.7804976851851853 0.0703125 0.12037037037037038
0 0.36276041666666664 0.6769675925925925 0.07239583333333333 0.11018518518518519
0 0.18020833333333333 0.6250578703703704 0.09791666666666667 0.11574074074074074
3 0.4388020833333333 0.3761574074074074 0.05572916666666666 0.11481481481481481
3 0.36276041666666664 0.046643518518518515 0.09739583333333332 0.08703703703703704
3 0.6755208333333333 0.08703703703703704 0.08229166666666667 0.09907407407407406
3 0.8036458333333334 0.8418981481481481 0.10416666666666666 0.14629629629629629
3 0.24635416666666665 0.9292824074074074 0.11145833333333333 0.1398148148148148
3 0.5520833333333333 0.9674189814814815 0.07291666666666666 0.06296296296296296
1 0.5981770833333333 0.86875 0.06197916666666666 0.175