3 0.4647135416666667 0.8490740740740741 0.02317708333333333 0.035648148148148144
3 0.5076822916666667 0.853761574074074 0.03411458333333333 0.06064814814814814
2 0.5888020833333333 0.06626157407407407 0.021354166666666667 0.035648148148148144
2 0.44453125 0.269849537037037 0.0296875 0.03657407407407407
3 0.5865885416666667 0.8156828703703705 0.05755208333333332 0.09074074074074073
0 0.32526041666666666 0.5204861111111111 0.034895833333333334 0.05972222222222222
0 0.34895833333333337 0.5997106481481482 0.035416666666666666 0.07129629629629629
0 0.326953125 0.6357060185185185 0.02578125 0.04953703703703703
0 0.29244791666666664 0.5858796296296296 0.034895833333333334 0.059259259259259255
1 0.4014322916666667 0.34380787037037036 0.03098958333333333 0.09074074074074073
1 0.507421875 0.4872106481481482 0.05234375 0.046296296296296294
0 0.4072916666666667 0.5830439814814815 0.03333333333333333 0.06296296296296296
0 0.4170572916666667 0.522800925925926 0.03411458333333333 0.06435185185185185
0 0.484375 0.4008101851851852 0.04375 0.07037037037037037
2 0.77734375 0.7267939814814814 0.0453125 0.06296296296296296
0 0.1015625 0.7947337962962963 0.028125 0.055092592592592596
1 0.5390625 0.2324074074074074 0.01875 0.027314814814814813
1 0.5846354166666667 0.17141203703703703 0.03177083333333333 0.03657407407407407
1 0.52265625 0.07685185185185185 0.0328125 0.028703703703703703