2 0.9587239583333333 0.5878472222222222 0.054947916666666666 0.06944444444444445
2 0.13828125 0.4291666666666667 0.0359375 0.04583333333333333
2 0.10221354166666667 0.4763888888888889 0.04192708333333333 0.05277777777777778
2 0.155859375 0.35659722222222223 0.03359375 0.04444444444444444
2 0.35065104166666666 0.44988425925925923 0.038802083333333334 0.05601851851851851
2 0.3904947916666667 0.43888888888888894 0.03411458333333333 0.05277777777777778
2 0.4196614583333333 0.36313657407407407 0.03619791666666666 0.04814814814814815
2 0.4337239583333333 0.31655092592592593 0.03619791666666666 0.05185185185185185
2 0.4588541666666667 0.2720486111111111 0.02395833333333333 0.04722222222222222
2 0.5114583333333333 0.35324074074074074 0.035416666666666666 0.05648148148148148
2 0.4186197916666667 0.5345486111111111 0.046614583333333334 0.07222222222222222
2 0.3165364583333333 0.6736689814814815 0.03619791666666666 0.06296296296296296
2 0.353515625 0.7578703703703703 0.04453125 0.09074074074074073
2 0.4352864583333333 0.8623263888888889 0.04244791666666666 0.07777777777777777
2 0.4794270833333333 0.6998842592592592 0.043229166666666666 0.0685185185185185
2 0.5049479166666667 0.7083333333333333 0.03802083333333333 0.06666666666666667
2 0.5325520833333333 0.6317708333333333 0.043229166666666666 0.06666666666666667
2 0.56875 0.5924189814814815 0.040625 0.07546296296296295
2 0.5315104166666667 0.5657986111111111 0.03802083333333333 0.07222222222222222
2 0.5065104166666667 0.4752314814814815 0.03802083333333333 0.06296296296296296
2 0.5419270833333333 0.4966435185185185 0.043229166666666666 0.07453703703703704
2 0.658203125 0.6931712962962963 0.05078125 0.08009259259259259
2 0.8065104166666666 0.9173032407407407 0.05989583333333333 0.10648148148148147
2 0.8552083333333333 0.6710648148148148 0.09166666666666666 0.12962962962962962
2 0.9403645833333334 0.4802083333333333 0.04635416666666666 0.06666666666666667
2 0.6786458333333333 0.31510416666666663 0.035416666666666666 0.04583333333333333
2 0.27734375 0.4612268518518518 0.0359375 0.0537037037037037