3 0.6958333333333333 0.833275462962963 0.08541666666666667 0.1259259259259259
3 0.60859375 0.6225115740740741 0.0984375 0.14814814814814814
3 0.64375 0.4443287037037037 0.08125 0.1324074074074074
3 0.5309895833333333 0.6353009259259259 0.04010416666666666 0.07685185185185185
0 0.7940104166666667 0.8488425925925925 0.07239583333333333 0.08518518518518518
0 0.8171875 0.31886574074074076 0.153125 0.18148148148148147
0 0.6236979166666667 0.7349537037037037 0.06614583333333332 0.1074074074074074
0 0.5544270833333333 0.5483217592592593 0.058854166666666666 0.11851851851851851
0 0.4734375 0.7298032407407408 0.040625 0.08148148148148147
0 0.44375 0.6504050925925926 0.046875 0.08518518518518518
0 0.4177083333333333 0.5612847222222223 0.041666666666666664 0.09444444444444444