0 0.8694010416666667 0.1951388888888889 0.038802083333333334 0.06527777777777778
0 0.8506510416666666 0.13975694444444445 0.04192708333333333 0.06388888888888888
2 0.8484375 0.8387731481481481 0.05625 0.08379629629629629
3 0.8125 0.7533564814814815 0.084375 0.15046296296296297
3 0.4571614583333333 0.6861111111111111 0.10182291666666665 0.1847222222222222
3 0.7298177083333333 0.34346064814814814 0.09401041666666667 0.08379629629629629
3 0.4350260416666667 0.29971064814814813 0.04505208333333333 0.08379629629629629
3 0.31328125 0.4723958333333333 0.0328125 0.07916666666666666
3 0.3848958333333333 0.4345486111111111 0.03854166666666666 0.07222222222222222
3 0.4227864583333333 0.4490162037037037 0.054947916666666666 0.0699074074074074
3 0.369921875 0.5421875 0.05859375 0.0875
3 0.4423177083333333 0.35966435185185186 0.031510416666666666 0.0537037037037037
3 0.27109375 0.6005208333333333 0.0453125 0.07916666666666666
1 0.24544270833333334 0.572974537037037 0.028385416666666663 0.04907407407407407
2 0.54375 0.3730324074074074 0.034375 0.03981481481481482
2 0.69765625 0.128125 0.0296875 0.0375
2 0.813671875 0.3678240740740741 0.05234375 0.04814814814814815