2 0.46953125 0.8778935185185185 0.0609375 0.09953703703703703
2 0.34479166666666666 0.3872685185185185 0.042708333333333334 0.062037037037037036
2 0.29518229166666665 0.5468171296296296 0.04348958333333333 0.04675925925925926
2 0.4427083333333333 0.4771412037037037 0.057291666666666664 0.0824074074074074
2 0.4154947916666667 0.43269675925925927 0.04348958333333333 0.08101851851851852
2 0.889453125 0.8452546296296296 0.09453125 0.13425925925925924
2 0.8393229166666666 0.8016782407407407 0.08489583333333332 0.13148148148148148
2 0.8565104166666666 0.7200810185185185 0.08802083333333333 0.137037037037037
2 0.7735677083333333 0.6752314814814815 0.15026041666666665 0.21296296296296294
2 0.3768229166666667 0.4953125 0.05364583333333332 0.075
2 0.16888020833333334 0.5362268518518518 0.05651041666666666 0.0662037037037037
2 0.4579427083333333 0.962037037037037 0.10338541666666665 0.07407407407407407
2 0.4389322916666667 0.2563078703703704 0.04036458333333333 0.053240740740740734
2 0.475 0.21585648148148148 0.0375 0.050462962962962966
2 0.52265625 0.2574652777777778 0.0296875 0.08055555555555555
2 0.4838541666666667 0.3664351851851852 0.055208333333333325 0.07037037037037037
2 0.4537760416666667 0.3439814814814815 0.04192708333333333 0.050462962962962966
2 0.5479166666666667 0.3607060185185185 0.04895833333333333 0.07453703703703704
2 0.2813802083333333 0.521238425925926 0.05026041666666666 0.05185185185185185