2 0.7908854166666667 0.6822337962962963 0.05364583333333332 0.055092592592592596
2 0.6174479166666667 0.2751736111111111 0.07864583333333333 0.09722222222222222
2 0.6315104166666667 0.35815972222222225 0.03802083333333333 0.04444444444444444
2 0.6014322916666667 0.33825231481481477 0.03098958333333333 0.04212962962962963
2 0.5272135416666667 0.3052662037037037 0.05755208333333332 0.0699074074074074
2 0.5544270833333333 0.35625 0.05572916666666666 0.075
2 0.6584635416666667 0.20567129629629627 0.07630208333333333 0.08009259259259259
2 0.5354166666666667 0.11851851851851851 0.04583333333333333 0.062037037037037036
2 0.4390625 0.34126157407407404 0.05 0.06064814814814814
2 0.6450520833333333 0.7502314814814814 0.13072916666666665 0.21296296296296294
2 0.4388020833333333 0.5992476851851852 0.07760416666666667 0.13287037037037036
2 0.21184895833333334 0.34357638888888886 0.06744791666666666 0.09027777777777776
1 0.96171875 0.215625 0.0765625 0.121875
2 0.26341145833333335 0.06278935185185185 0.029947916666666664 0.0412037037037037