2 0.3770833333333333 0.532986111111111 0.03229166666666666 0.05972222222222222
2 0.36575520833333336 0.5100694444444445 0.031510416666666666 0.05138888888888889
1 0.816796875 0.5048032407407408 0.05234375 0.08148148148148147
3 0.019401041666666667 0.8799189814814815 0.03567708333333333 0.08796296296296295
0 0.45 0.790335648148148 0.0625 0.12129629629629628
1 0.4990885416666667 0.8938657407407407 0.06380208333333333 0.08148148148148147
0 0.4953125 0.953125 0.065625 0.09375
1 0.4579427083333333 0.5138310185185185 0.028385416666666663 0.04953703703703703
1 0.5092447916666667 0.43217592592592596 0.04973958333333333 0.05185185185185185
1 0.37955729166666663 0.31070601851851853 0.04973958333333333 0.04953703703703703
1 0.39895833333333336 0.20966435185185187 0.03229166666666666 0.0412037037037037
1 0.4470052083333333 0.15167824074074074 0.028385416666666663 0.05648148148148148
2 0.3299479166666667 0.5931712962962963 0.03802083333333333 0.055092592592592596
1 0.29375 0.6988425925925925 0.025 0.11018518518518519
2 0.4692708333333333 0.288599537037037 0.03229166666666666 0.04907407407407407
3 0.635546875 0.09155092592592592 0.05234375 0.07685185185185185
2 0.705078125 0.02048611111111111 0.02265625 0.034722222222222224