2 0.610546875 0.9736689814814815 0.06171875 0.050462962962962966
2 0.16263020833333333 0.544212962962963 0.037760416666666664 0.06342592592592591
2 0.5018229166666667 0.26047453703703705 0.034895833333333334 0.04907407407407407
2 0.556640625 0.05451388888888888 0.02890625 0.04027777777777777
2 0.796484375 0.024537037037037034 0.04296875 0.04907407407407407
2 0.728125 0.26047453703703705 0.053125 0.04907407407407407
2 0.63046875 0.17100694444444445 0.0640625 0.08888888888888888
2 0.5890625 0.17395833333333333 0.040625 0.05416666666666666
2 0.429296875 0.15891203703703702 0.03359375 0.04907407407407407
2 0.6438802083333333 0.4221643518518518 0.047135416666666666 0.07870370370370369
2 0.36302083333333335 0.14467592592592593 0.03854166666666666 0.05185185185185185
2 0.5369791666666667 0.3214699074074074 0.05833333333333333 0.06481481481481481
2 0.877734375 0.15295138888888887 0.05234375 0.07777777777777777
1 0.94609375 0.421875 0.1078125 0.115625
3 0.878515625 0.37355324074074076 0.12578125 0.16898148148148145
2 0.53828125 0.97109375 0.0609375 0.0578125
2 0.7640625 0.9287037037037036 0.09375 0.1199074074074074
2 0.803515625 0.8170717592592591 0.07265625 0.11851851851851851
2 0.75390625 0.507638888888889 0.0640625 0.09027777777777776
2 0.6276041666666667 0.7336226851851853 0.07395833333333332 0.12037037037037038
2 0.68828125 0.7208912037037037 0.0734375 0.1199074074074074
2 0.344140625 0.5139467592592593 0.05078125 0.0685185185185185
2 0.30416666666666664 0.3497106481481481 0.05208333333333333 0.07129629629629629