3 0.5453125 0.9646990740740741 0.025 0.04814814814814815
3 0.60078125 0.9498263888888889 0.0328125 0.05277777777777778
3 0.6701822916666667 0.8818287037037036 0.052864583333333326 0.0824074074074074
2 0.83046875 0.7401041666666667 0.0453125 0.05833333333333333
2 0.36236979166666666 0.37060185185185185 0.02786458333333333 0.0412037037037037
2 0.4899739583333333 0.14513888888888887 0.023697916666666666 0.04027777777777777
0 0.35638020833333334 0.7025462962962963 0.05026041666666666 0.08009259259259259
0 0.36432291666666666 0.632175925925926 0.04114583333333333 0.07685185185185185
0 0.433203125 0.4950231481481482 0.04453125 0.08379629629629629
0 0.46328125 0.6289351851851852 0.0453125 0.08287037037037036
0 0.39817708333333335 0.8430555555555556 0.049479166666666664 0.08611111111111111
1 0.32513020833333334 0.45839120370370373 0.028385416666666663 0.09490740740740741
1 0.4641927083333333 0.5748263888888889 0.047135416666666666 0.05277777777777778
1 0.459375 0.31197916666666664 0.021875 0.03333333333333333
1 0.5037760416666667 0.25179398148148147 0.038802083333333334 0.03796296296296296
1 0.4158854166666667 0.1660300925925926 0.034895833333333334 0.03518518518518519
1 0.4809895833333333 0.035648148148148144 0.024479166666666666 0.046296296296296294
1 0.441015625 0.07407407407407407 0.01953125 0.035648148148148144