2 0.9604166666666666 0.663136574074074 0.06145833333333332 0.04814814814814815
2 0.20078125 0.3898148148148148 0.0734375 0.10462962962962963
2 0.280859375 0.2802662037037037 0.06171875 0.0824074074074074
2 0.2890625 0.11487268518518519 0.05 0.05787037037037037
2 0.21171875 0.04809027777777778 0.0390625 0.05555555555555556
2 0.5467447916666667 0.09131944444444444 0.06536458333333332 0.07638888888888888
2 0.4903645833333333 0.33032407407407405 0.07135416666666666 0.09814814814814814
2 0.587109375 0.2919560185185185 0.06171875 0.09953703703703703
2 0.6876302083333333 0.24560185185185185 0.07838541666666667 0.1162037037037037
2 0.713671875 0.16539351851851852 0.07421875 0.08703703703703704
2 0.8182291666666666 0.7640625 0.14583333333333331 0.2375
2 0.5455729166666667 0.6296875 0.09427083333333333 0.1625
2 0.7348958333333333 0.323900462962963 0.057291666666666664 0.06342592592592591
2 0.6411458333333333 0.346875 0.05416666666666666 0.1