1 0.05625 0.7978587962962963 0.109375 0.14259259259259258
2 0.07161458333333333 0.2142939814814815 0.06822916666666666 0.08796296296296295
2 0.27591145833333336 0.45046296296296295 0.07057291666666667 0.11342592592592593
2 0.759765625 0.30787037037037035 0.11015625 0.17824074074074073
2 0.7989583333333333 0.5177662037037037 0.11041666666666665 0.15740740740740738
2 0.7365885416666667 0.7472222222222222 0.12005208333333332 0.20694444444444443
2 0.8518229166666667 0.6975694444444445 0.12864583333333332 0.2013888888888889
2 0.4572916666666667 0.8401041666666667 0.08333333333333333 0.18333333333333332
2 0.434375 0.553587962962963 0.115625 0.1759259259259259
1 0.7701822916666667 0.04762731481481482 0.13723958333333333 0.09212962962962963
2 0.8928385416666667 0.06024305555555556 0.12005208333333332 0.11111111111111112
2 0.7302083333333333 0.20439814814814813 0.05416666666666666 0.07129629629629629