3 0.4505208333333333 0.2703125 0.029166666666666664 0.0375
3 0.408984375 0.2475115740740741 0.03359375 0.04814814814814815
2 0.36276041666666664 0.48611111111111105 0.02239583333333333 0.034722222222222224
1 0.14596354166666664 0.4835069444444445 0.060677083333333326 0.03888888888888888
3 0.06627604166666666 0.6021412037037037 0.04505208333333333 0.05740740740740741
3 0.33723958333333337 0.728298611111111 0.043229166666666666 0.07222222222222222
1 0.375390625 0.7918981481481481 0.03828125 0.10879629629629628
1 0.5309895833333333 0.5430555555555555 0.049479166666666664 0.11111111111111112
3 0.59609375 0.5520833333333333 0.0484375 0.07916666666666666
3 0.5829427083333333 0.653125 0.06901041666666666 0.1
3 0.9213541666666666 0.7217013888888889 0.06770833333333333 0.09027777777777776
3 0.83515625 0.7688657407407408 0.0296875 0.05648148148148148
3 0.76171875 0.9379050925925926 0.0859375 0.12268518518518519