2 0.6428385416666667 0.47957175925925927 0.038802083333333334 0.031018518518518518
2 0.5899739583333333 0.6537037037037037 0.05182291666666666 0.05740740740740741
2 0.5372395833333333 0.48009259259259257 0.06510416666666666 0.11018518518518519
1 0.872265625 0.5284722222222222 0.18515625 0.14444444444444443
0 0.8180989583333333 0.34056712962962965 0.12057291666666665 0.17175925925925925
0 0.9764322916666666 0.564699074074074 0.046614583333333334 0.17314814814814813
0 0.9053385416666666 0.577951388888889 0.10130208333333332 0.19027777777777777
0 0.73046875 0.48530092592592594 0.1078125 0.18935185185185183
0 0.7088541666666667 0.6458912037037037 0.12083333333333332 0.1949074074074074
0 0.8166666666666667 0.6761574074074075 0.10520833333333332 0.2148148148148148
0 0.8462239583333334 0.8551504629629629 0.12369791666666666 0.2134259259259259
0 0.7524739583333333 0.8552083333333333 0.09557291666666666 0.19166666666666665
0 0.7078125 0.9622685185185185 0.1 0.07453703703703704
0 0.6329427083333333 0.8879050925925925 0.12526041666666665 0.22268518518518515
3 0.3493489583333333 0.790162037037037 0.10182291666666665 0.17407407407407408