2 0.3296875 0.2170138888888889 0.03125 0.04027777777777777
2 0.6639322916666667 0.45 0.07161458333333333 0.1
2 0.96640625 0.2 0.0671875 0.084375
2 0.4994791666666667 0.17621527777777776 0.03645833333333333 0.05555555555555556
2 0.49375 0.49021990740740745 0.059375 0.07731481481481481
2 0.698828125 0.3787037037037037 0.06328125 0.0824074074074074
2 0.5734375 0.29461805555555554 0.053125 0.0736111111111111
2 0.6899739583333333 0.9081597222222222 0.12994791666666666 0.18194444444444444
2 0.4955729166666667 0.7605902777777778 0.07552083333333333 0.13055555555555556
2 0.28229166666666666 0.4994212962962963 0.055208333333333325 0.08009259259259259
2 0.075 0.739988425925926 0.0625 0.08935185185185185
2 0.3533854166666667 0.42065972222222225 0.056770833333333326 0.06944444444444445
2 0.8287760416666666 0.874537037037037 0.04817708333333333 0.04907407407407407
2 0.6005208333333333 0.5350694444444445 0.06041666666666666 0.07638888888888888
2 0.5756510416666667 0.4802083333333333 0.060677083333333326 0.06666666666666667
2 0.6420572916666667 0.5178819444444445 0.03098958333333333 0.03888888888888888
2 0.675 0.5353587962962962 0.034375 0.04259259259259259