2 0.05950520833333332 0.4295138888888889 0.05026041666666666 0.09027777777777776
2 0.06041666666666666 0.555613425925926 0.055208333333333325 0.08935185185185185
2 0.71875 0.15787037037037038 0.040625 0.053240740740740734
2 0.71328125 0.20775462962962962 0.0421875 0.059259259259259255
2 0.4805989583333333 0.07795138888888889 0.054947916666666666 0.09027777777777776
2 0.4381510416666667 0.8953703703703704 0.09817708333333333 0.17824074074074073
2 0.841015625 0.5920717592592593 0.06015625 0.08101851851851852
2 0.9670572916666667 0.5191550925925925 0.06536458333333332 0.12268518518518519
2 0.8625 0.36527777777777776 0.05 0.09305555555555554
2 0.758203125 0.4372685185185185 0.07265625 0.09953703703703703
2 0.7096354166666667 0.38125 0.056770833333333326 0.0875
2 0.6615885416666667 0.3638888888888889 0.05442708333333333 0.09027777777777776
2 0.6091145833333333 0.37175925925925923 0.049479166666666664 0.08101851851851852
2 0.5970052083333333 0.44849537037037035 0.06901041666666666 0.09074074074074073
2 0.5283854166666667 0.4733796296296296 0.06302083333333333 0.09675925925925925
2 0.402734375 0.49375 0.05234375 0.075
2 0.4787760416666667 0.3731481481481481 0.05442708333333333 0.08379629629629629
2 0.5385416666666667 0.2690972222222222 0.055208333333333325 0.06944444444444445
2 0.4895833333333333 0.5572916666666667 0.06979166666666667 0.10833333333333332