2 0.5352864583333333 0.20746527777777776 0.045572916666666664 0.09305555555555554
2 0.516796875 0.17667824074074073 0.03984375 0.09398148148148147
2 0.26041666666666663 0.19988425925925926 0.03645833333333333 0.0685185185185185
2 0.18307291666666667 0.4681712962962963 0.04114583333333333 0.08009259259259259
2 0.09088541666666666 0.6520833333333333 0.04427083333333333 0.07916666666666666
2 0.20143229166666665 0.5796875 0.05598958333333333 0.1125
2 0.5813802083333333 0.3818287037037037 0.10963541666666665 0.1324074074074074
2 0.6571614583333333 0.4466435185185185 0.13307291666666665 0.22453703703703703
2 0.4049479166666667 0.6576388888888889 0.04739583333333333 0.06527777777777778
2 0.38515625 0.6288194444444445 0.0703125 0.11388888888888889
2 0.3747395833333333 0.7909143518518518 0.10572916666666665 0.20370370370370366
2 0.5888020833333333 0.7776041666666667 0.06510416666666666 0.13333333333333333
2 0.5686197916666667 0.9254050925925925 0.08411458333333333 0.1476851851851852