2 0.833203125 0.2189236111111111 0.03515625 0.04722222222222222
1 0.5227864583333333 0.8060185185185185 0.12057291666666665 0.09953703703703703
2 0.596875 0.95234375 0.090625 0.0953125
2 0.4126302083333333 0.8664930555555556 0.06588541666666667 0.12361111111111109
2 0.5447916666666667 0.889699074074074 0.09270833333333332 0.12314814814814815
2 0.9049479166666666 0.9486689814814815 0.10989583333333333 0.10046296296296295
2 0.96015625 0.76875 0.0796875 0.128125
2 0.8553385416666666 0.39600694444444445 0.04817708333333333 0.05138888888888889
2 0.8584635416666666 0.4348958333333333 0.038802083333333334 0.041666666666666664
2 0.8484375 0.4607638888888889 0.0375 0.05277777777777778
2 0.6692708333333333 0.2637731481481481 0.041666666666666664 0.046296296296296294
2 0.7087239583333333 0.25179398148148147 0.03619791666666666 0.050462962962962966
2 0.6884114583333333 0.49311342592592594 0.05807291666666666 0.07685185185185185
2 0.7188802083333333 0.6081597222222223 0.05026041666666666 0.06944444444444445
2 0.7529947916666667 0.8009259259259259 0.08411458333333333 0.08935185185185185
2 0.6528645833333333 0.6276041666666667 0.06510416666666666 0.10833333333333332
2 0.5716145833333333 0.5439236111111111 0.049479166666666664 0.08472222222222223
2 0.5279947916666667 0.583275462962963 0.04973958333333333 0.08842592592592592
2 0.5794270833333333 0.3931134259259259 0.049479166666666664 0.08935185185185185
2 0.32356770833333337 0.43038194444444444 0.04401041666666666 0.06388888888888888
2 0.287109375 0.46446759259259257 0.04609375 0.06018518518518519
2 0.17122395833333331 0.42806712962962956 0.04244791666666666 0.059259259259259255
2 0.05078125 0.568576388888889 0.0515625 0.06527777777777778
2 0.08528645833333333 0.6237847222222223 0.05807291666666666 0.08194444444444444
2 0.10872395833333333 0.3733796296296296 0.045572916666666664 0.07175925925925926