2 0.5733072916666667 0.782175925925926 0.052864583333333326 0.07685185185185185
2 0.780078125 0.8928819444444445 0.07890625 0.12638888888888888
2 0.02109375 0.6446180555555555 0.0359375 0.08611111111111111
2 0.348828125 0.36909722222222224 0.03515625 0.06944444444444445
2 0.2891927083333333 0.5982638888888889 0.047135416666666666 0.07777777777777777
2 0.33307291666666666 0.7094328703703703 0.04739583333333333 0.09074074074074073
2 0.5494791666666667 0.7519097222222222 0.08020833333333333 0.10694444444444444
2 0.5419270833333333 0.897164351851852 0.14010416666666664 0.1912037037037037
2 0.640234375 0.24380787037037038 0.06796875 0.053240740740740734
2 0.6411458333333333 0.3910300925925926 0.041666666666666664 0.07268518518518519
2 0.6231770833333333 0.35561342592592593 0.03072916666666666 0.07685185185185185
2 0.7223958333333333 0.546701388888889 0.11354166666666665 0.11527777777777777
2 0.816796875 0.5967013888888889 0.13359375 0.19027777777777777
3 0.4065104166666667 0.21469907407407404 0.056770833333333326 0.06064814814814814
3 0.5158854166666667 0.0972800925925926 0.04427083333333333 0.04768518518518518