3 0.85859375 0.5231481481481481 0.0703125 0.08379629629629629
2 0.8985677083333334 0.6303819444444445 0.053385416666666664 0.05138888888888889
2 0.10651041666666668 0.4366319444444445 0.03177083333333333 0.05138888888888889
2 0.4334635416666667 0.6126736111111111 0.04192708333333333 0.04722222222222222
2 0.4942708333333333 0.7392361111111111 0.029166666666666664 0.034722222222222224
2 0.6817708333333333 0.7170717592592593 0.05416666666666666 0.05601851851851851
2 0.7234375 0.7289351851851852 0.021875 0.02037037037037037
2 0.7765625 0.6891782407407407 0.059375 0.06898148148148148
2 0.83203125 0.6697337962962963 0.0484375 0.055092592592592596
2 0.734375 0.8716435185185185 0.059375 0.08703703703703704
2 0.77734375 0.85 0.0296875 0.0375
2 0.8401041666666667 0.9300925925925926 0.06770833333333333 0.11018518518518519
2 0.95625 0.624074074074074 0.0625 0.06064814814814814