2 0.9778645833333334 0.3811921296296296 0.043229166666666666 0.04675925925925926
2 0.82265625 0.6248842592592593 0.0328125 0.04351851851851852
2 0.7485677083333333 0.4901041666666667 0.031510416666666666 0.03333333333333333
2 0.9063802083333334 0.7137731481481481 0.08463541666666666 0.12129629629629628
2 0.765234375 0.6465277777777778 0.07421875 0.10555555555555556
3 0.94765625 0.262037037037037 0.1046875 0.09907407407407406
2 0.9015625 0.4229166666666667 0.065625 0.05833333333333333
2 0.827734375 0.4458912037037037 0.08046875 0.0699074074074074
2 0.691015625 0.4637731481481482 0.06640625 0.08379629629629629
2 0.5385416666666667 0.28142361111111114 0.04583333333333333 0.04722222222222222
2 0.4567708333333333 0.4952546296296296 0.03229166666666666 0.03425925925925925
2 0.3985677083333333 0.3630787037037037 0.047135416666666666 0.04490740740740741
2 0.059244791666666664 0.20457175925925924 0.03411458333333333 0.05601851851851851
2 0.4735677083333333 0.9211805555555556 0.06588541666666667 0.09861111111111111