2 0.5053385416666667 0.4376157407407407 0.06692708333333333 0.08148148148148147
2 0.5501302083333333 0.3321180555555555 0.047135416666666666 0.0736111111111111
2 0.9002604166666666 0.8909143518518519 0.08802083333333333 0.1287037037037037
2 0.9095052083333334 0.7919560185185185 0.09713541666666667 0.17453703703703702
2 0.8100260416666666 0.743460648148148 0.16067708333333333 0.27129629629629626
2 0.4102864583333333 0.3947337962962963 0.04869791666666666 0.08009259259259259
2 0.437109375 0.4507523148148148 0.05234375 0.06712962962962962
2 0.36549479166666665 0.4727430555555555 0.052864583333333326 0.0736111111111111
2 0.13736979166666666 0.5024305555555555 0.06848958333333333 0.0736111111111111
2 0.27890625 0.5302083333333333 0.0546875 0.05416666666666666
2 0.9421875 0.9337962962962963 0.115625 0.1300925925925926
2 0.477734375 0.3439814814814815 0.05234375 0.07546296296296295
2 0.4477864583333333 0.31105324074074076 0.04244791666666666 0.06898148148148148
2 0.33125 0.35034722222222225 0.046875 0.06944444444444445
2 0.4354166666666667 0.20862268518518517 0.03333333333333333 0.045370370370370366
2 0.5299479166666667 0.2111689814814815 0.03177083333333333 0.06296296296296296
2 0.2618489583333333 0.5029513888888889 0.05182291666666666 0.05277777777777778
2 0.8052083333333334 0.21817129629629628 0.04479166666666666 0.04259259259259259
2 0.17018229166666665 0.6601273148148148 0.07161458333333333 0.09212962962962963