1 0.8358072916666666 0.422511574074074 0.04973958333333333 0.035648148148148144
3 0.753515625 0.29519675925925926 0.02578125 0.04351851851851852
3 0.9240885416666667 0.275 0.04505208333333333 0.0375
3 0.6033854166666667 0.40497685185185184 0.03802083333333333 0.0412037037037037
3 0.295703125 0.5389467592592593 0.03203125 0.04351851851851852
3 0.355859375 0.547511574074074 0.03359375 0.04814814814814815
3 0.4440104166666667 0.41863425925925923 0.03802083333333333 0.04351851851851852
2 0.744140625 0.6072916666666667 0.03203125 0.04583333333333333
2 0.701953125 0.9335069444444445 0.04140625 0.05138888888888889
2 0.7239583333333333 0.9799189814814815 0.03229166666666666 0.03796296296296296
2 0.858984375 0.7958333333333333 0.05234375 0.07916666666666666
2 0.8102864583333333 0.7162615740740741 0.03619791666666666 0.04814814814814815
2 0.9248697916666666 0.7965856481481481 0.03411458333333333 0.05879629629629629
2 0.9384114583333334 0.970023148148148 0.05807291666666666 0.05879629629629629
2 0.8673177083333334 0.8836805555555556 0.05026041666666666 0.0736111111111111
2 0.791015625 0.9780092592592593 0.04453125 0.04351851851851852
2 0.6825520833333333 0.820138888888889 0.03697916666666666 0.05277777777777778
0 0.5966145833333333 0.6869212962962963 0.03697916666666666 0.06759259259259259
1 0.5657552083333333 0.8491319444444445 0.047135416666666666 0.11388888888888889
3 0.4669270833333333 0.5169560185185185 0.04635416666666666 0.062037037037037036
3 0.35638020833333334 0.7379629629629629 0.07213541666666666 0.11342592592592593