0 0.8526041666666666 0.937037037037037 0.13333333333333333 0.12407407407407407
0 0.9819010416666666 0.9150462962962964 0.03567708333333333 0.16759259259259257
0 0.9338541666666667 0.8770833333333334 0.11145833333333333 0.19166666666666665
1 0.8977864583333334 0.8057291666666666 0.17994791666666665 0.14583333333333331
0 0.7390625 0.90546875 0.125 0.1890625
0 0.7614583333333333 0.7583333333333333 0.11666666666666665 0.21666666666666665
0 0.8412760416666666 0.6064236111111111 0.12630208333333331 0.1847222222222222
1 0.517578125 0.1257523148148148 0.04453125 0.17962962962962964
2 0.5572916666666667 0.704398148148148 0.06458333333333333 0.12129629629629628
2 0.62109375 0.916724537037037 0.0484375 0.06157407407407407
2 0.6690104166666667 0.726099537037037 0.04114583333333333 0.04907407407407407
2 0.6694010416666667 0.0744212962962963 0.04192708333333333 0.055092592592592596