0 0.53046875 0.5384837962962963 0.0484375 0.09259259259259259
0 0.7114583333333333 0.6129050925925925 0.07291666666666666 0.11018518518518519
0 0.5828125 0.5902777777777778 0.0625 0.10555555555555556
0 0.4705729166666667 0.5453125 0.05364583333333332 0.1
0 0.30104166666666665 0.27129629629629626 0.07708333333333332 0.09259259259259259
0 0.25833333333333336 0.17378472222222224 0.07604166666666666 0.09444444444444444
0 0.115625 0.0724537037037037 0.11875 0.0824074074074074
0 0.83203125 0.2439814814814815 0.0546875 0.06296296296296296
0 0.9044270833333334 0.18859953703703702 0.03697916666666666 0.04907407407407407
0 0.9432291666666666 0.24774305555555554 0.02395833333333333 0.03611111111111111
0 0.8825520833333333 0.13854166666666667 0.027604166666666662 0.03333333333333333
3 0.22916666666666666 0.659375 0.10208333333333333 0.125
3 0.2828125 0.35260416666666666 0.084375 0.08333333333333333
3 0.4177083333333333 0.5638888888888889 0.06979166666666667 0.10277777777777777
3 0.59609375 0.5424189814814815 0.0609375 0.08796296296296295
3 0.659375 0.5500578703703703 0.059375 0.06574074074074074
3 0.8119791666666666 0.849826388888889 0.08020833333333333 0.15277777777777776
3 0.89453125 0.8310763888888889 0.1109375 0.12777777777777777
3 0.96953125 0.9066550925925926 0.0609375 0.13518518518518519
3 0.8619791666666666 0.5148148148148148 0.07083333333333333 0.10462962962962963
3 0.8213541666666666 0.6837962962962962 0.06458333333333333 0.09259259259259259
3 0.953125 0.5556712962962963 0.078125 0.06759259259259259
3 0.96171875 0.35 0.0671875 0.075