2 0.021744791666666666 0.3274884259259259 0.04036458333333333 0.07685185185185185
2 0.4967447916666667 0.47054398148148147 0.06223958333333333 0.10046296296296295
2 0.07825520833333333 0.42771990740740745 0.05963541666666666 0.07731481481481481
2 0.11744791666666668 0.35399305555555555 0.04427083333333333 0.0736111111111111
2 0.4442708333333333 0.4653356481481481 0.11041666666666665 0.15879629629629627
2 0.5134114583333333 0.5556712962962963 0.06744791666666666 0.08009259259259259
2 0.4899739583333333 0.6097800925925926 0.06744791666666666 0.08518518518518518
2 0.5819010416666667 0.7453703703703705 0.11692708333333332 0.14074074074074075
2 0.4229166666666667 0.9348958333333334 0.10520833333333332 0.12916666666666665
2 0.96171875 0.8328125 0.0765625 0.18125
2 0.68515625 0.39791666666666664 0.0609375 0.07083333333333333
2 0.7592447916666667 0.3710069444444445 0.06536458333333332 0.07638888888888888
2 0.797265625 0.2818287037037037 0.05390625 0.0699074074074074
2 0.7225260416666667 0.22586805555555553 0.05442708333333333 0.0736111111111111
2 0.7260416666666667 0.27586805555555555 0.055208333333333325 0.0736111111111111
2 0.6235677083333333 0.1795138888888889 0.037760416666666664 0.05277777777777778
2 0.614453125 0.12633101851851852 0.03828125 0.062037037037037036
2 0.8786458333333333 0.2884259259259259 0.06041666666666666 0.06435185185185185
2 0.053385416666666664 0.5528935185185185 0.07239583333333333 0.09953703703703703
2 0.43671875 0.819039351851852 0.0828125 0.1162037037037037
2 0.7427083333333333 0.45688657407407407 0.08229166666666667 0.09814814814814814
1 0.6162760416666667 0.35347222222222224 0.09505208333333333 0.06944444444444445
2 0.9015625 0.6486689814814814 0.04375 0.06296296296296296
2 0.507421875 0.7854166666666667 0.08046875 0.13333333333333333
2 0.923828125 0.3922453703703704 0.07265625 0.10324074074074074