0 0.93984375 0.6036458333333333 0.0703125 0.09166666666666666
0 0.80859375 0.6322337962962963 0.0828125 0.11759259259259258
0 0.6763020833333333 0.3712962962962963 0.10572916666666665 0.11759259259259258
0 0.14739583333333334 0.17222222222222222 0.06979166666666667 0.09444444444444444
0 0.5182291666666667 0.7925925925925925 0.06458333333333333 0.08518518518518518
0 0.3630208333333333 0.7671296296296296 0.10416666666666666 0.10925925925925925
3 0.31640625 0.5527777777777778 0.1296875 0.18055555555555552
3 0.2528645833333333 0.6754050925925925 0.11822916666666665 0.18518518518518517
3 0.18229166666666666 0.9059606481481481 0.12083333333333332 0.14629629629629629
3 0.9690104166666667 0.540162037037037 0.05989583333333333 0.12407407407407407
3 0.9765625 0.8116898148148148 0.046875 0.12962962962962962
3 0.9723958333333333 0.3410300925925926 0.05416666666666666 0.13518518518518519
3 0.6059895833333333 0.3688078703703704 0.07760416666666667 0.11574074074074074
3 0.43671875 0.23697916666666666 0.0640625 0.10833333333333332
3 0.26171875 0.2351273148148148 0.0890625 0.10462962962962963
3 0.21744791666666666 0.4588541666666667 0.09427083333333333 0.13333333333333333
3 0.13489583333333333 0.5191550925925925 0.11666666666666665 0.18518518518518517
3 0.09401041666666667 0.7503472222222223 0.13802083333333331 0.14444444444444443