0 0.967578125 0.780150462962963 0.06328125 0.1384259259259259
1 0.9328125 0.31568287037037035 0.134375 0.10324074074074074
3 0.44296875 0.39837962962962964 0.1078125 0.12175925925925926
3 0.3807291666666667 0.5455439814814815 0.08020833333333333 0.18796296296296294
3 0.049479166666666664 0.615451388888889 0.06770833333333333 0.17777777777777776
2 0.651953125 0.20978009259259262 0.06328125 0.08518518518518518
2 0.409375 0.965625 0.05 0.06875
1 0.493359375 0.935300925925926 0.09609375 0.07685185185185185
0 0.94921875 0.125 0.1015625 0.19375
0 0.8315104166666666 0.2333333333333333 0.11927083333333333 0.20416666666666666
0 0.7796875 0.3680555555555555 0.115625 0.2111111111111111
0 0.9694010416666666 0.34050925925925923 0.060677083333333326 0.1560185185185185
0 0.8897135416666666 0.4287037037037037 0.09817708333333333 0.1949074074074074
0 0.8729166666666666 0.5526041666666667 0.08958333333333332 0.18333333333333332
0 0.7885416666666667 0.560763888888889 0.08645833333333333 0.17777777777777776
0 0.7834635416666667 0.8425925925925926 0.08567708333333332 0.1476851851851852
0 0.7256510416666667 0.6947337962962963 0.09505208333333333 0.1925925925925926
0 0.6779947916666667 0.5391203703703704 0.10598958333333333 0.21574074074074073
2 0.6751302083333333 0.35532407407407407 0.04401041666666666 0.04814814814814815
1 0.974609375 0.86875 0.04921875 0.1125
1 0.902734375 0.9197916666666666 0.10859375 0.15833333333333333