2 0.9700520833333334 0.9197916666666666 0.058854166666666666 0.15833333333333333
1 0.413671875 0.7142939814814815 0.09609375 0.06296296296296296
1 0.6515625 0.9232638888888889 0.11875 0.15277777777777776
1 0.846484375 0.5752893518518518 0.11484375 0.1537037037037037
1 0.751953125 0.6565972222222223 0.12578125 0.26944444444444443
0 0.7796875 0.5109375 0.078125 0.1375
0 0.8595052083333334 0.4996527777777778 0.07213541666666666 0.13055555555555556
0 0.9694010416666666 0.48125 0.060677083333333326 0.1375
2 0.339453125 0.7497106481481481 0.04453125 0.07129629629629629
2 0.14205729166666664 0.6283564814814815 0.052864583333333326 0.07546296296296295
0 0.6545572916666667 0.5921875 0.07473958333333333 0.1375
0 0.6109375 0.46348379629629627 0.09375 0.16759259259259257
0 0.5696614583333333 0.32633101851851853 0.09869791666666666 0.17453703703703702
0 0.659765625 0.346875 0.06953125 0.1375
0 0.713671875 0.3092013888888889 0.08984375 0.16527777777777777
0 0.7494791666666667 0.21666666666666665 0.08333333333333333 0.15833333333333333
0 0.6587239583333333 0.1873263888888889 0.09557291666666666 0.17777777777777776
1 0.8266927083333334 0.11846064814814813 0.17213541666666665 0.08379629629629629
0 0.8421875 0.15185185185185185 0.11875 0.1662037037037037
0 0.9436197916666667 0.1540509259259259 0.10598958333333333 0.17685185185185184
0 0.98984375 0.17109375 0.0203125 0.1453125
3 0.31640625 0.37719907407407405 0.0734375 0.14814814814814814
3 0.376953125 0.24097222222222223 0.08515625 0.09444444444444444
2 0.5657552083333333 0.07390046296296296 0.053385416666666664 0.07592592592592592