2 0.10833333333333332 0.4771412037037037 0.05416666666666666 0.0824074074074074
2 0.040625 0.5326967592592593 0.04375 0.05601851851851851
2 0.29713541666666665 0.469849537037037 0.04114583333333333 0.07407407407407407
2 0.30950520833333334 0.585763888888889 0.05026041666666666 0.09027777777777776
2 0.6502604166666667 0.27922453703703703 0.056770833333333326 0.08657407407407407
2 0.6369791666666667 0.23130787037037037 0.05208333333333333 0.09074074074074073
2 0.6946614583333333 0.09751157407407407 0.07057291666666667 0.06064814814814814
2 0.6920572916666667 0.48368055555555556 0.12473958333333332 0.14861111111111108
2 0.77109375 0.5706597222222223 0.1546875 0.2444444444444444
2 0.6665364583333333 0.9109375 0.10182291666666665 0.175
2 0.4984375 0.7231481481481482 0.040625 0.05879629629629629
2 0.4640625 0.6741319444444445 0.046875 0.11388888888888889
2 0.44296875 0.8607060185185185 0.1390625 0.199537037037037
3 0.4731770833333333 0.05318287037037037 0.058854166666666666 0.053240740740740734
2 0.20533854166666665 0.6344328703703703 0.03567708333333333 0.053240740740740734
3 0.03020833333333333 0.6534143518518518 0.05416666666666666 0.1287037037037037
2 0.383984375 0.2261574074074074 0.04296875 0.06481481481481481