2 0.7279947916666667 0.09936342592592592 0.03098958333333333 0.05185185185185185
2 0.7388020833333333 0.2534722222222222 0.049479166666666664 0.05694444444444444
2 0.719921875 0.31105324074074076 0.03984375 0.043981481481481476
2 0.7264322916666667 0.7344328703703704 0.09348958333333332 0.14074074074074075
2 0.06901041666666666 0.39895833333333336 0.05364583333333332 0.06666666666666667
2 0.17981770833333333 0.4105902777777778 0.04088541666666666 0.05555555555555556
2 0.21614583333333334 0.37783564814814813 0.035416666666666666 0.05879629629629629
2 0.114453125 0.716550925925926 0.08203125 0.11435185185185184
1 0.35182291666666665 0.6395833333333333 0.12239583333333333 0.09166666666666666
2 0.425 0.4144097222222222 0.053125 0.08194444444444444
2 0.5497395833333333 0.3663194444444445 0.043229166666666666 0.05138888888888889
2 0.9014322916666666 0.4450810185185185 0.09348958333333332 0.11203703703703702
2 0.8063802083333333 0.4041666666666667 0.08776041666666666 0.10833333333333332
2 0.9584635416666666 0.28350694444444446 0.06380208333333333 0.06388888888888888
2 0.794921875 0.5423611111111111 0.08984375 0.09722222222222222
2 0.9748697916666667 0.5152777777777777 0.04973958333333333 0.11805555555555555
2 0.97265625 0.64921875 0.0546875 0.1140625
2 0.9609375 0.7890625 0.078125 0.18125
2 0.9239583333333334 0.9085069444444445 0.15104166666666666 0.17638888888888887
2 0.58515625 0.603761574074074 0.0828125 0.08564814814814814
2 0.50546875 0.819212962962963 0.0828125 0.1384259259259259
2 0.38229166666666664 0.46273148148148147 0.042708333333333334 0.06296296296296296
2 0.3684895833333333 0.726736111111111 0.10260416666666665 0.1222222222222222
2 0.4283854166666667 0.7770254629629629 0.08489583333333332 0.11342592592592593
2 0.5647135416666667 0.8688078703703704 0.07942708333333333 0.11574074074074074
2 0.6197916666666667 0.9163773148148149 0.09270833333333332 0.12962962962962962
2 0.6813802083333333 0.8228009259259259 0.10338541666666665 0.13935185185185184
2 0.7376302083333333 0.15480324074074076 0.04401041666666666 0.043981481481481476
2 0.6446614583333333 0.14074074074074075 0.03619791666666666 0.043981481481481476
2 0.6067708333333333 0.16261574074074076 0.035416666666666666 0.043981481481481476
2 0.5731770833333333 0.446412037037037 0.049479166666666664 0.04907407407407407
2 0.4501302083333333 0.28657407407407404 0.04401041666666666 0.06064814814814814