1 0.45078125 0.10688657407407406 0.0265625 0.035648148148148144
2 0.3826822916666667 0.30694444444444446 0.02786458333333333 0.03888888888888888
0 0.07044270833333333 0.8446180555555556 0.047135416666666666 0.0736111111111111
0 0.2390625 0.6517361111111111 0.040625 0.07222222222222222
0 0.30182291666666666 0.6505208333333333 0.03802083333333333 0.06666666666666667
0 0.2696614583333333 0.5748263888888889 0.039322916666666666 0.07777777777777777
0 0.36549479166666665 0.7673032407407407 0.04973958333333333 0.09398148148148147
0 0.3653645833333333 0.6298032407407408 0.043229166666666666 0.08148148148148147
0 0.373828125 0.5685185185185185 0.03828125 0.07453703703703704
0 0.4393229166666667 0.4237268518518518 0.04114583333333333 0.07870370370370369
1 0.342578125 0.3833912037037037 0.02890625 0.09490740740740741
1 0.46875 0.5115740740740741 0.05625 0.06064814814814814
3 0.6096354166666667 0.8088541666666667 0.05364583333333332 0.07083333333333333
2 0.79140625 0.6814814814814815 0.0453125 0.06296296296296296
3 0.47734375 0.8758101851851852 0.0265625 0.03287037037037037
3 0.524609375 0.8704861111111111 0.03671875 0.05972222222222222
1 0.48046875 0.2503472222222222 0.0234375 0.03194444444444444
1 0.52421875 0.18917824074074074 0.0359375 0.043981481481481476
2 0.520703125 0.08269675925925926 0.02265625 0.04351851851851852