2 0.526953125 0.2549189814814815 0.02890625 0.06296296296296296
2 0.4727864583333333 0.222974537037037 0.04244791666666666 0.03657407407407407
2 0.4393229166666667 0.2587962962962963 0.034895833333333334 0.04259259259259259
2 0.44921875 0.3529513888888889 0.0453125 0.05277777777777778
2 0.4845052083333333 0.3686921296296296 0.05026041666666666 0.059259259259259255
2 0.28411458333333334 0.5317708333333333 0.049479166666666664 0.05416666666666666
2 0.2970052083333333 0.5628472222222223 0.05651041666666666 0.05694444444444444
2 0.5479166666666667 0.35931712962962964 0.04583333333333333 0.07175925925925926
2 0.3787760416666667 0.5049189814814815 0.05442708333333333 0.08796296296296295
2 0.1640625 0.547048611111111 0.0625 0.07222222222222222
2 0.7752604166666667 0.6830439814814815 0.15989583333333332 0.21296296296296294
2 0.8638020833333334 0.7295717592592592 0.08072916666666666 0.14351851851851852
2 0.851171875 0.7935185185185185 0.08046875 0.137037037037037
2 0.903515625 0.8575810185185185 0.10078125 0.14953703703703702
2 0.4178385416666667 0.4370949074074074 0.04505208333333333 0.07731481481481481
2 0.4430989583333333 0.4830439814814815 0.04869791666666666 0.08796296296296295
2 0.34231770833333336 0.3978009259259259 0.047135416666666666 0.06435185185185185
2 0.4540364583333333 0.967013888888889 0.09557291666666666 0.06527777777777778
2 0.46875 0.8841435185185185 0.059375 0.08703703703703704