1 0.95703125 0.41626157407407405 0.0859375 0.17314814814814813
0 0.9390625 0.55703125 0.121875 0.1984375
0 0.9403645833333334 0.7036458333333333 0.11822916666666665 0.19166666666666665
0 0.8319010416666666 0.7006365740740741 0.09817708333333333 0.18564814814814815
0 0.825 0.93984375 0.096875 0.1203125
0 0.97265625 0.25390625 0.0546875 0.1796875
0 0.8790364583333334 0.34890046296296295 0.12057291666666665 0.2009259259259259
0 0.8287760416666666 0.4918981481481481 0.12630208333333331 0.20879629629629629
0 0.7088541666666667 0.669212962962963 0.12395833333333332 0.22592592592592592
2 0.68046875 0.29508101851851853 0.0703125 0.08703703703703704
3 0.465234375 0.49056712962962956 0.11171875 0.13425925925925924
3 0.39869791666666665 0.6402777777777777 0.09114583333333333 0.19305555555555554
3 0.05026041666666666 0.672800925925926 0.06927083333333332 0.17685185185185184
0 0.771875 0.8365162037037036 0.103125 0.1824074074074074
2 0.7063802083333333 0.45873842592592595 0.04401041666666666 0.05185185185185185