2 0.568576388888889 0.8707368827160493 0.02777777777777778 0.03209876543209876
2 0.5340277777777778 0.8660493827160494 0.03055555555555555 0.03209876543209876
2 0.9305555555555556 0.42690972222222223 0.04861111111111111 0.04444444444444444
2 0.8961805555555555 0.3866126543209877 0.03611111111111111 0.04197530864197531
2 0.7522569444444445 0.37411265432098767 0.03888888888888888 0.04197530864197531
2 0.6201388888888889 0.48258101851851853 0.02777777777777778 0.037037037037037035
2 0.6524305555555555 0.6491898148148147 0.02361111111111111 0.029629629629629627
2 0.8326388888888889 0.8585069444444444 0.07777777777777777 0.08888888888888888
2 0.962673611111111 0.5886766975308642 0.07222222222222222 0.06172839506172839
3 0.29878472222222224 0.6099729938271605 0.03194444444444444 0.05432098765432099
0 0.11545138888888888 0.41604938271604935 0.02777777777777778 0.03209876543209876
0 0.18645833333333334 0.5800347222222222 0.041666666666666664 0.04444444444444444
0 0.2828125 0.5194251543209877 0.025 0.04197530864197531
0 0.19618055555555555 0.3922260802469136 0.03611111111111111 0.09382716049382715
0 0.1578125 0.3554398148148148 0.0125 0.029629629629629627
0 0.17777777777777776 0.2750192901234568 0.03055555555555555 0.046913580246913576
0 0.09826388888888889 0.2288773148148148 0.02777777777777778 0.029629629629629627
0 0.025 0.19540895061728394 0.025 0.0345679012345679
0 0.04583333333333333 0.17451774691358024 0.029166666666666664 0.027160493827160494
0 0.017361111111111112 0.12106481481481482 0.02222222222222222 0.029629629629629627
0 0.14652777777777776 0.04006558641975309 0.03055555555555555 0.03950617283950617
0 0.10711805555555556 0.062442129629629625 0.04861111111111111 0.059259259259259255
0 0.09722222222222222 0.16334876543209878 0.06944444444444445 0.06419753086419752
0 0.14618055555555556 0.13283179012345678 0.03611111111111111 0.046913580246913576
0 0.1640625 0.18784722222222222 0.0375 0.04444444444444444
0 0.18524305555555556 0.13177083333333334 0.04861111111111111 0.06666666666666667
0 0.21684027777777776 0.22642746913580244 0.043055555555555555 0.07160493827160494
0 0.26753472222222224 0.24681712962962962 0.03194444444444444 0.059259259259259255
0 0.5041666666666667 0.3435378086419753 0.04583333333333333 0.08395061728395062
0 0.5953125 0.04978780864197531 0.0625 0.08395061728395062
0 0.35208333333333336 0.5402391975308641 0.016666666666666666 0.06172839506172839
0 0.4572916666666667 0.42791280864197534 0.04583333333333333 0.08395061728395062
0 0.5201388888888889 0.5104938271604939 0.06527777777777778 0.12098765432098765
0 0.7180555555555556 0.8259645061728396 0.09861111111111111 0.14567901234567898
1 0.7680555555555555 0.2077932098765432 0.0611111111111111 0.1530864197530864
3 0.2171875 0.5147376543209876 0.025 0.04197530864197531
3 0.21944444444444447 0.09172453703703703 0.05138888888888889 0.07407407407407407
3 0.3206597222222222 0.3030671296296296 0.04444444444444444 0.059259259259259255
3 0.34565972222222224 0.2068672839506173 0.05694444444444444 0.10123456790123457
3 0.5027777777777778 0.13028549382716048 0.043055555555555555 0.05432098765432099
3 0.4755208333333333 0.23368055555555553 0.06666666666666667 0.11111111111111112
3 0.6928819444444445 0.13277391975308642 0.08888888888888888 0.10617283950617282
3 0.59375 0.395679012345679 0.05 0.09135802469135802
3 0.7109375 0.4377121913580247 0.0875 0.11604938271604937
3 0.8423611111111111 0.4776234567901234 0.13472222222222222 0.18024691358024691
3 0.4677083333333333 0.877199074074074 0.07916666666666666 0.14814814814814814
3 0.5600694444444445 0.7233217592592592 0.07638888888888888 0.11851851851851851
3 0.6868055555555556 0.9285108024691358 0.12361111111111109 0.1382716049382716