2 0.32591145833333335 0.3091435185185185 0.04244791666666666 0.062037037037037036
2 0.033984375 0.7774884259259259 0.06171875 0.10185185185185183
2 0.16015625 0.441087962962963 0.0640625 0.07592592592592592
2 0.2872395833333333 0.4809606481481482 0.04635416666666666 0.046296296296296294
2 0.39921875 0.36550925925925926 0.0421875 0.0685185185185185
2 0.4247395833333333 0.4195023148148148 0.04635416666666666 0.06712962962962962
2 0.36223958333333334 0.43605324074074076 0.049479166666666664 0.08148148148148147
2 0.7080729166666667 0.6655092592592593 0.11614583333333332 0.1935185185185185
2 0.7755208333333333 0.7019675925925926 0.06666666666666667 0.12268518518518519
2 0.7575520833333333 0.7578125 0.07760416666666667 0.1125
2 0.7868489583333333 0.8250578703703704 0.07994791666666666 0.10324074074074074
2 0.4385416666666667 0.922800925925926 0.08645833333333333 0.15185185185185185
2 0.5278645833333333 0.30769675925925927 0.049479166666666664 0.0685185185185185
2 0.469921875 0.30572916666666666 0.05234375 0.07083333333333333
2 0.4388020833333333 0.2779513888888889 0.03697916666666666 0.05277777777777778
1 0.9404947916666666 0.6001736111111111 0.11848958333333333 0.10972222222222221
2 0.4608072916666667 0.1380787037037037 0.04036458333333333 0.04490740740740741
2 0.4186197916666667 0.17297453703703702 0.03411458333333333 0.04907407407407407
2 0.5061197916666667 0.18917824074074074 0.04036458333333333 0.05648148148148148
2 0.1765625 0.15040509259259258 0.0375 0.04768518518518518
2 0.27057291666666666 0.4520833333333333 0.04739583333333333 0.041666666666666664