0 0.9697916666666666 0.35028935185185184 0.03958333333333333 0.0537037037037037
0 0.790625 0.19207175925925926 0.03125 0.04351851851851852
0 0.28046875 0.34832175925925923 0.0296875 0.04351851851851852
0 0.3260416666666667 0.3888888888888889 0.03020833333333333 0.05277777777777778
0 0.12317708333333333 0.4491319444444445 0.043229166666666666 0.06388888888888888
0 0.11276041666666667 0.5940393518518519 0.03802083333333333 0.0537037037037037
0 0.4924479166666667 0.537326388888889 0.025520833333333333 0.05277777777777778
0 0.5265625 0.5092013888888889 0.0375 0.05277777777777778
0 0.6807291666666667 0.3662615740740741 0.02708333333333333 0.04814814814814815
0 0.7190104166666667 0.31302083333333336 0.034895833333333334 0.041666666666666664
0 0.7638020833333333 0.2962962962962963 0.033854166666666664 0.04259259259259259
0 0.9138020833333333 0.5094907407407407 0.03072916666666666 0.05648148148148148
0 0.8815104166666666 0.7733217592592593 0.03802083333333333 0.0685185185185185
0 0.5473958333333333 0.9816550925925925 0.051041666666666666 0.03518518518518519
1 0.4927083333333333 0.8553240740740741 0.14479166666666665 0.17314814814814813
3 0.34739583333333335 0.5984375 0.04791666666666666 0.05
3 0.19921875 0.5189814814814815 0.0546875 0.06296296296296296