2 0.2652777777777778 0.6746913580246914 0.043055555555555555 0.04938271604938271
2 0.3416666666666667 0.8135223765432098 0.03333333333333333 0.08641975308641975
2 0.33541666666666664 0.7179591049382716 0.05833333333333333 0.0765432098765432
2 0.24600694444444446 0.9049575617283951 0.03888888888888888 0.05679012345679012
2 0.48506944444444444 0.695582561728395 0.06388888888888888 0.05679012345679012
2 0.8178819444444445 0.6063657407407408 0.06388888888888888 0.08148148148148147
2 0.5241319444444444 0.8826774691358026 0.05138888888888889 0.07160493827160494
2 0.85 0.843113425925926 0.0375 0.05185185185185185
0 0.3289930555555555 0.28834876543209875 0.02361111111111111 0.06419753086419752
0 0.36614583333333334 0.433912037037037 0.029166666666666664 0.07407407407407407
0 0.6576388888888889 0.5428819444444445 0.05277777777777778 0.08888888888888888
0 0.8088541666666667 0.242554012345679 0.05833333333333333 0.09135802469135802
1 0.828298611111111 0.4138695987654321 0.13472222222222222 0.1308641975308642