2 0.38619791666666664 0.6590856481481482 0.04427083333333333 0.07129629629629629
3 0.6838541666666667 0.7434027777777777 0.04895833333333333 0.08055555555555555
3 0.8958333333333334 0.6721643518518519 0.11354166666666665 0.1787037037037037
0 0.89921875 0.09890046296296295 0.0359375 0.050925925925925916
0 0.5440104166666667 0.159375 0.04427083333333333 0.05
0 0.5916666666666667 0.30300925925925926 0.03958333333333333 0.04351851851851852
0 0.16666666666666669 0.2370949074074074 0.02708333333333333 0.03981481481481482
0 0.08619791666666667 0.2594328703703704 0.03802083333333333 0.04074074074074074
0 0.046875 0.3492476851851852 0.03125 0.045370370370370366
0 0.09453125 0.331712962962963 0.0359375 0.050925925925925916
0 0.1859375 0.31006944444444445 0.0375 0.06388888888888888
0 0.24505208333333334 0.3373263888888889 0.049479166666666664 0.07777777777777777
0 0.30208333333333337 0.3618634259259259 0.03229166666666666 0.05185185185185185
0 0.4270833333333333 0.39542824074074073 0.03854166666666666 0.05648148148148148
0 0.4643229166666667 0.4461226851851852 0.04427083333333333 0.09537037037037036
0 0.4934895833333333 0.42899305555555556 0.03697916666666666 0.0611111111111111
0 0.39140625 0.607638888888889 0.0328125 0.05277777777777778
0 0.4572916666666667 0.9197916666666666 0.06145833333333332 0.08333333333333333
0 0.6653645833333333 0.9674189814814815 0.06197916666666666 0.06296296296296296
0 0.8747395833333333 0.787326388888889 0.05572916666666666 0.07777777777777777
0 0.96328125 0.7088541666666667 0.0671875 0.10833333333333332