0 0.5893229166666667 0.4219907407407407 0.02239583333333333 0.03148148148148148
1 0.7830729166666667 0.907986111111111 0.14739583333333334 0.07222222222222222
3 0.4138020833333333 0.4950231481481482 0.05572916666666666 0.046296296296296294
3 0.9408854166666666 0.8994212962962964 0.05989583333333333 0.06759259259259259
0 0.38020833333333337 0.3715277777777778 0.026041666666666664 0.03055555555555555
0 0.36953125 0.40792824074074074 0.0265625 0.03148148148148148
0 0.4208333333333333 0.4223958333333333 0.026041666666666664 0.041666666666666664
0 0.06979166666666667 0.502025462962963 0.042708333333333334 0.050925925925925916
0 0.025260416666666664 0.6364583333333333 0.034895833333333334 0.041666666666666664
0 0.12708333333333333 0.721412037037037 0.035416666666666666 0.04907407407407407
0 0.11640625 0.8015046296296295 0.0421875 0.059259259259259255
0 0.21953125 0.7669560185185185 0.0390625 0.062037037037037036
0 0.31276041666666665 0.8115162037037036 0.034895833333333334 0.05740740740740741
0 0.2830729166666667 0.618287037037037 0.034895833333333334 0.04907407407407407
0 0.32786458333333335 0.5702546296296296 0.024479166666666666 0.03425925925925925
0 0.37864583333333335 0.6286458333333333 0.03229166666666666 0.041666666666666664
0 0.4330729166666667 0.6002314814814815 0.03177083333333333 0.03796296296296296
0 0.5078125 0.643287037037037 0.034375 0.04907407407407407
0 0.5697916666666667 0.7351273148148147 0.03333333333333333 0.054629629629629625
0 0.8989583333333334 0.6713541666666667 0.051041666666666666 0.05833333333333333
0 0.8364583333333334 0.7457175925925925 0.04479166666666666 0.06018518518518519
0 0.8723958333333334 0.7890625 0.035416666666666666 0.05
0 0.7497395833333333 0.7200231481481482 0.03697916666666666 0.046296296296296294
0 0.7127604166666667 0.8202546296296296 0.05052083333333333 0.059259259259259255
0 0.6502604166666667 0.9710648148148149 0.056770833333333326 0.054629629629629625