3 0.3 0.7402777777777778 0.078125 0.08055555555555555
3 0.1890625 0.5761574074074074 0.065625 0.06481481481481481
3 0.09947916666666666 0.502025462962963 0.04583333333333333 0.050925925925925916
0 0.15677083333333333 0.4134837962962963 0.029166666666666664 0.04259259259259259
0 0.14375 0.44797453703703705 0.01875 0.024074074074074074
0 0.20078125 0.4793981481481482 0.0359375 0.046296296296296294
0 0.06380208333333333 0.6692708333333333 0.04010416666666666 0.041666666666666664
0 0.1296875 0.7587962962962963 0.040625 0.04259259259259259
0 0.20182291666666666 0.7146412037037038 0.03802083333333333 0.05740740740740741
0 0.29036458333333337 0.7891782407407407 0.043229166666666666 0.05648148148148148
0 0.3653645833333333 0.9034722222222221 0.04010416666666666 0.06944444444444445
0 0.39609375 0.502025462962963 0.0296875 0.025925925925925925
0 0.4302083333333333 0.48692129629629627 0.035416666666666666 0.04259259259259259
0 0.4671875 0.5131944444444445 0.03125 0.03888888888888888
0 0.51484375 0.5787037037037037 0.0203125 0.032407407407407406
0 0.5666666666666667 0.6131365740740741 0.02708333333333333 0.04814814814814815
0 0.6005208333333333 0.6625 0.029166666666666664 0.05
0 0.6158854166666667 0.6900462962962963 0.028645833333333332 0.04259259259259259
0 0.68828125 0.7778356481481482 0.0515625 0.07129629629629629
0 0.5565104166666667 0.8481481481481481 0.03802083333333333 0.046296296296296294
0 0.6390625 0.8739583333333334 0.046875 0.06666666666666667
0 0.6671875 0.9293981481481481 0.0375 0.046296296296296294
0 0.5190104166666667 0.9786458333333334 0.05052083333333333 0.041666666666666664