2 0.4026041666666667 0.947974537037037 0.03333333333333333 0.024074074074074074
2 0.4697916666666667 0.8825231481481481 0.02395833333333333 0.021296296296296296
2 0.5408854166666667 0.8701388888888889 0.025520833333333333 0.02777777777777778
2 0.8390625 0.9734953703703704 0.025 0.04074074074074074
0 0.7197916666666667 0.5163773148148147 0.05208333333333333 0.10462962962962963
0 0.6359375 0.5283564814814815 0.0375 0.06296296296296296
0 0.5971354166666667 0.5704282407407407 0.025520833333333333 0.05648148148148148
0 0.603125 0.6402777777777777 0.0375 0.05555555555555556
0 0.6526041666666667 0.6497106481481482 0.03958333333333333 0.07129629629629629
0 0.7875 0.673611111111111 0.034375 0.07222222222222222
0 0.6927083333333333 0.6744791666666667 0.041666666666666664 0.08333333333333333
0 0.52890625 0.8914930555555556 0.0546875 0.08611111111111111
0 0.33671875 0.8758680555555556 0.0578125 0.08611111111111111