3 0.42361111111111105 0.5882908950617284 0.08472222222222223 0.12345679012345678
3 0.41076388888888893 0.8599344135802468 0.09027777777777776 0.16049382716049382
0 0.8232638888888889 0.0892554012345679 0.05277777777777778 0.0691358024691358
0 0.9022569444444445 0.14255401234567902 0.05138888888888889 0.09135802469135802
0 0.4473958333333333 0.26419753086419756 0.05416666666666666 0.12839506172839504
0 0.5140625 0.270679012345679 0.0375 0.09135802469135802
0 0.6539930555555555 0.29207175925925927 0.0611111111111111 0.11851851851851851
0 0.6986111111111111 0.5388503086419754 0.04722222222222222 0.08395061728395062
0 0.7553819444444445 0.7535879629629629 0.06388888888888888 0.1259259259259259
0 0.6618055555555555 0.8636381172839507 0.08611111111111111 0.16790123456790124
0 0.5621527777777777 0.9671296296296296 0.05555555555555556 0.059259259259259255
0 0.88125 0.9649112654320987 0.0875 0.06419753086419752
1 0.5527777777777778 0.6671682098765432 0.18055555555555552 0.1530864197530864
1 0.8020833333333334 0.8549768518518519 0.14166666666666666 0.1037037037037037
1 0.265625 0.5513117283950617 0.15 0.19012345679012346