3 0.7206597222222222 0.49436728395061724 0.06944444444444445 0.10123456790123457
3 0.5027777777777778 0.3390432098765432 0.11805555555555555 0.1530864197530864
1 0.5354166666666667 0.2573688271604938 0.08333333333333333 0.12098765432098765
1 0.0421875 0.2918788580246914 0.075 0.24938271604938272
1 0.35746527777777776 0.5571180555555555 0.10555555555555556 0.11111111111111112
1 0.2621527777777778 0.46358024691358024 0.10555555555555556 0.22716049382716047
1 0.14982638888888888 0.5057098765432099 0.14027777777777778 0.08641975308641975
1 0.927951388888889 0.6259645061728395 0.14027777777777778 0.14567901234567898
0 0.8 0.833275462962963 0.1 0.1259259259259259
0 0.7178819444444444 0.7301504629629629 0.06388888888888888 0.1259259259259259
0 0.7394097222222222 0.14477237654320987 0.05694444444444444 0.08641975308641975
0 0.24166666666666664 0.12486496913580247 0.03333333333333333 0.07160493827160494
2 0.65 0.4065200617283951 0.0375 0.05679012345679012
2 0.33055555555555555 0.7142554012345679 0.04861111111111111 0.0691358024691358