3 0.9614583333333334 0.4854166666666667 0.07604166666666666 0.08333333333333333
0 0.7263020833333333 0.2618055555555555 0.024479166666666666 0.03611111111111111
0 0.7518229166666667 0.2549189814814815 0.025520833333333333 0.03796296296296296
0 0.9393229166666666 0.27083333333333337 0.034895833333333334 0.041666666666666664
0 0.5908854166666667 0.3949652777777778 0.02239583333333333 0.03055555555555555
0 0.596875 0.33663194444444444 0.028125 0.03888888888888888
0 0.5346354166666667 0.3847800925925926 0.025520833333333333 0.03518518518518519
0 0.22994791666666664 0.7310185185185185 0.02239583333333333 0.037037037037037035
0 0.434375 0.5403356481481482 0.025 0.046296296296296294
0 0.5234375 0.603298611111111 0.040625 0.04722222222222222
0 0.5955729166666667 0.6859953703703703 0.03802083333333333 0.06574074074074074
0 0.7450520833333333 0.49375 0.03697916666666666 0.05
0 0.93828125 0.570138888888889 0.0453125 0.07777777777777777
1 0.9341145833333334 0.6546875 0.13072916666666665 0.1
1 0.6979166666666667 0.8916666666666666 0.09895833333333333 0.10833333333333332
0 0.6393229166666667 0.8233217592592592 0.034895833333333334 0.0685185185185185
0 0.371875 0.9758101851851851 0.05 0.045370370370370366