2 0.22604166666666664 0.23308256172839506 0.04583333333333333 0.05679012345679012
2 0.22222222222222224 0.7278163580246914 0.04444444444444444 0.04938271604938271
2 0.32621527777777776 0.8598186728395062 0.043055555555555555 0.07901234567901234
0 0.25243055555555555 0.8861111111111111 0.1736111111111111 0.22222222222222224
0 0.4520833333333333 0.5404128086419753 0.05416666666666666 0.08395061728395062
0 0.7663194444444444 0.761304012345679 0.05138888888888889 0.09135802469135802
0 0.6611111111111111 0.46672453703703703 0.05972222222222222 0.07407407407407407
0 0.4942708333333333 0.34895833333333337 0.041666666666666664 0.06666666666666667
0 0.4416666666666667 0.2762538580246914 0.03333333333333333 0.04938271604938271
0 0.4180555555555555 0.09147376543209876 0.03611111111111111 0.06419753086419752
0 0.31145833333333334 0.06844135802469135 0.041666666666666664 0.04938271604938271