1 0.12057291666666665 0.5901041666666667 0.10677083333333333 0.10833333333333332
3 0.4252604166666667 0.7982638888888889 0.04114583333333333 0.05277777777777778
3 0.38255208333333335 0.8502314814814815 0.049479166666666664 0.06296296296296296
0 0.4 0.39189814814814816 0.028125 0.046296296296296294
0 0.042708333333333334 0.20428240740740738 0.029166666666666664 0.03981481481481482
0 0.22421875 0.3830439814814815 0.0296875 0.03796296296296296
0 0.6067708333333333 0.7185185185185186 0.022916666666666665 0.037037037037037035
0 0.6859375 0.9313078703703704 0.03125 0.06574074074074074
0 0.6658854166666667 0.985300925925926 0.03177083333333333 0.02685185185185185
0 0.62734375 0.9167824074074075 0.0421875 0.06481481481481481
0 0.18177083333333333 0.8246527777777779 0.06041666666666666 0.08055555555555555
0 0.10260416666666668 0.8723958333333334 0.04895833333333333 0.09166666666666666
2 0.5143229166666667 0.8644675925925925 0.028645833333333332 0.06018518518518519