0 0.6716190273037543 0.8171875 0.04948805460750853 0.0625
0 0.7203444965870307 0.8072916666666666 0.05631399317406144 0.06458333333333333
0 0.9254532849829351 0.6098958333333333 0.04778156996587031 0.07291666666666666
0 0.9692032849829351 0.4317708333333333 0.04778156996587031 0.07916666666666666
0 0.8211870733788397 0.4453125 0.03924914675767918 0.04375
0 0.7845403156996588 0.4890625 0.040955631399317405 0.05
0 0.7515838310580205 0.5296875 0.03754266211604096 0.05
0 0.7625213310580204 0.5473958333333333 0.03754266211604096 0.04791666666666666
0 0.7129532849829351 0.5640625 0.04778156996587031 0.04375
0 0.6410782849829351 0.6328125 0.04778156996587031 0.05
0 0.6079778156996587 0.665625 0.040955631399317405 0.04375
0 0.5797194965870307 0.7302083333333333 0.05631399317406144 0.07291666666666666
3 0.5281569965870307 0.8317708333333333 0.05631399317406144 0.07916666666666666
3 0.593792662116041 0.5546875 0.07508532423208192 0.0875