0 0.617013888888889 0.5686535493827161 0.20277777777777778 0.3654320987654321
0 0.5140625 0.4265239197530864 0.1875 0.3061728395061728
2 0.43211805555555555 0.3244405864197531 0.14861111111111108 0.23950617283950618
2 0.3416666666666667 0.48709490740740746 0.14583333333333331 0.2148148148148148
0 0.209375 0.4305362654320987 0.15 0.2641975308641975
2 0.1623263888888889 0.6731288580246914 0.19027777777777777 0.24938271604938272
2 0.1519097222222222 0.8734567901234568 0.21944444444444441 0.24691358024691357
2 0.5887152777777778 0.2598572530864197 0.15555555555555553 0.1728395061728395
2 0.4677083333333333 0.727199074074074 0.19166666666666665 0.34814814814814815
2 0.4326388888888889 0.9414930555555555 0.31527777777777777 0.11111111111111112
2 0.9413194444444445 0.34884259259259254 0.11388888888888889 0.18518518518518517
0 0.9368055555555556 0.7880015432098766 0.12361111111111109 0.41975308641975306