2 0.4919270833333333 0.8549768518518519 0.05572916666666666 0.1037037037037037
2 0.5588541666666667 0.8175925925925925 0.06458333333333333 0.11018518518518519
1 0.30390625 0.9436921296296296 0.1203125 0.10925925925925925
1 0.8763020833333334 0.686863425925926 0.09635416666666666 0.17685185185185184
0 0.790625 0.5248263888888889 0.065625 0.10277777777777777
0 0.5372395833333333 0.577488425925926 0.06510416666666666 0.10185185185185183
0 0.4299479166666667 0.4960648148148148 0.034895833333333334 0.054629629629629625
0 0.2453125 0.6013310185185186 0.05625 0.08703703703703704
0 0.0890625 0.45219907407407406 0.034375 0.04814814814814815
3 0.34791666666666665 0.46267361111111105 0.05833333333333333 0.07222222222222222
3 0.9119791666666666 0.5380208333333333 0.13645833333333332 0.16666666666666666