0 0.8932291666666666 0.43547453703703703 0.03958333333333333 0.04907407407407407
0 0.9203125 0.460474537037037 0.028125 0.04907407407407407
0 0.7552083333333333 0.4188078703703703 0.026041666666666664 0.04074074074074074
0 0.77265625 0.487962962962963 0.0328125 0.050925925925925916
0 0.6033854166666667 0.4953125 0.025520833333333333 0.05
0 0.51953125 0.6005787037037037 0.0359375 0.05740740740740741
3 0.8203125 0.7200231481481482 0.053125 0.07129629629629629
3 0.5638020833333333 0.9697916666666666 0.06822916666666666 0.05833333333333333
1 0.4255208333333333 0.9531828703703704 0.10104166666666665 0.09074074074074073
0 0.36432291666666666 0.9613425925925926 0.034895833333333334 0.06018518518518519
0 0.4770833333333333 0.7798032407407407 0.041666666666666664 0.05648148148148148