0 0.28888888888888886 0.143383487654321 0.06527777777777778 0.10864197530864197
2 0.6164930555555556 0.09930555555555556 0.08611111111111111 0.11111111111111112
2 0.523611111111111 0.1365547839506173 0.08472222222222223 0.10123456790123457
1 0.5635416666666667 0.06122685185185185 0.15833333333333333 0.1037037037037037
1 0.8569444444444445 0.16875 0.12638888888888888 0.2
1 0.9583333333333334 0.2059992283950617 0.07916666666666666 0.19012345679012346
1 0.7539930555555555 0.22235725308641974 0.1611111111111111 0.1728395061728395
1 0.7006944444444445 0.31842206790123456 0.12638888888888888 0.20246913580246914
1 0.38385416666666666 0.4796296296296296 0.2833333333333333 0.25925925925925924
0 0.4260416666666667 0.17455632716049382 0.08333333333333333 0.12098765432098765
0 0.3164930555555555 0.24068287037037037 0.09861111111111111 0.14074074074074075
0 0.14618055555555556 0.4218557098765432 0.09861111111111111 0.1530864197530864
2 0.2140625 0.3440586419753086 0.075 0.1506172839506173
2 0.06336805555555555 0.5483217592592593 0.12361111111111109 0.11851851851851851
1 0.06336805555555555 0.7042824074074074 0.12361111111111109 0.2148148148148148
0 0.18559027777777776 0.5829861111111111 0.14305555555555555 0.22222222222222224
0 0.18055555555555552 0.8106288580246913 0.1361111111111111 0.24938271604938272