0 0.6721354166666667 0.13686342592592593 0.028645833333333332 0.05185185185185185
2 0.70703125 0.44832175925925927 0.0171875 0.04351851851851852
2 0.24739583333333334 0.34699074074074077 0.051041666666666666 0.05648148148148148
2 0.12421875 0.5432870370370371 0.0546875 0.07407407407407407
1 0.6302083333333333 0.3998263888888889 0.11041666666666665 0.20277777777777778
0 0.40234375 0.7012731481481481 0.1328125 0.22129629629629627
0 0.8 0.38541666666666663 0.05 0.08333333333333333
0 0.9369791666666666 0.5130787037037037 0.03958333333333333 0.0824074074074074
0 0.9682291666666666 0.5840856481481482 0.03333333333333333 0.07129629629629629
0 0.28958333333333336 0.23940972222222223 0.06041666666666666 0.09444444444444444
0 0.32057291666666665 0.14606481481481481 0.07552083333333333 0.12962962962962962