2 0.6958333333333333 0.3753472222222222 0.04479166666666666 0.06944444444444445
2 0.8020833333333334 0.2528935185185185 0.057291666666666664 0.08703703703703704
2 0.6341145833333333 0.8950231481481481 0.06510416666666666 0.0962962962962963
2 0.8615885416666667 0.3258101851851852 0.06380208333333333 0.08287037037037036
2 0.7606770833333333 0.680613425925926 0.06822916666666666 0.10185185185185183
2 0.6774739583333333 0.6860532407407407 0.07682291666666666 0.09398148148148147
2 0.5373697916666667 0.4419560185185185 0.04973958333333333 0.07453703703703704
2 0.57109375 0.4637731481481482 0.0515625 0.07129629629629629
2 0.587890625 0.3649884259259259 0.04453125 0.06435185185185185
2 0.653125 0.44652777777777775 0.0625 0.09305555555555554
2 0.6069010416666667 0.5177083333333333 0.06380208333333333 0.10416666666666666
2 0.51640625 0.5504629629629629 0.0453125 0.07592592592592592
2 0.4223958333333333 0.4962962962962963 0.04791666666666666 0.055092592592592596
1 0.5994791666666667 0.6914351851851852 0.08333333333333333 0.12037037037037038
2 0.8481770833333334 0.2570601851851852 0.04635416666666666 0.07037037037037037
2 0.9298177083333334 0.18333333333333332 0.047135416666666666 0.05416666666666666