2 0.3807291666666667 0.7365354938271605 0.04583333333333333 0.05432098765432099
0 0.6861111111111111 0.2071952160493827 0.08472222222222223 0.09876543209876543
0 0.565625 0.07619598765432098 0.0625 0.10864197530864197
0 0.4262152777777778 0.46280864197530863 0.09305555555555554 0.1506172839506173
0 0.5793402777777777 0.8560570987654321 0.06805555555555555 0.1308641975308642
0 0.24809027777777776 0.5923225308641975 0.09305555555555554 0.12839506172839504
0 0.18003472222222222 0.440991512345679 0.05694444444444444 0.09135802469135802
0 0.17378472222222224 0.23663194444444446 0.04444444444444444 0.08888888888888888
0 0.25729166666666664 0.3363811728395062 0.05833333333333333 0.07901234567901234
0 0.5902777777777778 0.6350308641975309 0.11805555555555555 0.1950617283950617
0 0.7592013888888889 0.7189814814814814 0.09027777777777776 0.16296296296296295