2 0.39596354166666664 0.3869212962962963 0.04505208333333333 0.055092592592592596
2 0.09778645833333333 0.5189236111111111 0.039322916666666666 0.05972222222222222
2 0.29427083333333337 0.5322337962962963 0.035416666666666666 0.06759259259259259
2 0.8381510416666667 0.5550925925925926 0.060677083333333326 0.08518518518518518
2 0.8234375 0.8208333333333334 0.0625 0.10416666666666666
2 0.5783854166666667 0.8222222222222222 0.05989583333333333 0.10694444444444444
2 0.4170572916666667 0.6755787037037038 0.052864583333333326 0.0824074074074074
2 0.4817708333333333 0.8487268518518519 0.07604166666666666 0.1412037037037037
2 0.4311197916666667 0.8070023148148149 0.052864583333333326 0.11712962962962963
2 0.5462239583333333 0.3142361111111111 0.039322916666666666 0.04722222222222222
2 0.5477864583333333 0.36041666666666666 0.039322916666666666 0.04583333333333333
2 0.5611979166666667 0.41244212962962956 0.034895833333333334 0.04675925925925926
2 0.5022135416666667 0.5548032407407407 0.04192708333333333 0.08148148148148147
2 0.4734375 0.3971064814814815 0.0375 0.06296296296296296
2 0.4092447916666667 0.45763888888888893 0.052864583333333326 0.06527777777777778
2 0.37044270833333337 0.5325231481481482 0.05026041666666666 0.08379629629629629