3 0.18715277777777778 0.8188078703703704 0.11805555555555555 0.14074074074074075
0 0.6861111111111111 0.9127121913580247 0.08472222222222223 0.11604938271604937
0 0.7237847222222222 0.7811149691358025 0.06944444444444445 0.07160493827160494
0 0.6710069444444444 0.7206018518518518 0.05138888888888889 0.1037037037037037
0 0.7769097222222222 0.6789158950617284 0.08194444444444444 0.12345679012345678
0 0.7772569444444445 0.4651813271604938 0.07638888888888888 0.12098765432098765
0 0.6953125 0.527758487654321 0.0625 0.10864197530864197
0 0.5600694444444445 0.7979938271604938 0.11388888888888889 0.12098765432098765
0 0.45972222222222225 0.8487268518518519 0.05694444444444444 0.1037037037037037
0 0.4717013888888889 0.6622106481481482 0.07777777777777777 0.0962962962962963
0 0.3289930555555555 0.6646026234567901 0.0611111111111111 0.11358024691358024
0 0.22430555555555554 0.7014467592592593 0.0736111111111111 0.11851851851851851
0 0.27899305555555554 0.5822145061728394 0.0736111111111111 0.14567901234567898
0 0.3585069444444445 0.47721836419753083 0.07638888888888888 0.1950617283950617
0 0.5654513888888889 0.2942901234567901 0.06527777777777778 0.11358024691358024
0 0.6925347222222222 0.21006944444444448 0.06944444444444445 0.08888888888888888
0 0.4130208333333333 0.13993055555555556 0.06666666666666667 0.11111111111111112
0 0.3564236111111111 0.23580246913580244 0.04722222222222222 0.07160493827160494
0 0.171875 0.37060185185185185 0.0625 0.1037037037037037
0 0.19583333333333333 0.25210262345679013 0.07916666666666666 0.11358024691358024
0 0.25555555555555554 0.08580246913580247 0.04861111111111111 0.07160493827160494