2 0.2545138888888889 0.4541280864197531 0.04027777777777777 0.03950617283950617
2 0.23715277777777777 0.5055362654320987 0.043055555555555555 0.06419753086419752
2 0.18194444444444444 0.5584876543209877 0.03888888888888888 0.04197530864197531
2 0.5333333333333333 0.5964891975308642 0.029166666666666664 0.06172839506172839
2 0.4071180555555555 0.846412037037037 0.03611111111111111 0.07407407407407407
0 0.611111111111111 0.9411651234567902 0.08472222222222223 0.11358024691358024
0 0.5300347222222223 0.8517939814814814 0.06944444444444445 0.16296296296296295
0 0.4657986111111111 0.9456018518518519 0.08472222222222223 0.1037037037037037
0 0.34010416666666665 0.8482445987654321 0.08333333333333333 0.1308641975308642
0 0.42013888888888895 0.7483217592592593 0.07777777777777777 0.11851851851851851
0 0.49357638888888894 0.6987268518518518 0.05277777777777778 0.1037037037037037
0 0.5942708333333333 0.636304012345679 0.05416666666666666 0.09135802469135802
0 0.6305555555555555 0.5476466049382716 0.04861111111111111 0.0765432098765432
0 0.4762152777777778 0.5490547839506172 0.043055555555555555 0.10123456790123457
0 0.37395833333333334 0.5206018518518518 0.06666666666666667 0.1037037037037037
0 0.45920138888888895 0.46228780864197533 0.06527777777777778 0.08395061728395062
0 0.513888888888889 0.14812885802469136 0.04027777777777777 0.04938271604938271
0 0.44861111111111107 0.24320987654320989 0.05972222222222222 0.08641975308641975
0 0.43611111111111106 0.368287037037037 0.05972222222222222 0.07407407407407407