2 0.7298611111111111 0.14319058641975307 0.02222222222222222 0.03950617283950617
2 0.9347222222222221 0.45634645061728396 0.03194444444444444 0.0345679012345679
2 0.881076388888889 0.39722222222222225 0.02777777777777778 0.04444444444444444
2 0.8284722222222222 0.38348765432098764 0.03194444444444444 0.04197530864197531
2 0.782986111111111 0.3763310185185185 0.034722222222222224 0.037037037037037035
3 0.7901041666666667 0.18933256172839505 0.07083333333333333 0.05679012345679012
3 0.6114583333333333 0.15883487654320988 0.05416666666666666 0.08641975308641975
3 0.4579861111111111 0.31072530864197534 0.04722222222222222 0.08395061728395062
3 0.2375 0.49126157407407406 0.1125 0.14814814814814814
3 0.42256944444444444 0.6613811728395061 0.05138888888888889 0.07901234567901234
0 0.33368055555555554 0.42561728395061726 0.04861111111111111 0.10123456790123457
0 0.509375 0.09897762345679012 0.0625 0.11358024691358024
0 0.6119791666666667 0.5142746913580247 0.05833333333333333 0.11604938271604937
0 0.7309027777777778 0.6177276234567901 0.06805555555555555 0.11358024691358024
0 0.6520833333333333 0.6095100308641975 0.06666666666666667 0.12839506172839504
0 0.5069444444444444 0.5485725308641975 0.07638888888888888 0.12839506172839504
0 0.14131944444444444 0.3976658950617284 0.10138888888888889 0.12345679012345678
0 0.11006944444444444 0.8266203703703704 0.1388888888888889 0.14074074074074075