3 0.6205729166666667 0.2951388888888889 0.05052083333333333 0.05277777777777778
1 0.175 0.4703703703703703 0.084375 0.09074074074074073
0 0.04427083333333333 0.36597222222222225 0.03854166666666666 0.06944444444444445
0 0.2109375 0.1716435185185185 0.040625 0.062037037037037036
0 0.30520833333333336 0.22274305555555554 0.041666666666666664 0.0611111111111111
0 0.4421875 0.24872685185185187 0.034375 0.0537037037037037
0 0.7614583333333333 0.6438078703703703 0.04479166666666666 0.09074074074074073
0 0.3984375 0.8875 0.05625 0.1
0 0.13671875 0.9590277777777778 0.0609375 0.08055555555555555
1 0.5026041666666667 0.8657407407407408 0.07395833333333332 0.2564814814814815
1 0.5703125 0.6894097222222222 0.075 0.2944444444444444
1 0.52421875 0.5686342592592593 0.0796875 0.1685185185185185
3 0.7877604166666667 0.45428240740740744 0.06302083333333333 0.06481481481481481