3 0.23567708333333334 0.23315972222222223 0.07760416666666667 0.06944444444444445
1 0.14895833333333333 0.09930555555555556 0.07916666666666666 0.08611111111111111
1 0.5169270833333333 0.5511574074074075 0.08072916666666666 0.06481481481481481
1 0.5182291666666667 0.8430555555555556 0.12083333333333332 0.31111111111111106
1 0.4971354166666667 0.900173611111111 0.06302083333333333 0.19722222222222222
0 0.9203125 0.5143518518518518 0.021875 0.0537037037037037
0 0.9052083333333334 0.43084490740740744 0.03229166666666666 0.06481481481481481
0 0.79921875 0.24317129629629627 0.0359375 0.04259259259259259
0 0.6455729166666667 0.228125 0.025520833333333333 0.05
0 0.5546875 0.0802662037037037 0.0375 0.05740740740740741
0 0.4895833333333333 0.05619212962962963 0.019791666666666666 0.03425925925925925
0 0.39973958333333337 0.103125 0.024479166666666666 0.05
0 0.34791666666666665 0.22129629629629627 0.02395833333333333 0.04259259259259259
0 0.2911458333333333 0.04033564814814815 0.026041666666666664 0.046296296296296294
0 0.17135416666666664 0.16875 0.05208333333333333 0.075
0 0.06953125 0.7511574074074074 0.0796875 0.11481481481481481