0 0.8401041666666667 0.3556712962962963 0.13333333333333333 0.1925925925925926
1 0.8980902777777778 0.18042052469135803 0.13055555555555556 0.18271604938271604
1 0.937673611111111 0.2563078703703704 0.1222222222222222 0.14074074074074075
1 0.4541666666666667 0.8180748456790123 0.09583333333333333 0.35802469135802467
1 0.5404513888888889 0.7476466049382716 0.16527777777777777 0.2765432098765432
1 0.5440972222222222 0.8582561728395062 0.18194444444444444 0.27901234567901234
1 0.6822916666666667 0.8696566358024691 0.15833333333333333 0.20493827160493824
1 0.814236111111111 0.8550347222222221 0.20972222222222223 0.2444444444444444
1 0.8586805555555556 0.7561149691358025 0.24861111111111112 0.2716049382716049
1 0.9520833333333334 0.5936535493827161 0.09166666666666666 0.16543209876543208
1 0.9163194444444445 0.48584104938271605 0.1638888888888889 0.16543209876543208
1 0.6774305555555555 0.6828125 0.1861111111111111 0.2
1 0.6152777777777778 0.5832368827160493 0.11805555555555555 0.23209876543209873
1 0.6064236111111111 0.5264853395061728 0.13472222222222222 0.21234567901234563
1 0.6973958333333333 0.5130787037037037 0.09166666666666666 0.2074074074074074
1 0.7564236111111111 0.48964120370370373 0.09722222222222222 0.2074074074074074
1 0.828125 0.45580632716049385 0.1 0.12098765432098765
1 0.5885416666666667 0.3583526234567901 0.13333333333333333 0.11358024691358024