0 0.5815104166666667 0.23645833333333335 0.03802083333333333 0.06666666666666667
0 0.6151041666666667 0.22326388888888887 0.042708333333333334 0.07777777777777777
0 0.16432291666666668 0.8545138888888889 0.03802083333333333 0.07777777777777777
0 0.9763020833333333 0.4497106481481482 0.04635416666666666 0.07129629629629629
0 0.9809895833333334 0.34641203703703705 0.03697916666666666 0.12407407407407407
0 0.7026041666666667 0.3814236111111111 0.04583333333333333 0.07222222222222222
0 0.7518229166666667 0.29809027777777775 0.03802083333333333 0.05555555555555556
0 0.7270833333333333 0.21805555555555553 0.041666666666666664 0.0611111111111111
1 0.39895833333333336 0.5543402777777777 0.05416666666666666 0.05555555555555556
1 0.4932291666666667 0.9383101851851852 0.04895833333333333 0.12037037037037038
1 0.4614583333333333 0.924537037037037 0.041666666666666664 0.14907407407407408