0 0.7354166666666667 0.7668402777777777 0.02395833333333333 0.03055555555555555
0 0.8145833333333334 0.829050925925926 0.029166666666666664 0.05185185185185185
0 0.4736979166666667 0.3464699074074074 0.02239583333333333 0.03981481481481482
0 0.478125 0.40717592592592594 0.021875 0.05185185185185185
0 0.4182291666666667 0.5237847222222223 0.03020833333333333 0.04444444444444444
0 0.37734375 0.5519097222222222 0.0328125 0.06944444444444445
0 0.30104166666666665 0.5775462962962963 0.02708333333333333 0.04259259259259259
0 0.2984375 0.6250578703703703 0.03125 0.04074074074074074
0 0.08854166666666666 0.34160879629629626 0.02395833333333333 0.04259259259259259
0 0.13046875 0.46620370370370373 0.0484375 0.05740740740740741
0 0.05755208333333332 0.7860532407407408 0.04635416666666666 0.05648148148148148
0 0.25338541666666664 0.782349537037037 0.05052083333333333 0.07407407407407407
3 0.52890625 0.9661458333333334 0.0515625 0.06666666666666667
3 0.15885416666666666 0.688599537037037 0.05208333333333333 0.07407407407407407
3 0.22005208333333334 0.6829282407407408 0.06197916666666666 0.08148148148148147