3 0.2107638888888889 0.9772376543209876 0.07777777777777777 0.04197530864197531
2 0.7086805555555555 0.34253472222222225 0.03611111111111111 0.04444444444444444
2 0.742013888888889 0.3277391975308642 0.02777777777777778 0.06172839506172839
2 0.7838541666666667 0.3284722222222222 0.03333333333333333 0.04444444444444444
2 0.7458333333333333 0.7640817901234568 0.029166666666666664 0.046913580246913576
2 0.7854166666666667 0.7572530864197531 0.03333333333333333 0.03950617283950617
3 0.6793402777777777 0.8328510802469136 0.05555555555555556 0.09382716049382715
0 0.4569444444444445 0.9794560185185185 0.05138888888888889 0.037037037037037035
0 0.585763888888889 0.6048804012345679 0.04027777777777777 0.0691358024691358
0 0.6333333333333333 0.5979938271604939 0.05416666666666666 0.12098765432098765
0 0.523263888888889 0.7869598765432099 0.05277777777777778 0.08641975308641975
0 0.8928819444444445 0.6826195987654321 0.15138888888888888 0.1308641975308642
0 0.9225694444444444 0.9262924382716049 0.15138888888888888 0.14320987654320988
3 0.5715277777777777 0.49758873456790126 0.05555555555555556 0.13580246913580246
3 0.5944444444444444 0.8282793209876542 0.06388888888888888 0.17530864197530863