2 0.9555555555555555 0.6350694444444445 0.08611111111111111 0.28888888888888886
1 0.5034722222222222 0.7456211419753086 0.21944444444444441 0.35061728395061725
0 0.4345486111111111 0.8095293209876543 0.2347222222222222 0.3753086419753086
0 0.9725694444444445 0.29573688271604937 0.05138888888888889 0.23209876543209873
0 0.8614583333333334 0.36846064814814816 0.19166666666666665 0.2962962962962963
0 0.15815972222222222 0.8563657407407408 0.21944444444444441 0.2814814814814815
1 0.3692708333333333 0.35613425925925923 0.17916666666666664 0.11851851851851851
1 0.19791666666666666 0.467920524691358 0.10833333333333332 0.38271604938271603
0 0.29635416666666664 0.45117669753086426 0.14583333333333331 0.2617283950617284
0 0.39479166666666665 0.23871527777777776 0.13333333333333333 0.15555555555555553
2 0.4765625 0.08277391975308641 0.1 0.10617283950617282
1 0.6807291666666667 0.04263117283950617 0.08333333333333333 0.07901234567901234
0 0.6782986111111111 0.20353009259259255 0.13472222222222222 0.18518518518518517
0 0.8501736111111111 0.12411265432098766 0.17222222222222222 0.2419753086419753
2 0.08836805555555555 0.3746527777777778 0.1361111111111111 0.15555555555555553
0 0.25729166666666664 0.12094907407407407 0.08333333333333333 0.14814814814814814