2 0.28098958333333335 0.4607060185185185 0.043229166666666666 0.04953703703703703
2 0.26627604166666663 0.5559606481481482 0.05755208333333332 0.08379629629629629
2 0.03463541666666666 0.5059027777777778 0.06302083333333333 0.09305555555555554
2 0.15455729166666665 0.5783564814814814 0.05598958333333333 0.07546296296296295
2 0.35104166666666664 0.45914351851851853 0.04583333333333333 0.062037037037037036
2 0.34739583333333335 0.40063657407407405 0.051041666666666666 0.06064814814814814
2 0.37565104166666663 0.5309606481481481 0.05755208333333332 0.08379629629629629
2 0.7526041666666667 0.9286458333333334 0.09270833333333332 0.14166666666666666
2 0.6901041666666667 0.5625 0.06770833333333333 0.1
2 0.6330729166666667 0.37957175925925923 0.03802083333333333 0.05601851851851851
2 0.7014322916666667 0.31464120370370374 0.052864583333333326 0.05740740740740741
2 0.9622395833333334 0.2923611111111111 0.06510416666666666 0.05972222222222222