3 0.81875 0.2785300925925926 0.034375 0.06018518518518519
3 0.29270833333333335 0.03119212962962963 0.05416666666666666 0.059259259259259255
0 0.7848958333333333 0.30341435185185184 0.03229166666666666 0.0537037037037037
0 0.54765625 0.1644675925925926 0.0359375 0.06018518518518519
0 0.37135416666666665 0.4379050925925926 0.03645833333333333 0.06018518518518519
0 0.5861979166666667 0.45162037037037034 0.03802083333333333 0.06574074074074074
0 0.5140625 0.6971643518518518 0.0375 0.07870370370370369
1 0.60625 0.27141203703703703 0.065625 0.09907407407407406
1 0.4130208333333333 0.29160879629629627 0.08229166666666667 0.11759259259259258
1 0.15130208333333334 0.5019675925925926 0.12447916666666665 0.08518518518518518
3 0.4955729166666667 0.28020833333333334 0.03802083333333333 0.06666666666666667