2 0.8440972222222222 0.9093942901234568 0.03194444444444444 0.046913580246913576
3 0.7571180555555556 0.2671296296296296 0.03611111111111111 0.059259259259259255
3 0.7366319444444445 0.49517746913580246 0.05138888888888889 0.07160493827160494
0 0.20954861111111112 0.4421296296296296 0.034722222222222224 0.059259259259259255
0 0.30746527777777777 0.4568479938271605 0.03055555555555555 0.05432098765432099
0 0.3467013888888889 0.3592399691358025 0.04027777777777777 0.07160493827160494
0 0.5444444444444445 0.06089891975308641 0.05138888888888889 0.10617283950617282
0 0.6659722222222222 0.31961805555555556 0.06944444444444445 0.11111111111111112
0 0.5791666666666667 0.49675925925925923 0.07083333333333333 0.11851851851851851
0 0.5244791666666667 0.5965856481481482 0.05833333333333333 0.0962962962962963
0 0.5951388888888889 0.6229938271604938 0.07777777777777777 0.12098765432098765
0 0.804861111111111 0.48574459876543213 0.07222222222222222 0.1308641975308642
0 0.834375 0.6006944444444444 0.1 0.08888888888888888
0 0.9475694444444445 0.7175540123456791 0.10138888888888889 0.09135802469135802
0 0.6352430555555555 0.8125385802469136 0.04861111111111111 0.09382716049382715
0 0.3453125 0.7826967592592593 0.075 0.11851851851851851
3 0.9081597222222222 0.22798996913580244 0.09444444444444444 0.07160493827160494
3 0.6690972222222222 0.1349922839506173 0.06944444444444445 0.10123456790123457
3 0.601388888888889 0.37395833333333334 0.04027777777777777 0.06666666666666667
3 0.4890625 0.3514274691358025 0.05 0.07160493827160494
3 0.37604166666666666 0.5338541666666667 0.05833333333333333 0.13333333333333333
3 0.4378472222222222 0.5009452160493828 0.04444444444444444 0.09876543209876543
3 0.49288194444444444 0.5758680555555555 0.05138888888888889 0.11111111111111112
3 0.3095486111111111 0.6976466049382716 0.04722222222222222 0.0765432098765432
3 0.43194444444444446 0.6641975308641975 0.07638888888888888 0.12839506172839504
3 0.36701388888888886 0.8658371913580247 0.07777777777777777 0.11604938271604937