2 0.18663194444444445 0.5912037037037037 0.01388888888888889 0.007407407407407407
2 0.07638888888888888 0.1538966049382716 0.09027777777777776 0.0765432098765432
0 0.6694444444444445 0.3178047839506173 0.2263888888888889 0.3012345679012346
2 0.21875 0.10802469135802469 0.15 0.11604938271604937
2 0.2270833333333333 0.33956404320987654 0.19166666666666665 0.21975308641975308
2 0.6151041666666667 0.2089699074074074 0.15833333333333333 0.2148148148148148
2 0.8397569444444445 0.14259259259259258 0.21388888888888888 0.18518518518518517
2 0.8913194444444444 0.344849537037037 0.21388888888888888 0.274074074074074
2 0.5149305555555556 0.6715663580246913 0.2861111111111111 0.4493827160493827
2 0.7651041666666666 0.6054012345679013 0.2458333333333333 0.3358024691358025
0 0.709201388888889 0.7857831790123456 0.5777777777777777 0.42469135802469127