3 0.4098958333333333 0.33761574074074074 0.057291666666666664 0.08148148148148147
1 0.7002604166666667 0.8234375 0.10052083333333332 0.15
0 0.6401041666666667 0.6333333333333333 0.02395833333333333 0.041666666666666664
0 0.5596354166666667 0.3721064814814815 0.028645833333333332 0.03796296296296296
0 0.4890625 0.26284722222222223 0.021875 0.04444444444444444
0 0.26328125 0.10850694444444445 0.0296875 0.03888888888888888
0 0.32135416666666666 0.13489583333333333 0.02708333333333333 0.041666666666666664
0 0.29739583333333336 0.14056712962962964 0.022916666666666665 0.059259259259259255
0 0.4580729166666667 0.34635416666666663 0.03177083333333333 0.05833333333333333
0 0.13177083333333334 0.36591435185185184 0.035416666666666666 0.0537037037037037
0 0.19791666666666669 0.2863425925925926 0.042708333333333334 0.06018518518518519
0 0.25625 0.27216435185185184 0.034375 0.0537037037037037
0 0.4028645833333333 0.5410300925925926 0.04010416666666666 0.06018518518518519
0 0.3260416666666667 0.931712962962963 0.04583333333333333 0.07592592592592592