2 0.30520833333333336 0.7711805555555555 0.041666666666666664 0.0611111111111111
2 0.6752604166666667 0.8688657407407406 0.05052083333333333 0.10648148148148147
2 0.4958333333333333 0.814525462962963 0.04791666666666666 0.07592592592592592
0 0.9690104166666667 0.9454282407407406 0.05989583333333333 0.10648148148148147
0 0.8598958333333334 0.9133101851851851 0.12916666666666665 0.17037037037037037
0 0.7953125 0.7719328703703704 0.078125 0.14074074074074075
0 0.7046875 0.5447337962962963 0.04375 0.06759259259259259
0 0.71171875 0.27667824074074077 0.0390625 0.05648148148148148
0 0.05182291666666666 0.8275462962962964 0.04427083333333333 0.06759259259259259
0 0.23151041666666666 0.4771412037037037 0.034895833333333334 0.05740740740740741
3 0.18385416666666665 0.6821180555555555 0.06145833333333332 0.08611111111111111
0 0.6822916666666667 0.04722222222222222 0.02395833333333333 0.04444444444444444
0 0.4515625 0.24832175925925926 0.028125 0.04351851851851852