3 0.6774305555555555 0.5843364197530864 0.0611111111111111 0.10617283950617282
3 0.5397569444444444 0.4247878086419753 0.06388888888888888 0.08395061728395062
0 0.5315972222222223 0.9327739197530864 0.04444444444444444 0.10617283950617282
0 0.8453125 0.868383487654321 0.1125 0.10864197530864197
0 0.759375 0.7327739197530864 0.0875 0.10617283950617282
0 0.7399305555555555 0.6039930555555555 0.0736111111111111 0.11111111111111112
0 0.6164930555555556 0.37775848765432096 0.0736111111111111 0.10864197530864197
0 0.4192708333333333 0.7478202160493828 0.05416666666666666 0.09876543209876543
0 0.19809027777777777 0.47098765432098766 0.043055555555555555 0.04197530864197531
0 0.24861111111111112 0.35727237654320987 0.05972222222222222 0.08641975308641975
0 0.08368055555555556 0.4345679012345679 0.04861111111111111 0.0691358024691358
3 0.22760416666666666 0.9392746913580247 0.10833333333333332 0.11604938271604937
3 0.17569444444444443 0.778587962962963 0.07638888888888888 0.1259259259259259
3 0.3263888888888889 0.7524498456790123 0.09027777777777776 0.1580246913580247
3 0.40069444444444446 0.653587962962963 0.06388888888888888 0.1259259259259259
3 0.3397569444444445 0.559741512345679 0.05138888888888889 0.09135802469135802
3 0.265625 0.577199074074074 0.075 0.14814814814814814
3 0.40486111111111106 0.3742091049382716 0.05972222222222222 0.0765432098765432
3 0.6520833333333333 0.10119598765432099 0.07916666666666666 0.10864197530864197
3 0.9125 0.2647569444444445 0.1125 0.08888888888888888
3 0.7289930555555555 0.28942901234567897 0.04861111111111111 0.09135802469135802
2 0.578298611111111 0.881346450617284 0.02222222222222222 0.0345679012345679