1 0.6243055555555556 0.34214891975308637 0.08611111111111111 0.10617283950617282
2 0.6145833333333333 0.5895833333333333 0.029166666666666664 0.06666666666666667
0 0.042881944444444445 0.9671296296296296 0.07638888888888888 0.059259259259259255
0 0.5086805555555556 0.8445408950617284 0.08611111111111111 0.12345679012345678
0 0.9711805555555555 0.8789158950617283 0.04861111111111111 0.12345679012345678
0 0.7055555555555555 0.6062114197530863 0.0611111111111111 0.10617283950617282
0 0.459375 0.21278935185185185 0.075 0.1037037037037037
0 0.5053819444444445 0.08721064814814813 0.06388888888888888 0.0962962962962963
3 0.14496527777777776 0.5894483024691357 0.08055555555555555 0.1382716049382716
3 0.4052083333333333 0.8204475308641974 0.09166666666666666 0.12839506172839504
3 0.45381944444444444 0.9560378086419753 0.07638888888888888 0.08395061728395062
3 0.8171875 0.738233024691358 0.1125 0.18271604938271604
3 0.898611111111111 0.6039351851851852 0.09722222222222222 0.17037037037037037
3 0.7458333333333333 0.43886959876543213 0.07916666666666666 0.1308641975308642
3 0.5328125 0.29461805555555554 0.075 0.11111111111111112
3 0.3859375 0.33869598765432096 0.0625 0.10864197530864197