2 0.3748697916666667 0.21354166666666666 0.03098958333333333 0.04583333333333333
2 0.944140625 0.5746527777777778 0.06953125 0.08055555555555555
2 0.317578125 0.47517361111111106 0.04453125 0.05972222222222222
2 0.37630208333333337 0.47407407407407404 0.043229166666666666 0.06064814814814814
2 0.35494791666666664 0.4221643518518518 0.03802083333333333 0.0662037037037037
2 0.11627604166666665 0.4762731481481482 0.060677083333333326 0.07129629629629629
2 0.4688802083333333 0.3700810185185185 0.047135416666666666 0.062037037037037036
2 0.607421875 0.727662037037037 0.09609375 0.16157407407407406
2 0.654296875 0.7719328703703704 0.05546875 0.10324074074074074
2 0.6373697916666667 0.8232060185185185 0.046614583333333334 0.07453703703703704
2 0.6598958333333333 0.8637731481481481 0.057291666666666664 0.08379629629629629
2 0.85390625 0.7813078703703704 0.0703125 0.11574074074074074
2 0.9225260416666666 0.6368634259259259 0.060677083333333326 0.08935185185185185
2 0.8524739583333334 0.5022569444444445 0.04244791666666666 0.06388888888888888
2 0.8463541666666666 0.5388310185185186 0.04895833333333333 0.04953703703703703
1 0.795703125 0.6786458333333333 0.08203125 0.07916666666666666
2 0.25169270833333335 0.5263888888888889 0.047135416666666666 0.04027777777777777
2 0.23697916666666666 0.4921296296296296 0.04583333333333333 0.04675925925925926
2 0.28216145833333334 0.3420138888888889 0.039322916666666666 0.05277777777777778
2 0.412109375 0.3596064814814815 0.03359375 0.050462962962962966
2 0.38893229166666665 0.32685185185185184 0.03098958333333333 0.0537037037037037
2 0.6717447916666667 0.3001736111111111 0.03098958333333333 0.04722222222222222
2 0.8329427083333334 0.41186342592592595 0.04401041666666666 0.05185185185185185