3 0.17447916666666666 0.8469521604938273 0.10833333333333332 0.1876543209876543
3 0.10798611111111112 0.9094328703703705 0.08472222222222223 0.14074074074074075
0 0.9717013888888889 0.5243055555555556 0.05277777777777778 0.11111111111111112
0 0.9416666666666667 0.6974344135802469 0.09583333333333333 0.16049382716049382
0 0.6024305555555556 0.14519675925925926 0.0611111111111111 0.11851851851851851
0 0.06267361111111111 0.23717206790123457 0.09722222222222222 0.20246913580246914
0 0.22083333333333335 0.6693865740740741 0.07916666666666666 0.14814814814814814
0 0.04635416666666666 0.9563657407407407 0.08333333333333333 0.08148148148148147
3 0.9296875 0.3676311728395062 0.0625 0.07901234567901234
3 0.9211805555555556 0.47413194444444445 0.0611111111111111 0.08888888888888888
3 0.501736111111111 0.5563078703703704 0.08472222222222223 0.14074074074074075
3 0.2333333333333333 0.4462770061728395 0.12916666666666665 0.14567901234567898
3 0.17326388888888888 0.581153549382716 0.10277777777777777 0.16543209876543208
3 0.3710069444444445 0.29863040123456785 0.05138888888888889 0.0691358024691358
0 0.4583333333333333 0.20300925925925925 0.06666666666666667 0.11851851851851851