0 0.6854166666666667 0.5531635802469136 0.04583333333333333 0.09382716049382715
2 0.8164930555555555 0.6652391975308641 0.04861111111111111 0.06172839506172839
0 0.0890625 0.24135802469135803 0.1 0.18271604938271604
0 0.24305555555555552 0.30638503086419755 0.08611111111111111 0.12839506172839504
0 0.38645833333333335 0.6919945987654321 0.07916666666666666 0.1308641975308642
0 0.14357638888888888 0.9066358024691358 0.10277777777777777 0.1382716049382716
0 0.3026041666666667 0.9110725308641975 0.08333333333333333 0.12839506172839504
0 0.609548611111111 0.9114197530864198 0.08472222222222223 0.1728395061728395
0 0.7553819444444445 0.5011959876543209 0.06388888888888888 0.10864197530864197
0 0.734548611111111 0.327025462962963 0.07222222222222222 0.1259259259259259
0 0.8416666666666666 0.15522762345679011 0.05833333333333333 0.11358024691358024
3 0.13680555555555554 0.43840663580246914 0.12361111111111109 0.20493827160493824
3 0.23159722222222223 0.45244984567901236 0.08194444444444444 0.1580246913580247