2 0.36953125 0.5986689814814815 0.0328125 0.03796296296296296
2 0.14453125 0.23182870370370373 0.0515625 0.05740740740740741
2 0.28359375 0.272337962962963 0.0546875 0.07592592592592592
0 0.7518229166666667 0.33761574074074074 0.05989583333333333 0.10648148148148147
2 0.5703125 0.053877314814814815 0.025 0.054629629629629625
2 0.5221354166666667 0.18854166666666666 0.03802083333333333 0.03333333333333333
2 0.7736979166666667 0.18292824074074074 0.034895833333333334 0.05648148148148148
2 0.5122395833333333 0.3640625 0.027604166666666662 0.075
2 0.6869791666666667 0.6799768518518519 0.03020833333333333 0.07870370370370369
2 0.5557291666666667 0.8445023148148149 0.03958333333333333 0.054629629629629625
2 0.67265625 0.7478587962962963 0.0296875 0.06759259259259259