1 0.31232638888888886 0.7074074074074075 0.11527777777777777 0.2148148148148148
1 0.7675347222222222 0.7943287037037037 0.43194444444444446 0.40740740740740733
1 0.5107638888888889 0.8009837962962962 0.5527777777777778 0.39259259259259255
0 0.9572916666666667 0.5741319444444445 0.08333333333333333 0.28888888888888886
0 0.8050347222222222 0.5601466049382716 0.21944444444444441 0.2765432098765432
2 0.5732638888888889 0.574440586419753 0.21527777777777776 0.23950617283950618
2 0.7203125 0.23682484567901235 0.1375 0.1580246913580247
2 0.8590277777777778 0.21043595679012345 0.15555555555555553 0.18024691358024691
2 0.9048611111111111 0.14027777777777778 0.1472222222222222 0.15555555555555553
2 0.575 0.2144483024691358 0.125 0.1382716049382716
2 0.22118055555555555 0.39859182098765433 0.12361111111111109 0.17530864197530863
1 0.36527777777777776 0.35478395061728396 0.21805555555555553 0.2345679012345679
0 0.3833333333333333 0.27629243827160493 0.12916666666666665 0.14320987654320988
0 0.5387152777777777 0.3662037037037037 0.15555555555555553 0.2074074074074074
2 0.4881944444444445 0.1285108024691358 0.11388888888888889 0.1382716049382716
2 0.3753472222222222 0.16896219135802468 0.11944444444444444 0.11604938271604937
2 0.3845486111111111 0.0851466049382716 0.09722222222222222 0.0765432098765432
1 0.259375 0.14544753086419754 0.1625 0.12839506172839504
1 0.22274305555555554 0.07413194444444444 0.08611111111111111 0.08888888888888888
1 0.128125 0.19571759259259258 0.0875 0.18518518518518517