1 0.6786458333333333 0.9325231481481481 0.06979166666666667 0.12129629629629628
3 0.07369791666666667 0.15711805555555555 0.04739583333333333 0.0611111111111111
1 0.8221354166666666 0.5148148148148148 0.09739583333333332 0.10462962962962963
1 0.52734375 0.471875 0.0640625 0.1
1 0.13046875 0.441087962962963 0.0765625 0.07592592592592592
0 0.0625 0.34380787037037036 0.046875 0.06574074074074074
0 0.29166666666666663 0.5831597222222222 0.04583333333333333 0.06944444444444445
0 0.2677083333333333 0.822048611111111 0.06666666666666667 0.09722222222222222
0 0.6263020833333333 0.9390625 0.04635416666666666 0.1
0 0.6268229166666667 0.6481481481481481 0.04114583333333333 0.07129629629629629
0 0.78125 0.6596064814814815 0.04375 0.06296296296296296
0 0.84765625 0.6805555555555556 0.0328125 0.0611111111111111