0 0.14635416666666667 0.46712962962962956 0.03645833333333333 0.059259259259259255
0 0.23567708333333334 0.7177662037037037 0.04010416666666666 0.05740740740740741
0 0.5494791666666667 0.6451967592592592 0.03333333333333333 0.04351851851851852
0 0.5 0.6419560185185185 0.01875 0.037037037037037035
0 0.5083333333333333 0.7491319444444444 0.041666666666666664 0.06388888888888888
0 0.7494791666666667 0.9637731481481481 0.03645833333333333 0.07129629629629629
0 0.5005208333333333 0.8653935185185185 0.04791666666666666 0.08703703703703704
0 0.3359375 0.9780092592592593 0.0625 0.04351851851851852
1 0.26015625 0.8822337962962964 0.0578125 0.1925925925925926
3 0.58515625 0.810300925925926 0.0484375 0.07685185185185185
3 0.6291666666666667 0.884837962962963 0.07395833333333332 0.07592592592592592
3 0.1234375 0.7264467592592593 0.06875 0.0685185185185185