1 0.6721354166666667 0.5922453703703704 0.06614583333333332 0.14074074074074075
0 0.10442708333333332 0.40746527777777775 0.021354166666666667 0.03055555555555555
0 0.11875 0.5311342592592593 0.03125 0.04351851851851852
0 0.7416666666666667 0.25277777777777777 0.02395833333333333 0.03055555555555555
0 0.5244791666666667 0.32991898148148147 0.03020833333333333 0.03796296296296296
0 0.4513020833333333 0.3582175925925926 0.021354166666666667 0.03518518518518519
0 0.3421875 0.2715856481481481 0.03125 0.046296296296296294
0 0.3140625 0.3314236111111111 0.034375 0.04722222222222222
0 0.32526041666666666 0.4137731481481482 0.02239583333333333 0.046296296296296294
0 0.31197916666666664 0.437037037037037 0.02708333333333333 0.04907407407407407
0 0.27057291666666666 0.4668981481481482 0.03802083333333333 0.046296296296296294
0 0.37734375 0.6145833333333333 0.0359375 0.041666666666666664
0 0.9609375 0.5219328703703703 0.04375 0.04074074074074074
0 0.54453125 0.4221643518518518 0.0453125 0.0537037037037037
0 0.9776041666666666 0.6250578703703703 0.042708333333333334 0.06574074074074074
0 0.5044270833333333 0.6394097222222223 0.04010416666666666 0.06944444444444445
1 0.7419270833333333 0.38136574074074076 0.049479166666666664 0.08148148148148147
1 0.6973958333333333 0.41475694444444444 0.06979166666666667 0.06388888888888888
1 0.190625 0.961400462962963 0.0625 0.07592592592592592
3 0.6684895833333333 0.9194444444444445 0.04635416666666666 0.06388888888888888
3 0.34010416666666665 0.6918981481481482 0.03020833333333333 0.046296296296296294
0 0.24348958333333334 0.33987268518518515 0.024479166666666666 0.045370370370370366
0 0.4236979166666667 0.16475694444444444 0.028645833333333332 0.03888888888888888