0 0.20963541666666666 0.30671296296296297 0.025520833333333333 0.050925925925925916
0 0.6296875 0.3011574074074074 0.025 0.03981481481481482
0 0.7018229166666667 0.5178819444444445 0.025520833333333333 0.03888888888888888
0 0.7078125 0.4500578703703703 0.025 0.04074074074074074
0 0.4877604166666667 0.2959490740740741 0.01927083333333333 0.04814814814814815
0 0.15911458333333334 0.1275462962962963 0.027604166666666662 0.04259259259259259
0 0.04010416666666666 0.2572337962962963 0.04583333333333333 0.06759259259259259
1 0.32552083333333337 0.7924189814814815 0.08229166666666667 0.23796296296296293
1 0.29322916666666665 0.897800925925926 0.06458333333333333 0.20185185185185187
1 0.8036458333333334 0.771412037037037 0.06041666666666666 0.12407407407407407
1 0.34765625 0.5813657407407408 0.0734375 0.05648148148148148
3 0.10729166666666665 0.30966435185185187 0.06770833333333333 0.0537037037037037