3 0.18984375 0.37430555555555556 0.0671875 0.0611111111111111
0 0.029427083333333333 0.3800925925925926 0.027604166666666662 0.06018518518518519
0 0.22161458333333334 0.1544560185185185 0.03072916666666666 0.062037037037037036
0 0.35078125 0.22945601851851852 0.0421875 0.062037037037037036
0 0.35989583333333336 0.34444444444444444 0.035416666666666666 0.06388888888888888
0 0.4388020833333333 0.34444444444444444 0.033854166666666664 0.08888888888888888
0 0.6036458333333333 0.21041666666666664 0.026041666666666664 0.05833333333333333
0 0.7216145833333333 0.4938078703703703 0.03072916666666666 0.04074074074074074
0 0.6213541666666667 0.6668981481481482 0.042708333333333334 0.07129629629629629
0 0.4908854166666667 0.6637152777777777 0.05364583333333332 0.08055555555555555
1 0.50078125 0.4849537037037037 0.0921875 0.0824074074074074
1 0.77265625 0.7602430555555555 0.1140625 0.2111111111111111