2 0.8766927083333333 0.21776620370370373 0.05026041666666666 0.05740740740740741
2 0.7954427083333333 0.2851273148148148 0.04088541666666666 0.06712962962962962
1 0.5643229166666667 0.6992476851851852 0.07552083333333333 0.12037037037037038
2 0.38697916666666665 0.5419560185185185 0.05208333333333333 0.08703703703703704
2 0.438671875 0.5680555555555555 0.05546875 0.09861111111111111
2 0.53046875 0.4880208333333333 0.0546875 0.06666666666666667
2 0.4958333333333333 0.4739583333333333 0.051041666666666666 0.06666666666666667
2 0.5407552083333333 0.39403935185185185 0.047135416666666666 0.0662037037037037
2 0.6083333333333333 0.4689236111111111 0.057291666666666664 0.07222222222222222
2 0.6533854166666667 0.3978587962962963 0.04114583333333333 0.06759259259259259
2 0.62890625 0.7203703703703704 0.0734375 0.10324074074074074
2 0.7078125 0.705150462962963 0.0625 0.10092592592592593
2 0.96875 0.60078125 0.0625 0.1265625
2 0.5545572916666667 0.5429976851851852 0.052864583333333326 0.09537037037037036
2 0.47265625 0.5845486111111111 0.0515625 0.07222222222222222
2 0.8055989583333334 0.3480324074074074 0.061197916666666664 0.08981481481481482
2 0.7529947916666667 0.2751736111111111 0.052864583333333326 0.08472222222222223