0 0.95859375 0.8721643518518519 0.0546875 0.07870370370370369
0 0.8494791666666666 0.8163773148148149 0.06145833333333332 0.07962962962962963
0 0.7755208333333333 0.8041087962962964 0.051041666666666666 0.09259259259259259
0 0.7471354166666667 0.7339699074074074 0.05052083333333333 0.06481481481481481
0 0.68359375 0.6609375 0.0484375 0.075
0 0.6638020833333333 0.7708333333333333 0.058854166666666666 0.06666666666666667
0 0.6388020833333333 0.8431712962962964 0.058854166666666666 0.06759259259259259
0 0.5731770833333333 0.8796296296296295 0.058854166666666666 0.08425925925925926
0 0.6046875 0.7797453703703703 0.053125 0.09074074074074073
0 0.5705729166666667 0.7550925925925925 0.04114583333333333 0.08518518518518518
0 0.5153645833333333 0.6690972222222222 0.03072916666666666 0.04444444444444444
0 0.9294270833333333 0.3368634259259259 0.03697916666666666 0.05185185185185185
0 0.5127604166666667 0.5163194444444444 0.025520833333333333 0.03888888888888888
0 0.18020833333333333 0.8039351851851851 0.03229166666666666 0.045370370370370366
0 0.5565104166666667 0.2725694444444445 0.03177083333333333 0.03888888888888888
0 0.778125 0.18796296296296294 0.03125 0.050925925925925916
0 0.6565104166666667 0.1355324074074074 0.028645833333333332 0.03981481481481482
0 0.6263020833333333 0.16921296296296295 0.03072916666666666 0.025925925925925925
0 0.6145833333333333 0.21024305555555553 0.022916666666666665 0.03611111111111111