2 0.5850260416666667 0.54375 0.04505208333333333 0.075
2 0.91328125 0.5320023148148147 0.0703125 0.11712962962962963
2 0.68046875 0.4130208333333333 0.0484375 0.06666666666666667
2 0.71875 0.4150462962962963 0.040625 0.06759259259259259
2 0.7223958333333333 0.48686342592592596 0.057291666666666664 0.07685185185185185
2 0.4834635416666667 0.5276041666666667 0.04505208333333333 0.07083333333333333
2 0.4708333333333333 0.6278356481481482 0.051041666666666666 0.08379629629629629
2 0.4149739583333333 0.7247685185185185 0.04244791666666666 0.07453703703703704
2 0.4967447916666667 0.6939814814814815 0.04973958333333333 0.08796296296296295
2 0.5424479166666667 0.6146412037037037 0.05989583333333333 0.0824074074074074
2 0.9260416666666667 0.8627893518518519 0.10833333333333332 0.1287037037037037
2 0.864453125 0.7597222222222222 0.08828125 0.11944444444444444
2 0.6203125 0.8699652777777779 0.053125 0.10555555555555556
2 0.55546875 0.8774305555555555 0.0703125 0.09861111111111111
2 0.338671875 0.6840856481481482 0.05546875 0.0962962962962963
2 0.3826822916666667 0.8266203703703704 0.05598958333333333 0.09074074074074073
2 0.7903645833333333 0.3535300925925926 0.04635416666666666 0.07268518518518519