0 0.31640625 0.8539351851851851 0.0265625 0.045370370370370366
0 0.54921875 0.5014467592592593 0.0203125 0.04351851851851852
0 0.3924479166666667 0.7134837962962963 0.02239583333333333 0.04259259259259259
0 0.65234375 0.2576967592592593 0.0421875 0.0685185185185185
0 0.8692708333333334 0.2449074074074074 0.035416666666666666 0.06481481481481481
0 0.9776041666666666 0.2696180555555555 0.042708333333333334 0.0611111111111111
0 0.7221354166666667 0.42071759259259256 0.03802083333333333 0.06018518518518519
0 0.4153645833333333 0.9006944444444445 0.04010416666666666 0.06388888888888888
1 0.4611979166666667 0.9174189814814815 0.10052083333333332 0.16296296296296295
0 0.54296875 0.8953125 0.0421875 0.075
3 0.3359375 0.962673611111111 0.053125 0.07222222222222222