0 0.53125 0.766898148148148 0.078125 0.17129629629629628
0 0.6088541666666667 0.5025462962962963 0.08020833333333333 0.14259259259259258
0 0.57578125 0.32337962962962963 0.0796875 0.13425925925925924
1 0.5388020833333333 0.5564814814814815 0.09947916666666666 0.11296296296296296
0 0.7330729166666667 0.6258101851851852 0.09114583333333333 0.14537037037037037
0 0.4190104166666667 0.8336226851851851 0.09427083333333333 0.17037037037037037
3 0.35 0.749826388888889 0.11875 0.22777777777777777
2 0.5651041666666667 0.6280092592592592 0.03020833333333333 0.04351851851851852
2 0.8190104166666666 0.7256944444444444 0.01927083333333333 0.03888888888888888
2 0.51796875 0.3571759259259259 0.0265625 0.05185185185185185
2 0.4700520833333333 0.383275462962963 0.033854166666666664 0.050925925925925916