2 0.8539930555555555 0.6460841049382716 0.03611111111111111 0.0765432098765432
2 0.5130208333333333 0.25190972222222224 0.041666666666666664 0.04444444444444444
2 0.5473958333333333 0.17355324074074074 0.041666666666666664 0.08148148148148147
2 0.3607638888888889 0.2443479938271605 0.04027777777777777 0.05432098765432099
2 0.4083333333333333 0.43292824074074077 0.041666666666666664 0.08148148148148147
0 0.9277777777777778 0.7824459876543209 0.06805555555555555 0.10864197530864197
0 0.6574652777777777 0.4278356481481482 0.06805555555555555 0.0962962962962963
0 0.5206597222222222 0.6127893518518518 0.06944444444444445 0.1037037037037037
1 0.34184027777777776 0.8671296296296296 0.19305555555555554 0.25925925925925924
1 0.19305555555555554 0.07125771604938272 0.1736111111111111 0.09876543209876543
1 0.5505208333333333 0.38547453703703705 0.09166666666666666 0.07407407407407407
1 0.49357638888888894 0.304320987654321 0.10277777777777777 0.10864197530864197