2 0.7182291666666667 0.9519097222222221 0.12395833333333332 0.09444444444444444
2 0.678125 0.8586226851851851 0.065625 0.13287037037037036
2 0.09661458333333332 0.5262152777777778 0.06510416666666666 0.08055555555555555
2 0.2765625 0.38535879629629627 0.04375 0.06759259259259259
2 0.23697916666666666 0.5825810185185185 0.042708333333333334 0.04953703703703703
2 0.22252604166666665 0.539699074074074 0.04505208333333333 0.06064814814814814
2 0.313671875 0.5228587962962963 0.04296875 0.08009259259259259
2 0.3458333333333333 0.47407407407407404 0.04791666666666666 0.07314814814814814
2 0.37265625 0.5189814814814815 0.0484375 0.06296296296296296
2 0.406640625 0.406886574074074 0.04140625 0.06064814814814814
2 0.384375 0.37175925925925923 0.040625 0.05601851851851851
2 0.4704427083333333 0.41626157407407405 0.047135416666666666 0.07314814814814814
2 0.6221354166666667 0.8009837962962962 0.10052083333333332 0.20509259259259255
2 0.883984375 0.8546875 0.07734375 0.125
2 0.9444010416666666 0.7048032407407407 0.060677083333333326 0.10648148148148147
2 0.9587239583333333 0.6207175925925925 0.07994791666666666 0.13518518518518519
2 0.8420572916666667 0.47853009259259255 0.052864583333333326 0.08518518518518518
2 0.8615885416666667 0.5615162037037037 0.05755208333333332 0.0699074074074074
2 0.8733072916666667 0.5971064814814815 0.052864583333333326 0.06296296296296296
2 0.4053385416666667 0.22008101851851852 0.04505208333333333 0.04953703703703703
2 0.36848958333333337 0.25017361111111114 0.04010416666666666 0.04722222222222222
2 0.676171875 0.33472222222222225 0.03671875 0.04444444444444444