2 0.4059027777777778 0.5773148148148148 0.018055555555555554 0.029629629629629627
2 0.29496527777777776 0.5814236111111111 0.018055555555555554 0.02222222222222222
2 0.38263888888888886 0.6633294753086421 0.015277777777777776 0.01728395061728395
2 0.41076388888888893 0.7838927469135802 0.015277777777777776 0.027160493827160494
2 0.3753472222222222 0.7826581790123457 0.01944444444444444 0.024691358024691357
2 0.26666666666666666 0.7448302469135802 0.020833333333333332 0.027160493827160494
2 0.12361111111111112 0.3524884259259259 0.034722222222222224 0.05185185185185185
3 0.9340277777777779 0.11807484567901234 0.13055555555555556 0.1580246913580247
3 0.8828125 0.25383873456790124 0.1375 0.13580246913580246
3 0.7147569444444445 0.26846064814814813 0.06388888888888888 0.0962962962962963
3 0.7392361111111111 0.12569444444444444 0.05972222222222222 0.08888888888888888
2 0.3440972222222222 0.22642746913580244 0.01944444444444444 0.07160493827160494
2 0.5098958333333333 0.2906442901234568 0.041666666666666664 0.046913580246913576
2 0.6409722222222223 0.16793981481481482 0.03194444444444444 0.029629629629629627
2 0.5565972222222222 0.15223765432098765 0.04444444444444444 0.04197530864197531
2 0.9569444444444445 0.3556905864197531 0.05138888888888889 0.03950617283950617
2 0.6920138888888889 0.4820023148148148 0.02777777777777778 0.029629629629629627
2 0.7321180555555555 0.5463927469135802 0.03611111111111111 0.027160493827160494
2 0.8005208333333333 0.843016975308642 0.041666666666666664 0.01728395061728395
2 0.9512152777777778 0.9413773148148149 0.043055555555555555 0.029629629629629627
2 0.9154513888888889 0.8263310185185185 0.04027777777777777 0.037037037037037035
2 0.9717013888888889 0.8597222222222222 0.05277777777777778 0.04444444444444444
0 0.5402777777777777 0.9177469135802468 0.09305555555555554 0.16049382716049382
0 0.6972222222222222 0.8706790123456789 0.08194444444444444 0.09135802469135802
0 0.7862847222222222 0.6210262345679013 0.13194444444444445 0.13580246913580246
0 0.5777777777777777 0.6709683641975308 0.11805555555555555 0.1950617283950617
0 0.48125 0.6241126543209876 0.05 0.04197530864197531
0 0.46215277777777775 0.42324459876543213 0.09305555555555554 0.1308641975308642
0 0.2015625 0.1781057098765432 0.1375 0.1530864197530864
0 0.21788194444444448 0.3629436728395062 0.07638888888888888 0.07901234567901234
0 0.071875 0.5543402777777777 0.1375 0.15555555555555553