2 0.56484375 0.6986111111111111 0.0515625 0.08472222222222223
2 0.4545572916666667 0.6867476851851853 0.04973958333333333 0.07037037037037037
2 0.412109375 0.7896412037037037 0.05546875 0.0824074074074074
2 0.440234375 0.8165509259259259 0.05859375 0.08935185185185185
2 0.8798177083333334 0.9411458333333333 0.10338541666666665 0.11666666666666665
2 0.9078125 0.6601273148148148 0.078125 0.11712962962962963
2 0.6921875 0.5481481481481482 0.0375 0.08379629629629629
2 0.7020833333333333 0.6383101851851852 0.06666666666666667 0.10787037037037037
2 0.6548177083333333 0.545775462962963 0.047135416666666666 0.08842592592592592
2 0.4682291666666667 0.8950810185185185 0.05208333333333333 0.09953703703703703
2 0.5196614583333333 0.789525462962963 0.05807291666666666 0.10092592592592593
2 0.76875 0.4638310185185185 0.053125 0.07453703703703704