2 0.78203125 0.8144675925925926 0.0453125 0.06018518518518519
2 0.4315104166666667 0.3162037037037037 0.03177083333333333 0.05740740740740741
0 0.4388020833333333 0.9311921296296296 0.09010416666666667 0.13425925925925924
0 0.5513020833333333 0.9074074074074074 0.049479166666666664 0.08981481481481482
0 0.67578125 0.6998842592592592 0.0546875 0.09351851851851851
0 0.2421875 0.9644097222222221 0.0625 0.06944444444444445
0 0.26276041666666666 0.8604166666666666 0.05052083333333333 0.08333333333333333
0 0.24557291666666664 0.758912037037037 0.05052083333333333 0.07407407407407407
0 0.3026041666666667 0.628125 0.04583333333333333 0.075
0 0.14791666666666667 0.821412037037037 0.04895833333333333 0.07407407407407407
0 0.0515625 0.502025462962963 0.059375 0.07592592592592592
0 0.2421875 0.2978009259259259 0.034375 0.05185185185185185
0 0.2598958333333333 0.21064814814814814 0.03229166666666666 0.046296296296296294
0 0.28359375 0.14149305555555555 0.0265625 0.03611111111111111
0 0.5302083333333333 0.05324074074074074 0.035416666666666666 0.05648148148148148
0 0.06666666666666667 0.35520833333333335 0.03333333333333333 0.041666666666666664
3 0.11510416666666665 0.4496527777777778 0.05833333333333333 0.10555555555555556