0 0.5225694444444444 0.07102623456790122 0.11388888888888889 0.13580246913580246
0 0.28715277777777776 0.30040509259259257 0.14305555555555555 0.18518518518518517
0 0.1140625 0.5933063271604938 0.225 0.32098765432098764
2 0.115625 0.2929976851851852 0.125 0.17037037037037037
2 0.27361111111111114 0.49095293209876545 0.1472222222222222 0.19753086419753085
2 0.13663194444444443 0.7710069444444445 0.21388888888888888 0.28888888888888886
2 0.42048611111111106 0.3338734567901235 0.13472222222222222 0.18024691358024691
2 0.4604166666666667 0.1962770061728395 0.13333333333333333 0.14567901234567898
2 0.5159722222222223 0.4768904320987654 0.2444444444444444 0.19753086419753085
2 0.6277777777777778 0.3482060185185185 0.16805555555555554 0.23703703703703702
2 0.6236111111111111 0.1501543209876543 0.13472222222222222 0.17530864197530863
2 0.7131944444444445 0.09058641975308641 0.10138888888888889 0.10617283950617282
0 0.8321180555555555 0.14621913580246912 0.1986111111111111 0.20493827160493824
0 0.7965277777777777 0.3784336419753086 0.23055555555555554 0.35061728395061725
0 0.46163194444444444 0.6509452160493827 0.18888888888888888 0.29876543209876544
0 0.31423611111111105 0.7943287037037037 0.24722222222222218 0.40740740740740733
0 0.9189236111111111 0.7411651234567901 0.1597222222222222 0.5135802469135802
2 0.8699652777777779 0.8753472222222222 0.08055555555555555 0.2444444444444444