0 0.29393664675767917 0.28177083333333336 0.07849829351535836 0.09166666666666666
0 0.29320605802047783 0.2109375 0.042662116040955635 0.05
0 0.5338523890784983 0.36822916666666666 0.08020477815699659 0.10208333333333333
0 0.5756079351535837 0.2635416666666667 0.06996587030716724 0.08958333333333332
0 0.6308713737201365 0.10625 0.08361774744027303 0.1125
0 0.06853668941979522 0.578125 0.12457337883959045 0.10625
0 0.21893664675767915 0.7625 0.07849829351535836 0.15
0 0.9176834470989761 0.35625 0.12286689419795223 0.1625
0 0.669955204778157 0.4078125 0.12116040955631399 0.16875
0 0.7502079778156997 0.5505208333333333 0.11604095563139931 0.16041666666666665
0 0.8655450085324231 0.6609375 0.10921501706484642 0.14375