3 0.2830729166666667 0.16649305555555555 0.07239583333333333 0.08611111111111111
2 0.24140625 0.6510416666666667 0.0515625 0.05833333333333333
2 0.3692708333333333 0.7859375 0.05416666666666666 0.075
2 0.4869791666666667 0.9221064814814814 0.02395833333333333 0.03796296296296296
0 0.58984375 0.06741898148148148 0.0671875 0.08796296296296295
0 0.8903645833333333 0.2027199074074074 0.07135416666666666 0.11481481481481481
0 0.8846354166666666 0.7355902777777777 0.07552083333333333 0.13055555555555556
0 0.9463541666666666 0.907175925925926 0.10520833333333332 0.15185185185185185
0 0.34010416666666665 0.4608796296296296 0.05833333333333333 0.08425925925925926
0 0.4450520833333333 0.5961805555555555 0.07447916666666667 0.1361111111111111
0 0.33177083333333335 0.6280092592592592 0.09166666666666666 0.14351851851851852