3 0.30572916666666666 0.6049768518518518 0.05833333333333333 0.1037037037037037
3 0.3578125 0.2495949074074074 0.053125 0.06481481481481481
3 0.34401041666666665 0.3335648148148148 0.07552083333333333 0.07962962962962963
3 0.5713541666666667 0.23229166666666665 0.08958333333333332 0.10833333333333332
3 0.35052083333333334 0.16666666666666666 0.06979166666666667 0.10833333333333332
3 0.4559895833333333 0.48559027777777775 0.06197916666666666 0.10555555555555556
3 0.16901041666666666 0.4916087962962963 0.06302083333333333 0.11759259259259258
3 0.10625 0.6212384259259259 0.075 0.10185185185185183
3 0.06848958333333333 0.73125 0.06197916666666666 0.1
3 0.09583333333333333 0.8630208333333333 0.11354166666666665 0.14166666666666666
3 0.33828125 0.7275462962962963 0.0859375 0.16759259259259257
3 0.49453125 0.4109375 0.0671875 0.1
3 0.44296875 0.38003472222222223 0.0703125 0.11944444444444444
3 0.58046875 0.4761574074074074 0.0765625 0.11481481481481481
3 0.9083333333333334 0.5498263888888889 0.09479166666666666 0.12777777777777777
3 0.9270833333333334 0.3665509259259259 0.08229166666666667 0.17685185185185184
3 0.6697916666666667 0.6215277777777778 0.06770833333333333 0.13055555555555556
3 0.471875 0.9484375 0.04375 0.1
3 0.5546875 0.845949074074074 0.09375 0.14814814814814814
3 0.38151041666666663 0.900462962962963 0.10677083333333333 0.1759259259259259
3 0.30911458333333336 0.9281828703703704 0.08385416666666666 0.14074074074074075
3 0.25494791666666666 0.9512731481481481 0.07552083333333333 0.0962962962962963
0 0.10859375 0.05746527777777778 0.0953125 0.10555555555555556
0 0.23333333333333334 0.0515625 0.06041666666666666 0.075
0 0.4919270833333333 0.05138888888888889 0.049479166666666664 0.07777777777777777
0 0.5453125 0.1402199074074074 0.0625 0.08981481481481482
0 0.7221354166666667 0.07135416666666666 0.04427083333333333 0.08333333333333333
0 0.5955729166666667 0.33130787037037035 0.04427083333333333 0.09074074074074073
0 0.5140625 0.30775462962962963 0.04375 0.10925925925925925
0 0.20885416666666665 0.21753472222222223 0.06145833333333332 0.09444444444444444
0 0.12630208333333331 0.2761574074074074 0.06510416666666666 0.11481481481481481
0 0.075 0.37274305555555554 0.0625 0.11111111111111112
0 0.19557291666666665 0.4028935185185185 0.07864583333333333 0.11203703703703702
0 0.2674479166666667 0.47876157407407405 0.06302083333333333 0.09814814814814814
0 0.25104166666666666 0.612037037037037 0.05833333333333333 0.09907407407407406
0 0.14739583333333334 0.6940972222222223 0.08854166666666666 0.14444444444444443
0 0.20963541666666666 0.8747106481481481 0.06614583333333332 0.12129629629629628
0 0.4143229166666667 0.7477430555555555 0.07239583333333333 0.11111111111111112
0 0.4653645833333333 0.6359953703703705 0.05260416666666666 0.11574074074074074
0 0.4708333333333333 0.7977430555555556 0.05416666666666666 0.11111111111111112
0 0.65390625 0.8465856481481481 0.0703125 0.12129629629629628