2 0.6002604166666667 0.49756944444444445 0.04427083333333333 0.06388888888888888
2 0.9440104166666666 0.47002314814814816 0.07552083333333333 0.0962962962962963
2 0.9506510416666666 0.7976851851851852 0.09817708333333333 0.10787037037037037
2 0.8951822916666666 0.7019675925925926 0.09348958333333332 0.12268518518518519
2 0.732421875 0.37743055555555555 0.04921875 0.08611111111111111
2 0.739453125 0.44774305555555555 0.06640625 0.08611111111111111
2 0.694921875 0.3743634259259259 0.05234375 0.08935185185185185
2 0.34375 0.6293981481481482 0.059375 0.0962962962962963
2 0.402734375 0.6520254629629629 0.05234375 0.08842592592592592
2 0.45625 0.5781828703703703 0.0625 0.09074074074074073
2 0.557421875 0.5627314814814814 0.05546875 0.07546296296296295
2 0.4985677083333333 0.4760416666666667 0.05026041666666666 0.05833333333333333
2 0.42578125 0.6755208333333333 0.0484375 0.06666666666666667
1 0.5033854166666667 0.830787037037037 0.07552083333333333 0.13657407407407407
2 0.5682291666666667 0.8188078703703704 0.07083333333333333 0.10324074074074074
2 0.5078125 0.6414930555555556 0.053125 0.0736111111111111
2 0.8106770833333334 0.3078125 0.04635416666666666 0.0625