3 0.06892361111111112 0.4124807098765432 0.09722222222222222 0.1530864197530864
3 0.45451388888888894 0.951929012345679 0.15277777777777776 0.09135802469135802
3 0.7871527777777778 0.8648726851851851 0.08055555555555555 0.17037037037037037
3 0.8395833333333333 0.6772762345679013 0.09166666666666666 0.13580246913580246
3 0.8008680555555555 0.320949074074074 0.09861111111111111 0.14814814814814814
3 0.38958333333333334 0.7235725308641976 0.06666666666666667 0.12839506172839504
3 0.3314236111111111 0.5929783950617284 0.08472222222222223 0.12345679012345678
3 0.7201388888888889 0.4755594135802469 0.10277777777777777 0.16049382716049382
3 0.6581597222222222 0.19232253086419754 0.08194444444444444 0.12839506172839504
3 0.4463541666666667 0.08375771604938272 0.08333333333333333 0.09876543209876543
3 0.29409722222222223 0.1437114197530864 0.08194444444444444 0.10617283950617282
0 0.6078125 0.3615547839506173 0.0625 0.10123456790123457
0 0.9777777777777779 0.5117283950617284 0.043055555555555555 0.12345679012345678
0 0.8590277777777778 0.5791473765432099 0.05555555555555556 0.08641975308641975
0 0.7180555555555556 0.8435570987654322 0.08611111111111111 0.1308641975308642
0 0.4286458333333333 0.603587962962963 0.07916666666666666 0.1259259259259259
0 0.3784722222222222 0.046412037037037036 0.08194444444444444 0.07407407407407407
2 0.30746527777777777 0.6733796296296296 0.03055555555555555 0.059259259259259255
2 0.5274305555555555 0.3665509259259259 0.03611111111111111 0.05185185185185185
2 0.6965277777777777 0.5560185185185185 0.03055555555555555 0.037037037037037035