2 0.72890625 0.2728587962962963 0.0546875 0.055092592592592596
2 0.23177083333333334 0.594212962962963 0.07916666666666666 0.10092592592592593
2 0.30234375 0.4802662037037037 0.0484375 0.0699074074074074
2 0.4092447916666667 0.4721064814814815 0.052864583333333326 0.07546296296296295
2 0.38359375 0.41174768518518523 0.0484375 0.07037037037037037
2 0.37890625 0.352199074074074 0.0453125 0.06064814814814814
2 0.35130208333333335 0.6847800925925925 0.058854166666666666 0.13518518518518519
2 0.7563802083333333 0.8433449074074074 0.09088541666666666 0.1398148148148148
2 0.58125 0.7618634259259259 0.04375 0.07685185185185185
2 0.5440104166666667 0.6197337962962963 0.056770833333333326 0.08009259259259259
2 0.709375 0.5080439814814814 0.0625 0.08796296296296295
2 0.9526041666666666 0.5294560185185185 0.042708333333333334 0.062037037037037036
2 0.201171875 0.5101851851851852 0.05234375 0.07037037037037037
2 0.09622395833333333 0.4450810185185185 0.054947916666666666 0.07453703703703704