2 0.32013888888888886 0.7860532407407408 0.04027777777777777 0.08148148148148147
2 0.6395833333333333 0.8007716049382717 0.041666666666666664 0.0765432098765432
0 0.8722222222222221 0.6690972222222222 0.03194444444444444 0.04444444444444444
0 0.8269097222222221 0.6155671296296296 0.03194444444444444 0.059259259259259255
0 0.5208333333333333 0.3673225308641975 0.05416666666666666 0.12839506172839504
0 0.4145833333333333 0.27471064814814816 0.041666666666666664 0.0962962962962963
0 0.3467013888888889 0.22397762345679012 0.05277777777777778 0.11358024691358024
0 0.1935763888888889 0.37982253086419754 0.07777777777777777 0.12839506172839504
1 0.3628472222222222 0.4149305555555555 0.15694444444444444 0.31111111111111106
1 0.2701388888888889 0.6338541666666667 0.17777777777777776 0.13333333333333333
1 0.5057291666666667 0.7523533950617284 0.08333333333333333 0.12345679012345678