0 0.19097222222222224 0.43636188271604937 0.16944444444444445 0.23209876543209873
1 0.45642361111111107 0.09189814814814815 0.10972222222222221 0.0962962962962963
1 0.3416666666666667 0.19359567901234567 0.14583333333333331 0.22469135802469134
1 0.36128472222222224 0.2627507716049383 0.14444444444444443 0.20987654320987653
1 0.5713541666666667 0.1883101851851852 0.13333333333333333 0.17037037037037037
1 0.5895833333333333 0.10391589506172841 0.06666666666666667 0.12345679012345678
1 0.5192708333333333 0.24691358024691357 0.15416666666666665 0.09382716049382715
1 0.5137152777777778 0.3104359567901235 0.16805555555555554 0.18024691358024691
0 0.44027777777777777 0.4376736111111111 0.16805555555555554 0.22222222222222224
0 0.7494791666666667 0.28620756172839507 0.18333333333333332 0.2567901234567901
0 0.8475694444444445 0.3967978395061728 0.1388888888888889 0.21234567901234563
0 0.797048611111111 0.5319444444444444 0.1847222222222222 0.28888888888888886
1 0.701388888888889 0.08236882716049383 0.11527777777777777 0.12098765432098765
2 0.8710069444444445 0.13310185185185186 0.11388888888888889 0.1037037037037037
0 0.9717013888888889 0.16693672839506174 0.05277777777777778 0.19012345679012346
1 0.9538194444444444 0.4461419753086419 0.08888888888888888 0.21728395061728395
1 0.3206597222222222 0.5696566358024692 0.26944444444444443 0.20493827160493824
1 0.36354166666666665 0.7236111111111111 0.3333333333333333 0.22222222222222224
1 0.15138888888888888 0.5556712962962963 0.11527777777777777 0.1925925925925926
1 0.09236111111111112 0.6201774691358024 0.09722222222222222 0.2716049382716049
1 0.45642361111111107 0.9478202160493827 0.1222222222222222 0.09876543209876543