0 0.5033854166666667 0.4663773148148148 0.03177083333333333 0.054629629629629625
0 0.584375 0.5091435185185185 0.03125 0.062037037037037036
0 0.37760416666666663 0.5660879629629629 0.02708333333333333 0.050925925925925916
0 0.8010416666666667 0.9704282407407406 0.04583333333333333 0.05648148148148148
0 0.52890625 0.7070023148148148 0.0265625 0.054629629629629625
0 0.1234375 0.3153935185185185 0.028125 0.037037037037037035
0 0.1796875 0.31035879629629626 0.025 0.04259259259259259
0 0.22760416666666666 0.36440972222222223 0.02708333333333333 0.04444444444444444
0 0.21328125 0.6258101851851852 0.0328125 0.045370370370370366
0 0.32109375 0.7859953703703704 0.0328125 0.06574074074074074
0 0.14244791666666667 0.695775462962963 0.03802083333333333 0.07592592592592592
0 0.06588541666666667 0.718287037037037 0.04427083333333333 0.07407407407407407
0 0.134375 0.962037037037037 0.05625 0.07407407407407407
0 0.5885416666666667 0.8478587962962963 0.03333333333333333 0.06759259259259259