0 0.6434895833333333 0.5581597222222222 0.027604166666666662 0.04444444444444444
0 0.446875 0.47251157407407407 0.028125 0.04814814814814815
0 0.4372395833333333 0.5542824074074074 0.018229166666666664 0.03981481481481482
0 0.25234375 0.46620370370370373 0.0328125 0.05740740740740741
0 0.8106770833333334 0.6925347222222222 0.027604166666666662 0.06944444444444445
0 0.8549479166666666 0.9566550925925925 0.04114583333333333 0.06018518518518519
0 0.6705729166666667 0.9168981481481481 0.034895833333333334 0.046296296296296294
0 0.55078125 0.9715277777777779 0.0515625 0.05555555555555556
0 0.37942708333333336 0.9404513888888889 0.06510416666666666 0.10277777777777777
0 0.03645833333333333 0.960763888888889 0.07291666666666666 0.07777777777777777
0 0.04479166666666666 0.8958912037037037 0.055208333333333325 0.05740740740740741
0 0.27864583333333337 0.7064814814814815 0.03854166666666666 0.03796296296296296
0 0.32760416666666664 0.6683449074074075 0.03020833333333333 0.03981481481481482
0 0.4807291666666667 0.8188657407407407 0.03958333333333333 0.05648148148148148
0 0.6036458333333333 0.7858217592592592 0.026041666666666664 0.04351851851851852
0 0.6166666666666667 0.741724537037037 0.03333333333333333 0.04907407407407407
0 0.6890625 0.7431712962962963 0.028125 0.04259259259259259
0 0.6927083333333333 0.7089699074074074 0.035416666666666666 0.03981481481481482
0 0.6216145833333333 0.6961226851851852 0.04010416666666666 0.045370370370370366
0 0.5263020833333333 0.6244791666666667 0.03072916666666666 0.03333333333333333
0 0.4794270833333333 0.6056712962962962 0.03072916666666666 0.04259259259259259
0 0.434375 0.6814814814814815 0.025 0.03796296296296296
0 0.39140625 0.6205439814814815 0.0390625 0.03796296296296296
0 0.2794270833333333 0.5568287037037037 0.027604166666666662 0.032407407407407406
0 0.07838541666666667 0.5484953703703703 0.034895833333333334 0.04074074074074074
0 0.035416666666666666 0.5464699074074074 0.03020833333333333 0.03981481481481482
1 0.5359375 0.6601851851851852 0.075 0.045370370370370366
3 0.21432291666666664 0.747974537037037 0.056770833333333326 0.04907407407407407
3 0.4015625 0.7738425925925926 0.06875 0.06018518518518519
3 0.5190104166666667 0.7538773148148148 0.056770833333333326 0.054629629629629625
3 0.33541666666666664 0.5405671296296296 0.03958333333333333 0.03425925925925925