3 0.3795138888888889 0.2525077160493827 0.09027777777777776 0.09876543209876543
1 0.33350694444444445 0.33057484567901235 0.07638888888888888 0.1580246913580247
1 0.24027777777777776 0.5191165123456789 0.09305555555555554 0.29135802469135796
1 0.40069444444444446 0.42704475308641976 0.21388888888888888 0.1728395061728395
2 0.11701388888888889 0.42750771604938276 0.12777777777777777 0.09876543209876543
2 0.10572916666666665 0.5366512345679013 0.14583333333333331 0.13580246913580246
2 0.5114583333333333 0.22513503086419756 0.11666666666666665 0.12839506172839504
2 0.521701388888889 0.3289930555555555 0.11527777777777777 0.11111111111111112
2 0.5480902777777777 0.45821759259259254 0.14305555555555555 0.18518518518518517
2 0.6753472222222222 0.39612268518518523 0.14444444444444443 0.17037037037037037
2 0.638888888888889 0.06591435185185185 0.06527777777777778 0.1037037037037037
2 0.7116319444444444 0.05603780864197531 0.07638888888888888 0.08395061728395062
2 0.7875 0.22760416666666666 0.1125 0.13333333333333333
1 0.8138888888888889 0.1404128086419753 0.11527777777777777 0.08395061728395062
2 0.9822916666666666 0.19675925925925924 0.03333333333333333 0.11851851851851851
2 0.8545138888888889 0.058429783950617285 0.09027777777777776 0.10123456790123457
1 0.6180555555555556 0.756076388888889 0.2986111111111111 0.37777777777777777
0 0.6439236111111111 0.6471450617283951 0.17222222222222222 0.2567901234567901
2 0.4213541666666667 0.8411651234567902 0.18333333333333332 0.3135802469135802
2 0.8270833333333334 0.5182677469135802 0.17916666666666664 0.22716049382716047
2 0.9717013888888889 0.5115162037037038 0.05277777777777778 0.2074074074074074
0 0.8809027777777778 0.8050925925925926 0.23055555555555554 0.3851851851851852