1 0.92109375 0.7632523148148148 0.0890625 0.17962962962962964
0 0.28958333333333336 0.15474537037037037 0.03229166666666666 0.04074074074074074
0 0.42890625 0.15931712962962963 0.0296875 0.03425925925925925
0 0.9216145833333333 0.17864583333333334 0.058854166666666666 0.041666666666666664
0 0.14244791666666667 0.3407986111111111 0.03802083333333333 0.04722222222222222
0 0.0984375 0.3421875 0.040625 0.05
0 0.02890625 0.3653356481481481 0.0359375 0.046296296296296294
0 0.13567708333333334 0.42818287037037034 0.033854166666666664 0.04074074074074074
0 0.19036458333333334 0.3836805555555555 0.027604166666666662 0.03611111111111111
0 0.17317708333333331 0.42436342592592596 0.04010416666666666 0.05185185185185185
0 0.1125 0.5559027777777777 0.034375 0.05555555555555556
0 0.1359375 0.6943287037037037 0.040625 0.05740740740740741
0 0.32317708333333334 0.630787037037037 0.03697916666666666 0.04907407407407407
0 0.36848958333333337 0.7163194444444445 0.04635416666666666 0.06388888888888888
0 0.4247395833333333 0.7446180555555555 0.043229166666666666 0.0611111111111111
1 0.2890625 0.47847222222222224 0.08125 0.09444444444444444
3 0.23359375 0.362962962962963 0.0453125 0.050925925925925916