2 0.18229166666666666 0.709837962962963 0.09583333333333333 0.1259259259259259
1 0.6446180555555555 0.9326195987654321 0.1361111111111111 0.1308641975308642
1 0.47100694444444446 0.8170524691358025 0.12638888888888888 0.2716049382716049
1 0.634548611111111 0.7254050925925926 0.20972222222222223 0.3851851851851852
0 0.5248263888888889 0.6778163580246914 0.14027777777777778 0.24938271604938272
0 0.2939236111111111 0.8857831790123457 0.1472222222222222 0.22469135802469134
0 0.3286458333333333 0.7287037037037037 0.16666666666666666 0.2074074074074074
0 0.7921875 0.45929783950617276 0.125 0.21234567901234563
1 0.16614583333333333 0.9146219135802468 0.14166666666666666 0.16049382716049382
1 0.16076388888888887 0.8338734567901234 0.14027777777777778 0.18024691358024691
0 0.9331597222222221 0.24602623456790124 0.08194444444444444 0.13580246913580246
1 0.962673611111111 0.33659336419753083 0.07222222222222222 0.1950617283950617
1 0.9048611111111111 0.45173611111111106 0.17222222222222222 0.22222222222222224
0 0.732638888888889 0.35104166666666664 0.10277777777777777 0.13333333333333333
1 0.8345486111111111 0.30613425925925924 0.1472222222222222 0.11851851851851851
0 0.8583333333333334 0.25497685185185187 0.07916666666666666 0.1037037037037037
1 0.6848958333333333 0.25900848765432094 0.10416666666666666 0.10864197530864197
1 0.6286458333333333 0.248804012345679 0.06666666666666667 0.09135802469135802
0 0.6034722222222222 0.22274305555555554 0.06944444444444445 0.11111111111111112
1 0.7769097222222222 0.25135030864197533 0.10694444444444444 0.08395061728395062
2 0.051041666666666666 0.6141010802469136 0.09583333333333333 0.09382716049382715
1 0.13611111111111113 0.6957175925925926 0.1597222222222222 0.18518518518518517
1 0.3085069444444445 0.5204668209876543 0.08888888888888888 0.17530864197530863
0 0.3795138888888889 0.4845293209876543 0.09027777777777776 0.17530864197530863
0 0.4217013888888889 0.275366512345679 0.06527777777777778 0.09135802469135802
1 0.44670138888888894 0.3364776234567901 0.06527777777777778 0.11358024691358024
0 0.5140625 0.14575617283950618 0.05 0.07901234567901234
0 0.6685763888888889 0.12413194444444445 0.07777777777777777 0.08888888888888888
0 0.7637152777777778 0.10381944444444444 0.06805555555555555 0.08888888888888888
0 0.8256944444444445 0.14756944444444445 0.07638888888888888 0.08888888888888888
0 0.40399305555555554 0.16566358024691358 0.04861111111111111 0.09382716049382715
0 0.25972222222222224 0.3713348765432099 0.05694444444444444 0.08641975308641975
0 0.32760416666666664 0.30792824074074077 0.07083333333333333 0.08148148148148147
1 0.28888888888888886 0.3820408950617284 0.09027777777777776 0.12345679012345678
1 0.1892361111111111 0.5883680555555555 0.09722222222222222 0.11111111111111112
0 0.12638888888888888 0.5597608024691357 0.09027777777777776 0.1382716049382716
0 0.17760416666666665 0.5104166666666667 0.08333333333333333 0.13333333333333333
1 0.5291666666666667 0.3055362654320988 0.07083333333333333 0.06419753086419752
1 0.6513888888888889 0.42822145061728395 0.12777777777777777 0.2345679012345679
1 0.6225694444444445 0.47746913580246914 0.06388888888888888 0.20493827160493824
1 0.5579861111111111 0.43973765432098766 0.07222222222222222 0.2419753086419753