0 0.26840277777777777 0.8110918209876543 0.11805555555555555 0.17530864197530863
0 0.7901041666666667 0.943383487654321 0.09583333333333333 0.10864197530864197
0 0.44704861111111105 0.969020061728395 0.09722222222222222 0.05679012345679012
0 0.3295138888888889 0.3280092592592593 0.06527777777777778 0.11851851851851851
0 0.453125 0.1765239197530864 0.0625 0.10617283950617282
0 0.17430555555555555 0.30243055555555554 0.0736111111111111 0.11111111111111112
0 0.19600694444444444 0.16606867283950616 0.05138888888888889 0.07901234567901234
1 0.5163194444444444 0.6724922839506172 0.08888888888888888 0.10123456790123457
3 0.33524305555555556 0.7761188271604939 0.0736111111111111 0.12098765432098765
3 0.5131944444444445 0.38599537037037035 0.08888888888888888 0.14074074074074075
1 0.39045138888888886 0.30680941358024694 0.04027777777777777 0.16049382716049382
0 0.24583333333333335 0.10792824074074074 0.041666666666666664 0.08148148148148147
0 0.09826388888888889 0.11344521604938271 0.07777777777777777 0.09876543209876543