1 0.9662760416666666 0.5453703703703703 0.06692708333333333 0.06574074074074074
2 0.5440104166666667 0.2791666666666667 0.04427083333333333 0.07083333333333333
2 0.3421875 0.29508101851851853 0.04375 0.062037037037037036
2 0.29583333333333334 0.4729166666666667 0.04791666666666666 0.05833333333333333
2 0.3768229166666667 0.4256944444444445 0.05364583333333332 0.07638888888888888
2 0.4083333333333333 0.35671296296296295 0.04791666666666666 0.07592592592592592
2 0.434375 0.39403935185185185 0.04375 0.07870370370370369
2 0.84375 0.7947916666666667 0.084375 0.10833333333333332
2 0.8057291666666666 0.7385416666666667 0.07395833333333332 0.10833333333333332
2 0.8265625 0.6708333333333333 0.071875 0.12916666666666665
2 0.75390625 0.6370370370370371 0.1234375 0.21157407407407405
2 0.4557291666666667 0.9221643518518519 0.09895833333333333 0.1537037037037037
2 0.16627604166666665 0.4454861111111111 0.06380208333333333 0.07222222222222222
2 0.03502604166666666 0.7874421296296296 0.06692708333333333 0.09675925925925925
2 0.2850260416666667 0.44230324074074073 0.04817708333333333 0.043981481481481476
2 0.4813802083333333 0.28177083333333336 0.05026041666666666 0.05416666666666666
2 0.4515625 0.2571759259259259 0.0375 0.039351851851851846
2 0.4325520833333333 0.1619212962962963 0.043229166666666666 0.055092592592592596
2 0.46875 0.11944444444444444 0.046875 0.03888888888888888
2 0.5225260416666667 0.16672453703703702 0.03255208333333333 0.06157407407407407
2 0.186328125 0.16244212962962962 0.03828125 0.04675925925925926