0 0.10642361111111112 0.2881172839506173 0.07222222222222222 0.10123456790123457
0 0.07690972222222223 0.41500771604938275 0.06944444444444445 0.09876543209876543
0 0.1892361111111111 0.11319444444444444 0.034722222222222224 0.08888888888888888
0 0.2894097222222222 0.2984760802469136 0.06944444444444445 0.09382716049382715
0 0.3597222222222222 0.20300925925925925 0.08194444444444444 0.11851851851851851
0 0.28368055555555555 0.5873263888888889 0.08611111111111111 0.17777777777777776
0 0.18211805555555555 0.6856674382716049 0.08611111111111111 0.14320987654320988
0 0.23559027777777777 0.8004629629629629 0.09305555555555554 0.1259259259259259
0 0.11059027777777777 0.812229938271605 0.09305555555555554 0.14320987654320988
0 0.39114583333333336 0.8140432098765432 0.09166666666666666 0.1530864197530864
0 0.5019097222222222 0.39330632716049385 0.06944444444444445 0.12098765432098765
0 0.6699652777777778 0.3120563271604938 0.08055555555555555 0.12098765432098765
0 0.8574652777777778 0.2576195987654321 0.06805555555555555 0.1308641975308642
0 0.7401041666666667 0.6424961419753086 0.09583333333333333 0.1506172839506173
0 0.6395833333333333 0.7031828703703704 0.09166666666666666 0.14074074074074075
0 0.6065972222222222 0.9326195987654321 0.08194444444444444 0.1308641975308642
0 0.7222222222222222 0.8671682098765432 0.08194444444444444 0.1530864197530864