2 0.6901041666666667 0.6260416666666667 0.042708333333333334 0.05833333333333333
0 0.59453125 0.2765625 0.0328125 0.05
0 0.82734375 0.32285879629629627 0.0390625 0.06759259259259259
0 0.7122395833333333 0.33177083333333335 0.04635416666666666 0.06666666666666667
1 0.5309895833333333 0.834837962962963 0.11822916666666665 0.07592592592592592
0 0.6075520833333333 0.8925925925925926 0.03697916666666666 0.08518518518518518
0 0.6677083333333333 0.7777777777777778 0.04479166666666666 0.08055555555555555
0 0.4708333333333333 0.5216435185185185 0.035416666666666666 0.062037037037037036
0 0.6197916666666667 0.5289351851851852 0.03645833333333333 0.07037037037037037
0 0.4203125 0.5351851851851852 0.040625 0.045370370370370366
0 0.415625 0.7269675925925926 0.05 0.08518518518518518