2 0.6626736111111111 0.5677854938271605 0.034722222222222224 0.05432098765432099
2 0.4923611111111111 0.4931905864197531 0.02222222222222222 0.03950617283950617
2 0.4454861111111111 0.7047067901234568 0.034722222222222224 0.046913580246913576
0 0.20034722222222223 0.48348765432098767 0.03194444444444444 0.04197530864197531
0 0.23489583333333336 0.5820216049382716 0.05416666666666666 0.0765432098765432
0 0.45138888888888895 0.4649112654320987 0.04027777777777777 0.06419753086419752
0 0.5810763888888889 0.4062692901234568 0.04027777777777777 0.046913580246913576
0 0.6104166666666667 0.48505015432098764 0.03333333333333333 0.04197530864197531
0 0.7956597222222223 0.6065200617283951 0.03194444444444444 0.05679012345679012
0 0.8258680555555555 0.7154899691358024 0.03611111111111111 0.07160493827160494
1 0.6305555555555555 0.9244020061728395 0.2111111111111111 0.14567901234567898