0 0.303125 0.7168981481481482 0.03125 0.046296296296296294
0 0.13125 0.6169560185185186 0.025 0.037037037037037035
0 0.21484375 0.6197337962962963 0.0328125 0.04259259259259259
0 0.36848958333333337 0.5132523148148148 0.024479166666666666 0.029629629629629627
0 0.8854166666666666 0.17662037037037037 0.02708333333333333 0.04074074074074074
0 0.5515625 0.40353009259259254 0.028125 0.03518518518518519
0 0.6270833333333333 0.40868055555555555 0.041666666666666664 0.0611111111111111
0 0.7809895833333333 0.6090277777777777 0.04010416666666666 0.05555555555555556
0 0.20494791666666665 0.963136574074074 0.05364583333333332 0.07314814814814814
0 0.10625 0.9041666666666666 0.0375 0.05833333333333333
0 0.34322916666666664 0.9402777777777779 0.03333333333333333 0.05555555555555556
1 0.33828125 0.7315972222222222 0.0578125 0.06944444444444445
3 0.4755208333333333 0.462037037037037 0.041666666666666664 0.04907407407407407
3 0.9763020833333333 0.7555555555555555 0.04635416666666666 0.11111111111111112
3 0.75390625 0.7006944444444445 0.0953125 0.11388888888888889