0 0.3770264505119454 0.3765625 0.06655290102389079 0.0875
0 0.3667982081911263 0.4473958333333333 0.06484641638225255 0.08541666666666667
0 0.2890944965870307 0.5208333333333333 0.05631399317406144 0.041666666666666664
0 0.3587084044368601 0.5416666666666667 0.07679180887372014 0.05833333333333333
0 0.4678061006825939 0.440625 0.08873720136518772 0.10625
0 0.4913875853242321 0.5567708333333333 0.09215017064846417 0.10416666666666666
0 0.4464963737201365 0.5822916666666667 0.08361774744027303 0.07708333333333332
0 0.5304500853242321 0.6822916666666667 0.09215017064846417 0.11458333333333333
0 0.4981921928327645 0.8026041666666666 0.06825938566552901 0.08958333333333332
0 0.5560046928327644 0.2328125 0.06825938566552901 0.075
0 0.37449872013651875 0.7192708333333333 0.11774744027303755 0.15416666666666665
0 0.16936860068259385 0.7046875 0.08873720136518772 0.1125
0 0.03611348122866894 0.7317708333333333 0.059726962457337884 0.07916666666666666