1 0.4354166666666667 0.7369212962962963 0.07083333333333333 0.21759259259259256
0 0.453125 0.9816550925925925 0.04375 0.03518518518518519
0 0.03567708333333333 0.7199652777777777 0.033854166666666664 0.05555555555555556
0 0.05598958333333333 0.33796296296296297 0.03697916666666666 0.050925925925925916
0 0.37630208333333337 0.4100694444444445 0.04010416666666666 0.06388888888888888
0 0.5645833333333333 0.30729166666666663 0.029166666666666664 0.03333333333333333
0 0.5359375 0.3211805555555555 0.04375 0.0611111111111111
0 0.5955729166666667 0.1433449074074074 0.03177083333333333 0.03981481481481482
0 0.6875 0.2539930555555555 0.034375 0.0611111111111111
0 0.8078125 0.5039351851851852 0.040625 0.045370370370370366
0 0.5869791666666667 0.5906828703703704 0.06770833333333333 0.11574074074074074
3 0.05442708333333333 0.8004050925925925 0.05572916666666666 0.08518518518518518
3 0.4515625 0.37893518518518515 0.03125 0.045370370370370366
3 0.81015625 0.3241898148148148 0.0578125 0.10462962962962963
3 0.39583333333333337 0.6315393518518518 0.05416666666666666 0.07870370370370369
1 0.6223958333333333 0.509837962962963 0.11041666666666665 0.1259259259259259
0 0.12760416666666669 0.3929976851851852 0.02395833333333333 0.045370370370370366
0 0.24583333333333335 0.19890046296296296 0.03854166666666666 0.050925925925925916
0 0.36770833333333336 0.2303240740740741 0.022916666666666665 0.04814814814814815