2 0.20729166666666665 0.5972222222222222 0.03645833333333333 0.04444444444444444
0 0.5403645833333333 0.2978587962962963 0.027604166666666662 0.04259259259259259
0 0.7622395833333333 0.5147569444444444 0.033854166666666664 0.06388888888888888
1 0.6346354166666667 0.912037037037037 0.14114583333333333 0.17407407407407408
0 0.30338541666666663 0.7753472222222222 0.07864583333333333 0.09444444444444444
0 0.09296875 0.8532407407407406 0.0578125 0.08148148148148147
0 0.0515625 0.7555555555555555 0.084375 0.1361111111111111
0 0.23723958333333334 0.5085648148148147 0.049479166666666664 0.07962962962962963
0 0.25052083333333336 0.44415509259259256 0.05416666666666666 0.08518518518518518
0 0.6380208333333333 0.4607060185185185 0.057291666666666664 0.08703703703703704
0 0.17291666666666666 0.2696180555555555 0.03958333333333333 0.0611111111111111
0 0.28151041666666665 0.29866898148148147 0.04114583333333333 0.06296296296296296