1 0.39505208333333336 0.15908564814814813 0.04010416666666666 0.046296296296296294
0 0.66484375 0.1916087962962963 0.0296875 0.04259259259259259
0 0.6203125 0.1525462962962963 0.028125 0.04259259259259259
0 0.9299479166666667 0.24502314814814813 0.03802083333333333 0.046296296296296294
0 0.9606770833333333 0.3284722222222222 0.043229166666666666 0.06944444444444445
0 0.7145833333333333 0.2767361111111111 0.035416666666666666 0.04722222222222222
0 0.55546875 0.19519675925925925 0.0296875 0.04351851851851852
0 0.5859375 0.2808449074074074 0.034375 0.06481481481481481
0 0.63046875 0.40196759259259257 0.0484375 0.08518518518518518
0 0.6794270833333333 0.6780671296296296 0.05572916666666666 0.10925925925925925
0 0.23203125 0.30862268518518515 0.0359375 0.045370370370370366
0 0.11666666666666665 0.2748263888888889 0.05833333333333333 0.05277777777777778
3 0.05598958333333333 0.29311342592592593 0.06197916666666666 0.05185185185185185
3 0.35989583333333336 0.24207175925925925 0.06979166666666667 0.04351851851851852
3 0.8802083333333334 0.3578125 0.06354166666666666 0.05
1 0.8434895833333333 0.23721064814814813 0.09947916666666666 0.0962962962962963