3 0.6184895833333333 0.6729166666666667 0.043229166666666666 0.05833333333333333
3 0.6846354166666667 0.5316550925925926 0.04114583333333333 0.06018518518518519
3 0.7307291666666667 0.540798611111111 0.05208333333333333 0.07222222222222222
3 0.34322916666666664 0.6920717592592592 0.04895833333333333 0.0685185185185185
0 0.23020833333333335 0.6197916666666667 0.03854166666666666 0.05833333333333333
0 0.15885416666666669 0.2462962962962963 0.03020833333333333 0.04259259259259259
0 0.15963541666666667 0.30873842592592593 0.03802083333333333 0.05185185185185185
0 0.6416666666666667 0.3576388888888889 0.03645833333333333 0.05277777777777778
0 0.4427083333333333 0.3428240740740741 0.03854166666666666 0.04814814814814815
0 0.4869791666666667 0.477199074074074 0.04583333333333333 0.04814814814814815
0 0.91640625 0.4293981481481482 0.0359375 0.046296296296296294
0 0.8653645833333334 0.45162037037037034 0.043229166666666666 0.06574074074074074
0 0.7932291666666667 0.507638888888889 0.02708333333333333 0.05277777777777778
0 0.7815104166666667 0.616550925925926 0.03802083333333333 0.07685185185185185
0 0.6276041666666667 0.5845486111111111 0.03020833333333333 0.04722222222222222
0 0.40078125 0.8799189814814815 0.0359375 0.06296296296296296