2 0.4369791666666667 0.9561342592592592 0.04895833333333333 0.0685185185185185
2 0.4278645833333333 0.6700810185185185 0.08385416666666666 0.11203703703703702
1 0.4541666666666667 0.5630787037037037 0.12395833333333332 0.2324074074074074
1 0.628125 0.5778356481481481 0.05625 0.17129629629629628
0 0.29765625 0.8800925925925925 0.0578125 0.08518518518518518
0 0.54375 0.6469907407407407 0.034375 0.08148148148148147
0 0.8072916666666666 0.4325810185185185 0.03958333333333333 0.062037037037037036
0 0.8997395833333334 0.32494212962962965 0.04010416666666666 0.059259259259259255
0 0.9111979166666666 0.2548611111111111 0.06302083333333333 0.09722222222222222
0 0.8455729166666666 0.2664930555555555 0.04427083333333333 0.0611111111111111
0 0.6067708333333333 0.31018518518518523 0.041666666666666664 0.07037037037037037
0 0.5596354166666667 0.2375 0.028645833333333332 0.05
0 0.34088541666666666 0.33871527777777777 0.034895833333333334 0.05555555555555556
0 0.07421875 0.779050925925926 0.0421875 0.07685185185185185