3 0.7513020833333333 0.5528935185185185 0.049479166666666664 0.062037037037037036
1 0.30494791666666665 0.9325810185185185 0.07552083333333333 0.11203703703703702
0 0.32161458333333337 0.6631944444444444 0.018229166666666664 0.03888888888888888
0 0.3692708333333333 0.6258680555555556 0.022916666666666665 0.03611111111111111
0 0.8036458333333334 0.19693287037037038 0.026041666666666664 0.04074074074074074
0 0.8020833333333334 0.26221064814814815 0.029166666666666664 0.046296296296296294
0 0.7763020833333333 0.33391203703703703 0.027604166666666662 0.04907407407407407
0 0.6791666666666667 0.4814236111111111 0.03333333333333333 0.04722222222222222
0 0.5145833333333333 0.5576388888888889 0.035416666666666666 0.05277777777777778
0 0.36979166666666663 0.9344328703703704 0.03645833333333333 0.06574074074074074
0 0.7223958333333333 0.7530092592592592 0.035416666666666666 0.0685185185185185
0 0.8934895833333334 0.5918981481481482 0.04635416666666666 0.07129629629629629
0 0.9302083333333334 0.672337962962963 0.041666666666666664 0.050925925925925916