2 0.8423611111111111 0.5935185185185186 0.02222222222222222 0.037037037037037035
2 0.9758680555555556 0.7488618827160494 0.03611111111111111 0.03209876543209876
2 0.953125 0.6894868827160494 0.0375 0.03209876543209876
2 0.3729166666666667 0.594020061728395 0.020833333333333332 0.05679012345679012
2 0.35416666666666663 0.8604552469135802 0.020833333333333332 0.027160493827160494
2 0.59375 0.8982060185185186 0.025 0.037037037037037035
2 0.6881944444444444 0.8737847222222221 0.02638888888888889 0.04444444444444444
2 0.6654513888888889 0.8795331790123457 0.02777777777777778 0.024691358024691357
2 0.33611111111111114 0.4942515432098766 0.034722222222222224 0.019753086419753086
2 0.24322916666666666 0.7225501543209877 0.03333333333333333 0.04197530864197531
2 0.2569444444444445 0.7831597222222222 0.03888888888888888 0.04444444444444444
1 0.2520833333333333 0.4130015432098766 0.15416666666666665 0.21975308641975308
3 0.08402777777777777 0.32490354938271604 0.15555555555555553 0.16543209876543208
3 0.30208333333333337 0.9585841049382717 0.06666666666666667 0.0765432098765432
3 0.30694444444444446 0.6805555555555556 0.08888888888888888 0.11111111111111112
3 0.46267361111111105 0.516724537037037 0.05972222222222222 0.07407407407407407
3 0.49079861111111106 0.5708526234567901 0.08472222222222223 0.11358024691358024
3 0.40763888888888894 0.6472608024691358 0.10277777777777777 0.1382716049382716
3 0.7848958333333333 0.4262152777777778 0.14166666666666666 0.15555555555555553
3 0.9484375 0.5273726851851852 0.1 0.17037037037037037
3 0.8720486111111111 0.7408179012345679 0.04722222222222222 0.0691358024691358
3 0.959201388888889 0.8502121913580247 0.07777777777777777 0.11604938271604937
3 0.9564236111111111 0.9435378086419753 0.08472222222222223 0.08395061728395062
0 0.7628472222222222 0.2881944444444445 0.08194444444444444 0.08888888888888888
0 0.5980902777777778 0.1780478395061728 0.13055555555555556 0.21234567901234563
0 0.5741319444444445 0.4842978395061728 0.12638888888888888 0.21234567901234563
0 0.6427083333333333 0.6831211419753086 0.09166666666666666 0.1506172839506173
0 0.44982638888888893 0.9437114197530864 0.06527777777777778 0.10617283950617282
0 0.03680555555555555 0.8312114197530864 0.0611111111111111 0.10617283950617282