2 0.32552083333333337 0.7230324074074075 0.035416666666666666 0.08981481481481482
0 0.77890625 0.6670717592592592 0.0390625 0.0685185185185185
0 0.8611979166666666 0.6156828703703703 0.03177083333333333 0.06574074074074074
0 0.9169270833333334 0.5795717592592593 0.03072916666666666 0.04351851851851852
0 0.59921875 0.545775462962963 0.0421875 0.07592592592592592
0 0.5466145833333333 0.5072337962962963 0.04010416666666666 0.06759259259259259
0 0.5294270833333333 0.3658564814814815 0.049479166666666664 0.08796296296296295
0 0.5505208333333333 0.28645833333333337 0.03229166666666666 0.06666666666666667
0 0.5125 0.20787037037037037 0.0375 0.06574074074074074
0 0.5861979166666667 0.25960648148148147 0.02239583333333333 0.06296296296296296
0 0.7158854166666667 0.973900462962963 0.05989583333333333 0.050925925925925916
3 0.4924479166666667 0.8722800925925925 0.09114583333333333 0.18518518518518517
3 0.9557291666666666 0.6925347222222222 0.08645833333333333 0.26944444444444443
3 0.29010416666666666 0.08605324074074075 0.04583333333333333 0.05648148148148148