2 0.34270833333333334 0.6736689814814815 0.05416666666666666 0.07546296296296295
2 0.4811197916666667 0.5880787037037037 0.046614583333333334 0.05740740740740741
2 0.489453125 0.4060763888888889 0.02890625 0.05277777777777778
2 0.5186197916666667 0.44409722222222225 0.03411458333333333 0.04444444444444444
2 0.61171875 0.413425925925926 0.0328125 0.05185185185185185
2 0.702734375 0.7039351851851852 0.05859375 0.09537037037037036
2 0.7438802083333333 0.6911458333333333 0.047135416666666666 0.07916666666666666
2 0.7666666666666667 0.8178819444444445 0.06770833333333333 0.12638888888888888
2 0.8239583333333333 0.5923032407407407 0.057291666666666664 0.08148148148148147
2 0.5994791666666667 0.920775462962963 0.04895833333333333 0.08842592592592592
2 0.4643229166666667 0.8813078703703704 0.05364583333333332 0.09074074074074073