0 0.6361979166666667 0.4015625 0.028645833333333332 0.05
0 0.8622395833333334 0.7262152777777777 0.03072916666666666 0.05555555555555556
0 0.71875 0.5592592592592592 0.034375 0.04351851851851852
0 0.39791666666666664 0.5575231481481482 0.03020833333333333 0.046296296296296294
0 0.36276041666666664 0.4340856481481482 0.03177083333333333 0.046296296296296294
0 0.27682291666666664 0.6815393518518518 0.04114583333333333 0.07870370370370369
0 0.30494791666666665 0.6679398148148148 0.034895833333333334 0.054629629629629625
0 0.24557291666666664 0.6387731481481482 0.03177083333333333 0.046296296296296294
0 0.11953125 0.617013888888889 0.0359375 0.05277777777777778
0 0.0578125 0.5901041666666667 0.053125 0.08333333333333333
0 0.20703125 0.834664351851852 0.0328125 0.0537037037037037
0 0.67109375 0.8585648148148148 0.0484375 0.07962962962962963
0 0.6153645833333333 0.9427662037037037 0.04010416666666666 0.05740740740740741
3 0.6268229166666667 0.8491898148148149 0.07864583333333333 0.15462962962962962
3 0.4661458333333333 0.9269097222222221 0.04791666666666666 0.06944444444444445