3 0.49149305555555556 0.27604166666666663 0.0736111111111111 0.13333333333333333
0 0.507638888888889 0.17816358024691356 0.05277777777777778 0.09382716049382715
0 0.24774305555555554 0.6696373456790123 0.12361111111111109 0.1580246913580247
2 0.546875 0.5400655864197531 0.025 0.03950617283950617
2 0.3043402777777778 0.5483796296296296 0.03055555555555555 0.059259259259259255
2 0.2677083333333333 0.5761766975308642 0.029166666666666664 0.06172839506172839
2 0.7043402777777777 0.7181905864197531 0.03055555555555555 0.03950617283950617
2 0.7166666666666667 0.8560185185185185 0.020833333333333332 0.037037037037037035
2 0.6628472222222223 0.868113425925926 0.03194444444444444 0.05185185185185185
2 0.6213541666666667 0.8722993827160493 0.03333333333333333 0.03209876543209876
0 0.6567708333333333 0.6375385802469136 0.06666666666666667 0.09382716049382715
0 0.8114583333333334 0.6835069444444445 0.09166666666666666 0.08888888888888888
0 0.9708333333333334 0.7590856481481482 0.05416666666666666 0.0962962962962963
3 0.8440972222222222 0.6276813271604939 0.10694444444444444 0.12098765432098765
3 0.9336805555555555 0.6530864197530863 0.08611111111111111 0.10617283950617282
3 0.42118055555555556 0.6450424382716049 0.08611111111111111 0.14320987654320988
3 0.5298611111111111 0.773900462962963 0.07222222222222222 0.1259259259259259
3 0.2267361111111111 0.9421489197530863 0.08472222222222223 0.10617283950617282