3 0.4840277777777778 0.45817901234567904 0.10555555555555556 0.09135802469135802
3 0.43125 0.5333526234567901 0.0875 0.11358024691358024
3 0.5859375 0.32274305555555555 0.0875 0.11111111111111112
3 0.8074652777777779 0.5869791666666667 0.06805555555555555 0.13333333333333333
3 0.8416666666666666 0.7480131172839506 0.09583333333333333 0.16790123456790124
3 0.8819444444444444 0.8642939814814815 0.10138888888888889 0.16296296296296295
3 0.5770833333333333 0.6396026234567901 0.06666666666666667 0.11358024691358024
0 0.7864583333333333 0.1523341049382716 0.06666666666666667 0.0765432098765432
0 0.46319444444444446 0.12307098765432098 0.05138888888888889 0.10864197530864197
0 0.3892361111111111 0.7032600308641975 0.08472222222222223 0.12839506172839504
0 0.4803819444444445 0.7752893518518518 0.06388888888888888 0.1037037037037037
0 0.4989583333333333 0.5562885802469136 0.05416666666666666 0.09382716049382715
0 0.6157986111111111 0.5323688271604938 0.07222222222222222 0.12098765432098765
0 0.750173611111111 0.4994598765432099 0.05972222222222222 0.08641975308641975
2 0.8520833333333334 0.5602237654320987 0.029166666666666664 0.06419753086419752
2 0.22152777777777777 0.49961419753086417 0.03055555555555555 0.06172839506172839
2 0.44409722222222225 0.26786265432098766 0.01944444444444444 0.04197530864197531
0 0.6845486111111111 0.07758487654320986 0.07222222222222222 0.08641975308641975