0 0.15234375 0.17436342592592594 0.0296875 0.05185185185185185
0 0.6565104166666667 0.549537037037037 0.028645833333333332 0.04907407407407407
0 0.7572916666666667 0.7802662037037037 0.03333333333333333 0.05740740740740741
1 0.546875 0.7592013888888889 0.071875 0.15277777777777776
1 0.17057291666666666 0.7063078703703703 0.11614583333333332 0.06574074074074074
0 0.5841145833333333 0.804224537037037 0.049479166666666664 0.07407407407407407
0 0.6895833333333333 0.9680555555555556 0.04479166666666666 0.0611111111111111
0 0.940625 0.9247685185185185 0.065625 0.08703703703703704
0 0.32135416666666666 0.5501736111111111 0.03958333333333333 0.07222222222222222
0 0.3859375 0.523611111111111 0.05 0.07222222222222222
0 0.3359375 0.6477430555555556 0.04375 0.0611111111111111
0 0.19609375 0.39861111111111114 0.0421875 0.07222222222222222
3 0.0515625 0.4469328703703703 0.065625 0.09074074074074073
0 0.16458333333333333 0.9420138888888889 0.057291666666666664 0.07777777777777777