0 0.20416666666666666 0.5501929012345679 0.04583333333333333 0.0691358024691358
0 0.28194444444444444 0.7163773148148148 0.02638888888888889 0.029629629629629627
3 0.25711805555555556 0.6563464506172839 0.02361111111111111 0.0345679012345679
3 0.33958333333333335 0.6784722222222223 0.016666666666666666 0.04444444444444444
3 0.6347222222222222 0.5068479938271605 0.03194444444444444 0.05432098765432099
0 0.32083333333333336 0.6121913580246914 0.029166666666666664 0.04938271604938271
0 0.3609375 0.6971450617283951 0.0375 0.05679012345679012
0 0.46736111111111106 0.9530671296296296 0.034722222222222224 0.059259259259259255
0 0.506076388888889 0.8990354938271604 0.04027777777777777 0.05432098765432099
0 0.6916666666666667 0.9456018518518519 0.07083333333333333 0.1037037037037037
3 0.4178819444444445 0.6787229938271605 0.02638888888888889 0.05432098765432099
3 0.30694444444444446 0.5341435185185185 0.02638888888888889 0.037037037037037035
3 0.4151041666666667 0.9481288580246913 0.03333333333333333 0.04938271604938271
3 0.6105902777777777 0.8388503086419753 0.06805555555555555 0.08395061728395062
3 0.7645833333333333 0.904320987654321 0.07916666666666666 0.10864197530864197
3 0.4458333333333333 0.6528935185185185 0.029166666666666664 0.037037037037037035
3 0.4895833333333333 0.6055362654320987 0.041666666666666664 0.06419753086419752
3 0.49409722222222224 0.7968364197530864 0.05694444444444444 0.10617283950617282
3 0.9069444444444444 0.8120756172839506 0.1638888888888889 0.16790123456790124
0 0.6552083333333333 0.7549768518518518 0.06666666666666667 0.1037037037037037
0 0.590625 0.6782407407407407 0.0375 0.08148148148148147
0 0.5501736111111111 0.6107060185185185 0.034722222222222224 0.037037037037037035
0 0.5631944444444444 0.534741512345679 0.06388888888888888 0.09135802469135802
0 0.425 0.5389274691358025 0.05 0.07160493827160494
0 0.48576388888888894 0.33721064814814816 0.06527777777777778 0.0962962962962963
3 0.43246527777777777 0.4376157407407407 0.043055555555555555 0.08148148148148147
3 0.5119791666666667 0.4687885802469136 0.05833333333333333 0.09382716049382715
3 0.7387152777777778 0.35497685185185185 0.08055555555555555 0.1037037037037037
3 0.6100694444444444 0.2567901234567901 0.06388888888888888 0.11358024691358024