3 0.88515625 0.06064814814814814 0.0890625 0.0962962962962963
0 0.4471354166666667 0.21226851851851852 0.025520833333333333 0.037037037037037035
0 0.43046875 0.26817129629629627 0.0234375 0.04259259259259259
0 0.4114583333333333 0.3061921296296296 0.026041666666666664 0.03425925925925925
0 0.48515625 0.30289351851851853 0.0265625 0.037037037037037035
0 0.20677083333333335 0.7044560185185185 0.019791666666666666 0.037037037037037035
0 0.33229166666666665 0.5039351851851852 0.020833333333333332 0.045370370370370366
0 0.425 0.47853009259259255 0.034375 0.06018518518518519
0 0.9473958333333334 0.09126157407407406 0.04479166666666666 0.09814814814814814
0 0.75625 0.5542824074074074 0.04375 0.06481481481481481
1 0.82890625 0.5855324074074074 0.1265625 0.08981481481481482
1 0.5299479166666667 0.7436342592592593 0.11927083333333333 0.09351851851851851
3 0.6372395833333333 0.44265046296296295 0.05260416666666666 0.10092592592592593