1 0.32552083333333337 0.5219714506172839 0.07916666666666666 0.2345679012345679
1 0.6949652777777777 0.8411651234567902 0.23055555555555554 0.3135802469135802
1 0.809375 0.8221836419753086 0.25 0.35061728395061725
1 0.8564236111111111 0.6044560185185185 0.2847222222222222 0.23703703703703702
1 0.4942708333333333 0.43578317901234565 0.14166666666666666 0.22469135802469134
1 0.5635416666666667 0.425462962962963 0.10833333333333332 0.1259259259259259
1 0.6324652777777777 0.5795717592592593 0.16805555555555554 0.31851851851851853
1 0.927951388888889 0.41030092592592593 0.14027777777777778 0.2518518518518518
1 0.7708333333333333 0.48234953703703703 0.17916666666666664 0.274074074074074
1 0.4180555555555555 0.5242091049382716 0.1986111111111111 0.2765432098765432
1 0.5940972222222223 0.3513117283950617 0.13194444444444445 0.19012345679012346
1 0.44756944444444446 0.19083719135802468 0.11388888888888889 0.11604938271604937
1 0.47065972222222224 0.27467206790123455 0.16944444444444445 0.20246913580246914
1 0.5951388888888889 0.1990547839506173 0.12777777777777777 0.10123456790123457
1 0.7902777777777777 0.2441358024691358 0.24305555555555552 0.1382716049382716
1 0.7465277777777778 0.1736496913580247 0.20555555555555555 0.11604938271604937
0 0.6256944444444444 0.10474537037037038 0.08888888888888888 0.14074074074074075
0 0.834375 0.08493441358024692 0.1125 0.16049382716049382