3 0.4947916666666667 0.3605324074074074 0.03958333333333333 0.06481481481481481
3 0.1625 0.5525462962962963 0.08125 0.09259259259259259
1 0.4463541666666667 0.8869212962962963 0.15208333333333332 0.16759259259259257
1 0.08203125 0.15833333333333333 0.0671875 0.06666666666666667
1 0.4684895833333333 0.23692129629629627 0.08385416666666666 0.06759259259259259
0 0.4778645833333333 0.14704861111111112 0.03697916666666666 0.04722222222222222
0 0.7205729166666667 0.14965277777777777 0.034895833333333334 0.05555555555555556
0 0.6572916666666667 0.16082175925925926 0.02708333333333333 0.04351851851851852
0 0.753125 0.46284722222222224 0.05 0.06944444444444445
0 0.9580729166666666 0.7369212962962963 0.07239583333333333 0.11759259259259258
0 0.7421875 0.624074074074074 0.0375 0.07314814814814814
0 0.18046875 0.4317708333333333 0.0328125 0.06666666666666667