3 0.3407986111111111 0.4614197530864198 0.10972222222222221 0.1728395061728395
2 0.539236111111111 0.8535686728395062 0.034722222222222224 0.07901234567901234
0 0.8932291666666666 0.8777777777777779 0.10833333333333332 0.15555555555555553
0 0.8546875 0.670775462962963 0.0875 0.1259259259259259
0 0.7588541666666667 0.40169753086419757 0.07083333333333333 0.12839506172839504
0 0.6215277777777778 0.33400848765432095 0.06805555555555555 0.10864197530864197
0 0.5951388888888889 0.5524305555555555 0.07777777777777777 0.11111111111111112
0 0.49809027777777776 0.5194637345679013 0.06805555555555555 0.13580246913580246
0 0.45850694444444445 0.6899305555555555 0.05138888888888889 0.11111111111111112
0 0.36996527777777777 0.9321180555555555 0.08055555555555555 0.11111111111111112
0 0.24704861111111112 0.1681327160493827 0.05972222222222222 0.09876543209876543
0 0.7685763888888889 0.057928240740740745 0.06527777777777778 0.08148148148148147
0 0.11024305555555555 0.09577546296296295 0.0736111111111111 0.1259259259259259
0 0.0265625 0.1898533950617284 0.0375 0.12345679012345678
3 0.6854166666666667 0.9202932098765432 0.08333333333333333 0.1530864197530864