3 0.846875 0.5679783950617284 0.0875 0.12345679012345678
3 0.7375 0.6142746913580247 0.1 0.11604938271604937
3 0.5092013888888889 0.8934799382716049 0.11527777777777777 0.14320987654320988
0 0.9003472222222222 0.35736882716049384 0.08194444444444444 0.12098765432098765
0 0.9192708333333334 0.9418981481481481 0.07916666666666666 0.0962962962962963
0 0.7548611111111111 0.9180748456790123 0.08472222222222223 0.1580246913580247
0 0.7213541666666667 0.126195987654321 0.07083333333333333 0.10864197530864197
0 0.6414930555555556 0.30588348765432094 0.0736111111111111 0.10864197530864197
0 0.5414930555555555 0.22932098765432096 0.04861111111111111 0.10864197530864197
0 0.4260416666666667 0.0339891975308642 0.08333333333333333 0.06172839506172839
2 0.30416666666666664 0.6024112654320988 0.03333333333333333 0.06419753086419752
2 0.3875 0.6413194444444444 0.0375 0.08888888888888888