1 0.3326388888888889 0.9032021604938272 0.15277777777777776 0.1876543209876543
1 0.4024305555555555 0.8678433641975308 0.09861111111111111 0.1950617283950617
0 0.7972222222222223 0.9244020061728395 0.09444444444444444 0.14567901234567898
0 0.90625 0.7864969135802469 0.1 0.16049382716049382
0 0.45972222222222225 0.615451388888889 0.08194444444444444 0.17777777777777776
0 0.39010416666666664 0.45061728395061723 0.07083333333333333 0.10123456790123457
0 0.6708333333333333 0.4617283950617284 0.06666666666666667 0.12345679012345678
0 0.7199652777777777 0.3603202160493827 0.05555555555555556 0.09876543209876543
0 0.6003472222222223 0.2820987654320988 0.04444444444444444 0.06419753086419752
0 0.4611111111111111 0.24731867283950618 0.05972222222222222 0.07901234567901234
0 0.3951388888888889 0.20669367283950618 0.05277777777777778 0.07901234567901234
0 0.6449652777777778 0.2478009259259259 0.043055555555555555 0.05185185185185185