3 0.22786458333333334 0.9661458333333334 0.06510416666666666 0.06666666666666667
0 0.31770833333333337 0.5106481481481482 0.026041666666666664 0.046296296296296294
0 0.4088541666666667 0.4950231481481482 0.03020833333333333 0.046296296296296294
0 0.38645833333333335 0.5748263888888889 0.026041666666666664 0.05277777777777778
0 0.51875 0.6199074074074075 0.034375 0.06481481481481481
0 0.6098958333333333 0.3532986111111111 0.035416666666666666 0.04722222222222222
0 0.6419270833333333 0.2733217592592593 0.027604166666666662 0.0685185185185185
0 0.9276041666666666 0.29421296296296295 0.055208333333333325 0.07592592592592592
0 0.7393229166666667 0.6065393518518518 0.05052083333333333 0.07870370370370369
0 0.8052083333333334 0.6533564814814815 0.06354166666666666 0.11296296296296296
0 0.8161458333333333 0.8695023148148149 0.07916666666666666 0.12962962962962962
3 0.6078125 0.8866898148148149 0.071875 0.07962962962962963