0 0.4958333333333333 0.5731481481481482 0.04791666666666666 0.07129629629629629
0 0.56015625 0.41620370370370374 0.0421875 0.05740740740740741
0 0.5518229166666667 0.45949074074074076 0.04427083333333333 0.05648148148148148
0 0.6002604166666667 0.43917824074074074 0.05989583333333333 0.08148148148148147
0 0.6328125 0.4815393518518518 0.0625 0.1037037037037037
0 0.7276041666666667 0.49797453703703703 0.04583333333333333 0.04907407407407407
0 0.6255208333333333 0.6512152777777778 0.09479166666666666 0.13055555555555556
0 0.5174479166666667 0.7180555555555556 0.05364583333333332 0.0611111111111111
0 0.4229166666666667 0.9140046296296296 0.06770833333333333 0.13425925925925924
0 0.30963541666666666 0.5502893518518518 0.05052083333333333 0.0537037037037037
3 0.4822916666666667 0.4708333333333333 0.07083333333333333 0.06666666666666667
3 0.5638020833333333 0.5327546296296296 0.09322916666666667 0.10925925925925925
3 0.5197916666666667 0.633912037037037 0.07395833333333332 0.09907407407407406
3 0.5940104166666667 0.6054398148148148 0.07864583333333333 0.10462962962962963
3 0.6614583333333333 0.5705439814814814 0.06979166666666667 0.06296296296296296
3 0.5638020833333333 0.7787615740740741 0.10885416666666665 0.12314814814814815
3 0.4190104166666667 0.8257523148148149 0.07239583333333333 0.07962962962962963
3 0.4989583333333333 0.896412037037037 0.09791666666666667 0.19907407407407407