1 0.27838541666666666 0.2745949074074074 0.05989583333333333 0.1648148148148148
0 0.05 0.1478587962962963 0.034375 0.06759259259259259
0 0.4390625 0.3103009259259259 0.034375 0.07685185185185185
0 0.5122395833333333 0.8950810185185185 0.07135416666666666 0.11203703703703702
3 0.4669270833333333 0.41990740740740745 0.04635416666666666 0.06481481481481481
3 0.403125 0.6096643518518519 0.059375 0.07870370370370369
2 0.35390625 0.238599537037037 0.0328125 0.04907407407407407
2 0.61015625 0.6670717592592592 0.0421875 0.0685185185185185
2 0.50546875 0.7492476851851853 0.0421875 0.07037037037037037
2 0.4247395833333333 0.7175925925925926 0.04010416666666666 0.06018518518518519
2 0.19661458333333331 0.44982638888888893 0.03697916666666666 0.05277777777777778