0 0.6059895833333333 0.21163194444444447 0.027604166666666662 0.03888888888888888
0 0.471875 0.27870370370370373 0.01875 0.032407407407407406
0 0.7799479166666667 0.22789351851851852 0.025520833333333333 0.037037037037037035
0 0.8190104166666666 0.20908564814814815 0.034895833333333334 0.046296296296296294
0 0.8755208333333334 0.2359375 0.029166666666666664 0.05
0 0.01953125 0.440625 0.0328125 0.05
0 0.38359375 0.35943287037037036 0.0328125 0.04074074074074074
0 0.36848958333333337 0.26730324074074074 0.033854166666666664 0.05648148148148148
0 0.19140625 0.4002893518518518 0.0359375 0.0537037037037037
0 0.103125 0.7765046296296296 0.04375 0.059259259259259255
0 0.3651041666666667 0.500173611111111 0.03020833333333333 0.04722222222222222
0 0.8520833333333334 0.47922453703703705 0.035416666666666666 0.07407407407407407
0 0.796875 0.48917824074074073 0.04375 0.05648148148148148
0 0.9010416666666666 0.6293402777777778 0.055208333333333325 0.08055555555555555
0 0.4674479166666667 0.6931712962962963 0.05052083333333333 0.06759259259259259
0 0.61875 0.7956597222222223 0.075 0.11944444444444444
0 0.26875 0.938773148148148 0.046875 0.0962962962962963
3 0.32708333333333334 0.7969328703703704 0.08541666666666667 0.11574074074074074