3 0.12482638888888889 0.6820601851851852 0.11527777777777777 0.17037037037037037
0 0.1125 0.42417052469135796 0.075 0.18271604938271604
0 0.30486111111111114 0.28194444444444444 0.07222222222222222 0.08888888888888888
0 0.5083333333333333 0.34205246913580245 0.05416666666666666 0.07160493827160494
0 0.8409722222222221 0.5586805555555555 0.08194444444444444 0.11111111111111112
0 0.9666666666666666 0.6567901234567901 0.05833333333333333 0.11358024691358024
0 0.8223958333333334 0.7401813271604938 0.09166666666666666 0.12098765432098765
0 0.7307291666666667 0.683179012345679 0.05833333333333333 0.09135802469135802
0 0.6826388888888889 0.8364776234567902 0.07777777777777777 0.11358024691358024
0 0.38003472222222223 0.7710262345679013 0.08194444444444444 0.13580246913580246
0 0.49340277777777775 0.7171489197530864 0.05555555555555556 0.10617283950617282
0 0.4489583333333333 0.7872299382716049 0.05416666666666666 0.14320987654320988
0 0.43819444444444444 0.924074074074074 0.08888888888888888 0.14814814814814814
0 0.3284722222222222 0.921604938271605 0.09444444444444444 0.14320987654320988
3 0.32760416666666664 0.47802854938271605 0.10833333333333332 0.16543209876543208