2 0.23984375 0.7918981481481482 0.0328125 0.046296296296296294
3 0.06796875 0.891724537037037 0.0828125 0.12407407407407407
0 0.11145833333333333 0.9233796296296296 0.07604166666666666 0.08425925925925926
0 0.5809895833333333 0.9277199074074074 0.05260416666666666 0.08981481481481482
0 0.6197916666666667 0.7056712962962963 0.03645833333333333 0.06759259259259259
0 0.36588541666666663 0.6748263888888889 0.028645833333333332 0.05277777777777778
0 0.5083333333333333 0.5029513888888889 0.03229166666666666 0.05277777777777778
0 0.5919270833333333 0.47928240740740746 0.027604166666666662 0.03981481481481482
0 0.4424479166666667 0.43240740740740746 0.02239583333333333 0.03981481481481482
0 0.303125 0.6457175925925925 0.03125 0.06018518518518519
0 0.34765625 0.6054976851851852 0.0203125 0.045370370370370366
0 0.2674479166666667 0.5603587962962963 0.04427083333333333 0.06759259259259259
0 0.26458333333333334 0.4683449074074074 0.035416666666666666 0.03981481481481482