0 0.7377604166666667 0.4214699074074074 0.028645833333333332 0.03981481481481482
0 0.72578125 0.5611111111111111 0.0359375 0.04722222222222222
3 0.11223958333333332 0.5659143518518518 0.08385416666666666 0.07870370370370369
3 0.35494791666666664 0.7941550925925925 0.05364583333333332 0.06018518518518519
0 0.07630208333333333 0.880150462962963 0.05260416666666666 0.07592592592592592
0 0.37734375 0.8604166666666666 0.0390625 0.05833333333333333
0 0.5885416666666667 0.921875 0.03958333333333333 0.05
0 0.5309895833333333 0.7456018518518518 0.03072916666666666 0.0537037037037037
0 0.60078125 0.7304976851851852 0.0421875 0.07037037037037037
0 0.6841145833333333 0.7201388888888889 0.03697916666666666 0.05277777777777778
0 0.6677083333333333 0.6856481481481482 0.035416666666666666 0.046296296296296294
0 0.84375 0.6407407407407407 0.034375 0.05648148148148148
0 0.60625 0.5503472222222222 0.028125 0.04444444444444444
0 0.7986979166666667 0.44288194444444445 0.028645833333333332 0.03888888888888888
0 0.21067708333333335 0.6886574074074074 0.033854166666666664 0.03981481481481482
0 0.25625 0.5814814814814815 0.028125 0.03796296296296296
0 0.4143229166666667 0.25416666666666665 0.028645833333333332 0.03333333333333333
0 0.5830729166666667 0.34519675925925924 0.025520833333333333 0.04351851851851852
0 0.6096354166666667 0.2983796296296296 0.025520833333333333 0.03425925925925925