3 0.04895833333333333 0.5141975308641975 0.06666666666666667 0.12839506172839504
3 0.8668402777777778 0.731712962962963 0.08055555555555555 0.1259259259259259
3 0.7748263888888889 0.8762924382716049 0.07777777777777777 0.14320987654320988
0 0.49392361111111105 0.402662037037037 0.04722222222222222 0.07407407407407407
0 0.5350694444444445 0.33186728395061726 0.05138888888888889 0.10123456790123457
0 0.48298611111111106 0.20941358024691356 0.04722222222222222 0.09382716049382715
0 0.837673611111111 0.050366512345679015 0.05972222222222222 0.09135802469135802
0 0.9291666666666666 0.325366512345679 0.05833333333333333 0.09135802469135802
0 0.2140625 0.8916666666666666 0.075 0.13333333333333333
0 0.24635416666666665 0.6442901234567902 0.07083333333333333 0.11358024691358024
0 0.49809027777777776 0.6366319444444445 0.05555555555555556 0.08888888888888888
0 0.4970486111111111 0.7234760802469136 0.05972222222222222 0.09382716049382715
0 0.6152777777777778 0.8002893518518519 0.05555555555555556 0.1037037037037037
2 0.3267361111111111 0.7103780864197531 0.034722222222222224 0.03950617283950617