0 0.8862574658703071 0.315625 0.06313993174061434 0.06875
0 0.9233255119453926 0.36354166666666665 0.05290102389078498 0.06458333333333333
0 0.8327111774744027 0.26875 0.07167235494880546 0.0875
0 0.7751759812286689 0.1828125 0.059726962457337884 0.1
0 0.6744773890784983 0.8796875 0.08020477815699659 0.09375
0 0.8594283276450512 0.9109375 0.0938566552901024 0.1125
0 0.9415315699658702 0.9296875 0.09556313993174062 0.11875
0 0.9565806313993175 0.7703125 0.08191126279863481 0.125
0 0.9717630119453926 0.6369791666666667 0.05290102389078498 0.11458333333333333
0 0.9694805887372013 0.528125 0.03583617747440273 0.08125
0 0.9156676621160409 0.4729166666666667 0.07508532423208192 0.10833333333333332
0 0.7691019624573379 0.5182291666666667 0.11945392491467577 0.13958333333333334
0 0.562542662116041 0.7416666666666667 0.07508532423208192 0.09583333333333333
0 0.5950671928327644 0.653125 0.06825938566552901 0.09375
0 0.7672408276450512 0.4005208333333333 0.0938566552901024 0.11041666666666665
0 0.5070019197952218 0.1453125 0.0733788395904437 0.09375
0 0.4645157849829351 0.2171875 0.04778156996587031 0.10625
0 0.5246107081911263 0.4145833333333333 0.06484641638225255 0.10416666666666666
0 0.4585537542662116 0.38541666666666663 0.05460750853242321 0.08333333333333333
0 0.3491787542662116 0.6401041666666667 0.05460750853242321 0.07083333333333333
0 0.3697898890784983 0.7276041666666667 0.08020477815699659 0.10208333333333333
0 0.9592736774744027 0.09583333333333333 0.07167235494880546 0.07916666666666666
0 0.8667982081911262 0.11197916666666666 0.06484641638225255 0.07708333333333332
0 0.8996107081911262 0.1640625 0.06484641638225255 0.08125