0 0.15329861111111112 0.18649691358024692 0.10972222222222221 0.16049382716049382
0 0.789236111111111 0.11311728395061729 0.07222222222222222 0.10123456790123457
0 0.7975694444444444 0.2899305555555555 0.05138888888888889 0.11111111111111112
0 0.6107638888888889 0.44355709876543215 0.07777777777777777 0.1308641975308642
0 0.14322916666666666 0.5205246913580247 0.09583333333333333 0.11604938271604937
3 0.09947916666666666 0.4837577160493828 0.04583333333333333 0.09876543209876543
0 0.25069444444444444 0.6703703703703704 0.08888888888888888 0.14074074074074075
0 0.2982638888888889 0.5247106481481482 0.07777777777777777 0.0962962962962963
3 0.9413194444444445 0.4021026234567901 0.11388888888888889 0.11358024691358024
3 0.5621527777777777 0.7548418209876543 0.09305555555555554 0.17530864197530863
3 0.4178819444444445 0.5280671296296295 0.05138888888888889 0.059259259259259255
1 0.33871527777777777 0.5624614197530864 0.09305555555555554 0.10617283950617282
1 0.3359375 0.8171103395061727 0.075 0.21234567901234563