0 0.5560763888888889 0.23275462962962962 0.02777777777777778 0.059259259259259255
0 0.5159722222222223 0.2990354938271605 0.03194444444444444 0.05432098765432099
0 0.5256944444444445 0.33784722222222224 0.03888888888888888 0.04444444444444444
0 0.25052083333333336 0.11778549382716048 0.041666666666666664 0.05432098765432099
0 0.23888888888888887 0.20709876543209876 0.04027777777777777 0.06419753086419752
0 0.2769097222222222 0.18078703703703702 0.04444444444444444 0.07407407407407407
0 0.8407986111111111 0.4736304012345679 0.04722222222222222 0.0691358024691358
0 0.4652777777777778 0.2654899691358025 0.043055555555555555 0.07160493827160494
3 0.06597222222222222 0.6708526234567901 0.10694444444444444 0.11358024691358024
0 0.05277777777777777 0.5290895061728395 0.09305555555555554 0.14567901234567898
0 0.3842013888888889 0.43115354938271605 0.10277777777777777 0.16543209876543208
3 0.29010416666666666 0.6115547839506172 0.07083333333333333 0.10123456790123457
0 0.40295138888888893 0.905420524691358 0.11527777777777777 0.18271604938271604
0 0.16944444444444445 0.6767939814814815 0.11388888888888889 0.16296296296296295
1 0.7105902777777777 0.4702739197530864 0.06805555555555555 0.10617283950617282
1 0.931423611111111 0.9645833333333333 0.13472222222222222 0.06666666666666667
1 0.9510416666666666 0.775733024691358 0.09583333333333333 0.18271604938271604
0 0.34600694444444446 0.5747492283950617 0.11388888888888889 0.19012345679012346