1 0.084375 0.6315393518518518 0.075 0.1037037037037037
3 0.2185763888888889 0.3400655864197531 0.04027777777777777 0.03950617283950617
3 0.1203125 0.2736304012345679 0.05 0.0691358024691358
0 0.7340277777777777 0.22469135802469137 0.03055555555555555 0.04938271604938271
0 0.6164930555555556 0.1896604938271605 0.04861111111111111 0.05432098765432099
0 0.6236111111111111 0.3994598765432099 0.034722222222222224 0.08641975308641975
0 0.6803819444444444 0.7350694444444444 0.06388888888888888 0.08888888888888888
0 0.2725694444444445 0.6090856481481481 0.07638888888888888 0.0962962962962963
0 0.11128472222222223 0.8054783950617284 0.11944444444444444 0.12345679012345678
0 0.21927083333333336 0.48227237654320987 0.06666666666666667 0.08641975308641975
3 0.5751736111111111 0.43096064814814816 0.034722222222222224 0.0962962962962963
3 0.4520833333333333 0.19575617283950617 0.041666666666666664 0.07901234567901234
0 0.7836805555555555 0.20553626543209877 0.03611111111111111 0.06419753086419752
0 0.6583333333333333 0.13933256172839506 0.029166666666666664 0.05679012345679012