0 0.1795138888888889 0.5514274691358024 0.04027777777777777 0.07160493827160494
0 0.4265625 0.4315200617283951 0.0375 0.05679012345679012
3 0.4671875 0.5815200617283951 0.0375 0.05679012345679012
0 0.5493055555555555 0.6249421296296296 0.03611111111111111 0.059259259259259255
0 0.46267361111111105 0.6539737654320987 0.034722222222222224 0.06419753086419752
0 0.49496527777777777 0.7533179012345679 0.043055555555555555 0.0691358024691358
3 0.6201388888888889 0.8907407407407406 0.04027777777777777 0.08148148148148147
3 0.6390625 0.8389274691358025 0.0375 0.07160493827160494
3 0.6397569444444444 0.947241512345679 0.03888888888888888 0.09135802469135802
3 0.5267361111111111 0.7943479938271605 0.04722222222222222 0.05432098765432099
0 0.6802083333333333 0.7502893518518519 0.05416666666666666 0.1037037037037037
0 0.5555555555555556 0.23391203703703703 0.04861111111111111 0.07407407407407407
0 0.8467013888888889 0.3974151234567901 0.06527777777777778 0.11358024691358024
0 0.8642361111111111 0.6136188271604939 0.07222222222222222 0.12098765432098765