1 0.1486111111111111 0.7983024691358025 0.1222222222222222 0.2716049382716049
0 0.3833333333333333 0.8145447530864198 0.10416666666666666 0.1728395061728395
0 0.9109375 0.8704089506172838 0.125 0.2345679012345679
0 0.8194444444444444 0.5056520061728395 0.07638888888888888 0.14567901234567898
0 0.943576388888889 0.24675925925925926 0.06527777777777778 0.11851851851851851
0 0.7947916666666667 0.11493055555555556 0.05833333333333333 0.11111111111111112
0 0.6493055555555556 0.5345871913580247 0.08611111111111111 0.11604938271604937
3 0.6581597222222222 0.44048996913580246 0.06944444444444445 0.07160493827160494
0 0.28402777777777777 0.363695987654321 0.08055555555555555 0.10864197530864197
0 0.30399305555555556 0.09542824074074074 0.03611111111111111 0.08148148148148147
0 0.2833333333333333 0.19427083333333334 0.05416666666666666 0.06666666666666667
0 0.23125 0.19994212962962962 0.05 0.059259259259259255
0 0.6071180555555555 0.3418981481481481 0.04861111111111111 0.0962962962962963
0 0.5673611111111111 0.2728973765432099 0.05972222222222222 0.08641975308641975
0 0.5144097222222223 0.21145833333333336 0.05694444444444444 0.06666666666666667