1 0.9654513888888889 0.556616512345679 0.06527777777777778 0.09135802469135802
0 0.33090277777777777 0.5663966049382716 0.043055555555555555 0.0765432098765432
0 0.28802083333333334 0.4427083333333333 0.041666666666666664 0.06666666666666667
0 0.29131944444444446 0.3839891975308642 0.03888888888888888 0.06172839506172839
0 0.34930555555555554 0.22173996913580246 0.03611111111111111 0.07160493827160494
0 0.5321180555555556 0.08325617283950618 0.04861111111111111 0.07901234567901234
3 0.6222222222222222 0.06944444444444445 0.05694444444444444 0.08888888888888888
0 0.673611111111111 0.11977237654320987 0.04722222222222222 0.08641975308641975
0 0.882638888888889 0.552758487654321 0.07777777777777777 0.10864197530864197
0 0.5689236111111111 0.6148533950617284 0.05972222222222222 0.12345679012345678
0 0.45173611111111106 0.9497106481481481 0.05972222222222222 0.0962962962962963
0 0.784375 0.8911072530864198 0.0875 0.1728395061728395
3 0.6055555555555555 0.5379436728395062 0.04861111111111111 0.07901234567901234
3 0.6416666666666667 0.521412037037037 0.04583333333333333 0.07407407407407407
0 0.3232638888888889 0.7959297839506172 0.06527777777777778 0.10123456790123457
0 0.25069444444444444 0.9123070987654321 0.07638888888888888 0.1308641975308642
0 0.773611111111111 0.3835841049382716 0.04722222222222222 0.0765432098765432
3 0.80625 0.21550925925925926 0.05 0.11851851851851851