3 0.21631944444444445 0.5457561728395062 0.06388888888888888 0.07901234567901234
0 0.2109375 0.38778935185185187 0.075 0.1037037037037037
0 0.1404513888888889 0.37800925925925927 0.09027777777777776 0.11851851851851851
0 0.10763888888888888 0.2460841049382716 0.05277777777777778 0.0765432098765432
0 0.38229166666666664 0.24157021604938272 0.04583333333333333 0.09876543209876543
0 0.3486111111111111 0.21410108024691357 0.04722222222222222 0.09382716049382715
0 0.6102430555555556 0.5642746913580247 0.0611111111111111 0.11604938271604937
0 0.8770833333333334 0.43244598765432096 0.06666666666666667 0.10864197530864197
0 0.5116319444444445 0.8931712962962963 0.10138888888888889 0.1925925925925926
1 0.6109375 0.8579668209876543 0.0875 0.17530864197530863
1 0.33663194444444444 0.5701967592592593 0.07638888888888888 0.11851851851851851
0 0.41736111111111107 0.4533371913580247 0.04722222222222222 0.11604938271604937