0 0.8418402777777778 0.5642554012345679 0.14305555555555555 0.2691358024691358
0 0.531423611111111 0.8684413580246912 0.13472222222222222 0.24938271604938272
3 0.48888888888888893 0.6131172839506173 0.07777777777777777 0.10123456790123457
3 0.9760416666666666 0.9541473765432098 0.04583333333333333 0.08641975308641975
3 0.42430555555555555 0.5164737654320988 0.0611111111111111 0.06419753086419752
3 0.30746527777777777 0.5992862654320987 0.043055555555555555 0.06419753086419752
0 0.25364583333333335 0.7746334876543209 0.05416666666666666 0.10864197530864197
0 0.1326388888888889 0.7870563271604938 0.07777777777777777 0.12098765432098765
0 0.14600694444444445 0.6360532407407408 0.05138888888888889 0.08148148148148147
0 0.5550347222222223 0.32158564814814816 0.05694444444444444 0.0962962962962963
0 0.6315972222222223 0.2054591049382716 0.04444444444444444 0.0765432098765432