0 0.7546875 0.10802469135802469 0.075 0.11604938271604937
0 0.7164930555555555 0.18393132716049382 0.0736111111111111 0.12098765432098765
0 0.6680555555555555 0.11657021604938271 0.0736111111111111 0.09876543209876543
0 0.6071180555555555 0.11591435185185187 0.0611111111111111 0.1037037037037037
0 0.5196180555555555 0.1164158950617284 0.0736111111111111 0.12345679012345678
3 0.45538194444444446 0.8372299382716049 0.07638888888888888 0.14320987654320988
1 0.8977430555555556 0.262866512345679 0.14861111111111108 0.09135802469135802
1 0.9395833333333334 0.3948881172839506 0.11666666666666665 0.16790123456790124
1 0.7222222222222222 0.32150848765432094 0.09444444444444444 0.10864197530864197
0 0.02795138888888889 0.47885802469135796 0.05277777777777778 0.18271604938271604
0 0.06684027777777778 0.7300925925925925 0.13055555555555556 0.18518518518518517
0 0.2411458333333333 0.6582175925925926 0.11666666666666665 0.18518518518518517
0 0.5029513888888889 0.943383487654321 0.12777777777777777 0.10864197530864197