1 0.16024305555555557 0.6505787037037036 0.2361111111111111 0.40740740740740733
2 0.17274305555555552 0.27598379629629627 0.1361111111111111 0.1925925925925926
2 0.39079861111111114 0.1322145061728395 0.1222222222222222 0.14567901234567898
1 0.934375 0.12490354938271604 0.0875 0.16543209876543208
1 0.9493055555555555 0.26948302469135804 0.09861111111111111 0.18271604938271604
2 0.8300347222222222 0.17982253086419753 0.14444444444444443 0.12839506172839504
2 0.9206597222222221 0.43196373456790127 0.15694444444444444 0.3358024691358025
2 0.767361111111111 0.29203317901234566 0.19722222222222222 0.22469135802469134
2 0.5982638888888889 0.2003858024691358 0.14027777777777778 0.1382716049382716
1 0.5557291666666667 0.11265432098765431 0.10833333333333332 0.17530864197530863
1 0.4291666666666667 0.3196952160493827 0.09583333333333333 0.29876543209876544
1 0.6133680555555555 0.3431134259259259 0.27361111111111114 0.2518518518518518
1 0.8404513888888889 0.6125 0.2777777777777778 0.4
2 0.6605902777777778 0.5717785493827161 0.23055555555555554 0.16543209876543208
0 0.9029513888888889 0.8285108024691358 0.19027777777777777 0.3382716049382716
1 0.6421875 0.7943287037037037 0.4375 0.40740740740740733
1 0.29010416666666666 0.8411651234567902 0.3458333333333333 0.3135802469135802