1 0.3555555555555555 0.6709876543209876 0.08611111111111111 0.2419753086419753
1 0.5081597222222223 0.46371527777777777 0.14444444444444443 0.15555555555555553
2 0.7322916666666667 0.4265239197530864 0.05833333333333333 0.10617283950617282
1 0.17638888888888887 0.718576388888889 0.06527777777777778 0.17777777777777776
1 0.24461805555555555 0.7392168209876543 0.04861111111111111 0.17530864197530863
1 0.26041666666666663 0.9582561728395061 0.15833333333333333 0.07901234567901234
1 0.36597222222222225 0.8200231481481481 0.19444444444444445 0.2962962962962963
1 0.38003472222222223 0.9044945987654321 0.11944444444444444 0.1308641975308642
0 0.5222222222222223 0.960474537037037 0.09444444444444444 0.07407407407407407
0 0.4409722222222222 0.9668016975308642 0.09444444444444444 0.06172839506172839
0 0.4791666666666667 0.8247685185185185 0.12083333333333332 0.23703703703703702
0 0.6019097222222223 0.8671103395061728 0.11944444444444444 0.21234567901234563
2 0.693576388888889 0.9370563271604938 0.14027777777777778 0.12098765432098765
1 0.6008680555555556 0.644309413580247 0.1361111111111111 0.36049382716049383
0 0.5574652777777778 0.6375771604938272 0.09305555555555554 0.1876543209876543
1 0.3567708333333333 0.5167631172839506 0.12916666666666665 0.16790123456790124
1 0.46284722222222224 0.5456404320987654 0.13194444444444445 0.19753086419753085
0 0.4288194444444445 0.5595871913580247 0.06388888888888888 0.11604938271604937
1 0.39618055555555554 0.31925154320987653 0.11111111111111112 0.21975308641975308
1 0.4697916666666667 0.2011574074074074 0.09583333333333333 0.2148148148148148
0 0.7060763888888889 0.5634837962962963 0.10277777777777777 0.1925925925925926
0 0.728298611111111 0.7563464506172839 0.1472222222222222 0.2345679012345679
0 0.6147569444444445 0.44463734567901236 0.10138888888888889 0.1580246913580247
0 0.5074652777777777 0.3753858024691358 0.09305555555555554 0.1382716049382716
1 0.6387152777777778 0.3539351851851852 0.21805555555555553 0.17037037037037037
2 0.6815972222222222 0.25869984567901233 0.13194444444444445 0.1580246913580247
1 0.7965277777777777 0.29942129629629627 0.23055555555555554 0.1925925925925926
1 0.35416666666666663 0.25071373456790125 0.07083333333333333 0.13580246913580246
1 0.32569444444444445 0.11172839506172841 0.06388888888888888 0.12345679012345678
0 0.5592013888888889 0.19272762345679012 0.06527777777777778 0.11358024691358024
1 0.63125 0.12598379629629627 0.2875 0.1925925925925926