3 0.8994791666666666 0.5926311728395062 0.07083333333333333 0.07901234567901234
3 0.6598958333333333 0.8432098765432098 0.06666666666666667 0.08641975308641975
3 0.5258680555555555 0.9582561728395061 0.0736111111111111 0.07901234567901234
0 0.7215277777777778 0.06138117283950617 0.043055555555555555 0.07901234567901234
0 0.8081597222222221 0.36581790123456787 0.05694444444444444 0.0691358024691358
0 0.05972222222222222 0.20538194444444446 0.05694444444444444 0.08888888888888888
0 0.3888888888888889 0.47897376543209874 0.04027777777777777 0.06419753086419752
0 0.4371527777777778 0.4327546296296296 0.043055555555555555 0.059259259259259255
0 0.5038194444444445 0.5416473765432099 0.03888888888888888 0.08641975308641975
0 0.434375 0.6391010802469136 0.05 0.09382716049382715
0 0.6050347222222222 0.41541280864197533 0.04444444444444444 0.08395061728395062
0 0.7053819444444445 0.5178819444444445 0.05138888888888889 0.08888888888888888
0 0.7378472222222222 0.7094135802469136 0.05694444444444444 0.09382716049382715