0 0.13385416666666666 0.5782407407407407 0.04583333333333333 0.08148148148148147
3 0.06701388888888889 0.6242862654320988 0.06527777777777778 0.06419753086419752
0 0.14722222222222223 0.38481867283950616 0.05694444444444444 0.07901234567901234
0 0.27152777777777776 0.6655864197530864 0.06805555555555555 0.10617283950617282
3 0.39305555555555555 0.1955054012345679 0.04861111111111111 0.0691358024691358
0 0.35173611111111114 0.28695987654320987 0.04722222222222222 0.08641975308641975
3 0.6064236111111111 0.20374228395061728 0.05972222222222222 0.10123456790123457
3 0.5196180555555555 0.6141010802469136 0.0611111111111111 0.09382716049382715
3 0.638888888888889 0.8143518518518519 0.09027777777777776 0.1037037037037037
3 0.5743055555555555 0.9312885802469136 0.0611111111111111 0.09382716049382715
0 0.2935763888888889 0.34772376543209876 0.05277777777777778 0.06419753086419752