3 0.9717013888888889 0.7612268518518518 0.05277777777777778 0.1037037037037037
0 0.051041666666666666 0.21032021604938272 0.07083333333333333 0.09876543209876543
0 0.5145833333333333 0.3106674382716049 0.09166666666666666 0.14320987654320988
0 0.6222222222222222 0.5923225308641975 0.05694444444444444 0.12839506172839504
0 0.35277777777777775 0.759837962962963 0.06805555555555555 0.1259259259259259
0 0.18715277777777778 0.7191358024691358 0.09305555555555554 0.1382716049382716
3 0.560763888888889 0.26221064814814815 0.06527777777777778 0.0962962962962963
3 0.39045138888888886 0.1951003086419753 0.06527777777777778 0.08395061728395062
3 0.4083333333333333 0.2827739197530864 0.06666666666666667 0.10617283950617282
3 0.11631944444444445 0.31319444444444444 0.06388888888888888 0.08888888888888888
3 0.32569444444444445 0.9563657407407407 0.06388888888888888 0.08148148148148147
3 0.8322916666666667 0.6349151234567901 0.08333333333333333 0.11358024691358024
3 0.7604166666666667 0.8567901234567902 0.07083333333333333 0.11358024691358024
1 0.6880208333333333 0.7955632716049383 0.09166666666666666 0.20987654320987653