3 0.7348958333333333 0.836400462962963 0.09166666666666666 0.1259259259259259
3 0.9055555555555556 0.6366319444444445 0.09861111111111111 0.08888888888888888
3 0.7564236111111111 0.6063657407407408 0.07222222222222222 0.08148148148148147
0 0.15034722222222224 0.15972222222222224 0.03194444444444444 0.04444444444444444
0 0.37864583333333335 0.4343171296296296 0.041666666666666664 0.059259259259259255
0 0.30885416666666665 0.9478202160493827 0.12083333333333332 0.09876543209876543
0 0.5743055555555555 0.619849537037037 0.04861111111111111 0.07407407407407407
0 0.6338541666666667 0.4684606481481482 0.05833333333333333 0.0962962962962963
0 0.058159722222222224 0.5520833333333333 0.06944444444444445 0.06666666666666667
0 0.3350694444444445 0.5134452160493828 0.06388888888888888 0.09876543209876543
0 0.2704861111111111 0.6721643518518519 0.07222222222222222 0.1037037037037037
1 0.8805555555555555 0.6944444444444444 0.0611111111111111 0.08888888888888888
1 0.702951388888889 0.7512731481481482 0.06527777777777778 0.0962962962962963
1 0.6515625 0.6659143518518518 0.0375 0.1037037037037037
1 0.26493055555555556 0.4150655864197531 0.0611111111111111 0.03950617283950617
1 0.1467013888888889 0.6585841049382716 0.11527777777777777 0.0765432098765432
1 0.15416666666666665 0.5005979938271605 0.07083333333333333 0.05432098765432099