1 0.6125 0.7685378086419753 0.0875 0.08395061728395062
1 0.6378472222222222 0.5942901234567901 0.11944444444444444 0.11358024691358024
1 0.7605902777777778 0.5788966049382716 0.09305555555555554 0.0765432098765432
1 0.8388888888888889 0.7315393518518518 0.09027777777777776 0.1037037037037037
1 0.553125 0.547337962962963 0.1125 0.1259259259259259
0 0.11006944444444444 0.454224537037037 0.06388888888888888 0.07407407407407407
0 0.2421875 0.3453510802469136 0.05 0.09382716049382715
0 0.6859375 0.27949459876543215 0.075 0.1308641975308642
0 0.4756944444444445 0.32677469135802467 0.06388888888888888 0.11604938271604937
0 0.48888888888888893 0.12388117283950617 0.04027777777777777 0.07901234567901234
0 0.38836805555555554 0.13917824074074076 0.04861111111111111 0.08148148148148147
0 0.27361111111111114 0.18794367283950617 0.05972222222222222 0.07901234567901234
0 0.3736111111111111 0.046662808641975306 0.04722222222222222 0.08395061728395062
0 0.9430555555555555 0.6395447530864198 0.11111111111111112 0.1728395061728395