0 0.14114583333333333 0.6029706790123457 0.14166666666666666 0.22469135802469134
2 0.9654513888888889 0.30943287037037037 0.06527777777777778 0.14074074074074075
2 0.959201388888889 0.43894675925925924 0.07777777777777777 0.11851851851851851
2 0.945138888888889 0.14124228395061728 0.07777777777777777 0.10123456790123457
1 0.9199652777777778 0.2499614197530864 0.14305555555555555 0.10617283950617282
1 0.8614583333333334 0.11782407407407407 0.10416666666666666 0.14814814814814814
2 0.8487847222222221 0.20827546296296298 0.04444444444444444 0.1259259259259259
2 0.818576388888889 0.26682098765432094 0.05277777777777778 0.10864197530864197
1 0.9003472222222222 0.40121527777777777 0.06944444444444445 0.15555555555555553
1 0.9244791666666666 0.6054398148148148 0.14583333333333331 0.22962962962962963
2 0.6527777777777778 0.09955632716049383 0.08055555555555555 0.12098765432098765
1 0.7222222222222222 0.2722608024691358 0.13194444444444445 0.1382716049382716
2 0.7557291666666667 0.3570216049382716 0.09583333333333333 0.0765432098765432
2 0.6425347222222222 0.28730709876543215 0.06944444444444445 0.1308641975308642
2 0.578125 0.37702546296296297 0.1 0.1259259259259259
0 0.6357638888888889 0.20364583333333336 0.06527777777777778 0.06666666666666667
0 0.5673611111111111 0.1378858024691358 0.08472222222222223 0.1382716049382716
2 0.275 0.19947916666666665 0.1 0.13333333333333333
0 0.8215277777777779 0.45065586419753084 0.09305555555555554 0.1950617283950617
0 0.728125 0.47885802469135796 0.1 0.18271604938271604
0 0.6777777777777778 0.4091820987654321 0.08055555555555555 0.1308641975308642
1 0.7446180555555555 0.6104938271604938 0.0611111111111111 0.12098765432098765
0 0.7875 0.731346450617284 0.1375 0.2345679012345679
2 0.679513888888889 0.786033950617284 0.12777777777777777 0.2345679012345679
1 0.6149305555555555 0.5871527777777777 0.04861111111111111 0.15555555555555553
2 0.6380208333333333 0.5439814814814815 0.11666666666666665 0.16296296296296295
2 0.5409722222222222 0.5624807098765432 0.09444444444444444 0.1530864197530864
2 0.5987847222222222 0.7285493827160494 0.05694444444444444 0.23209876543209873
2 0.49774305555555554 0.4603395061728395 0.09861111111111111 0.14567901234567898
2 0.41527777777777775 0.5267168209876543 0.10555555555555556 0.17530864197530863
2 0.3576388888888889 0.6368248456790123 0.11527777777777777 0.1580246913580247
0 0.5378472222222223 0.7131751543209877 0.11944444444444444 0.2419753086419753
0 0.44409722222222225 0.8241126543209877 0.13194444444444445 0.2419753086419753
0 0.39947916666666666 0.9645833333333333 0.12083333333333332 0.06666666666666667
2 0.35138888888888886 0.8734567901234568 0.10277777777777777 0.24691358024691357
2 0.28836805555555556 0.7936921296296295 0.1361111111111111 0.25925925925925924
2 0.18888888888888888 0.6190007716049383 0.06527777777777778 0.20987654320987653
1 0.12777777777777777 0.4807098765432099 0.14305555555555555 0.08641975308641975
1 0.17586805555555557 0.8560378086419753 0.09861111111111111 0.2839506172839506
1 0.10052083333333332 0.8838927469135802 0.09166666666666666 0.22716049382716047