1 0.5305555555555556 0.1896026234567901 0.04861111111111111 0.11358024691358024
0 0.23038194444444446 0.15729166666666666 0.07638888888888888 0.13333333333333333
0 0.3121527777777778 0.3070216049382716 0.043055555555555555 0.0765432098765432
0 0.40798611111111105 0.13630401234567902 0.05972222222222222 0.09135802469135802
0 0.38697916666666665 0.4150462962962963 0.09583333333333333 0.1925925925925926
0 0.3546875 0.6304976851851852 0.0875 0.17037037037037037
0 0.22760416666666666 0.8383101851851851 0.10833333333333332 0.17037037037037037
1 0.40121527777777777 0.6565779320987655 0.11805555555555555 0.19753086419753085
1 0.31805555555555554 0.9262924382716049 0.09861111111111111 0.14320987654320988
1 0.8196180555555556 0.11041666666666665 0.09861111111111111 0.13333333333333333
1 0.5234375 0.5552276234567901 0.0625 0.11358024691358024
1 0.5116319444444445 0.40852623456790127 0.07638888888888888 0.13580246913580246
1 0.5126736111111111 0.3531057098765432 0.08472222222222223 0.1530864197530864