1 0.4057291666666667 0.3184799382716049 0.09583333333333333 0.14320987654320988
3 0.17222222222222222 0.17924382716049383 0.08194444444444444 0.12098765432098765
3 0.5175347222222222 0.2539158950617284 0.08194444444444444 0.12345679012345678
3 0.5727430555555555 0.6292631172839507 0.09861111111111111 0.16790123456790124
3 0.6975694444444445 0.48209876543209873 0.05138888888888889 0.06419753086419752
0 0.41961805555555554 0.8303626543209877 0.1361111111111111 0.2419753086419753
1 0.6182291666666667 0.9158564814814815 0.08333333333333333 0.16296296296296295
1 0.7196180555555556 0.7513888888888889 0.09861111111111111 0.17777777777777776
3 0.6479166666666667 0.7452932098765432 0.09583333333333333 0.1530864197530864
0 0.603298611111111 0.36469907407407404 0.07222222222222222 0.14814814814814814
0 0.734375 0.360474537037037 0.0625 0.07407407407407407