0 0.08576388888888889 0.05734953703703703 0.05277777777777778 0.07407407407407407
0 0.06302083333333333 0.3224922839506173 0.06666666666666667 0.10123456790123457
0 0.12256944444444444 0.5777584876543209 0.07638888888888888 0.10864197530864197
0 0.03802083333333333 0.5951003086419753 0.05416666666666666 0.08395061728395062
0 0.12482638888888889 0.8007137345679013 0.09027777777777776 0.13580246913580246
0 0.0765625 0.8936342592592592 0.0875 0.11851851851851851
0 0.21944444444444447 0.9028356481481481 0.05138888888888889 0.0962962962962963
0 0.19305555555555556 0.7291473765432099 0.04861111111111111 0.08641975308641975
0 0.2795138888888889 0.6400848765432099 0.05277777777777778 0.08641975308641975
0 0.3416666666666667 0.4612075617283951 0.03333333333333333 0.05679012345679012
0 0.4015625 0.43628472222222225 0.025 0.04444444444444444
0 0.42517361111111107 0.4266589506172839 0.02222222222222222 0.0345679012345679
0 0.4635416666666667 0.45478395061728394 0.020833333333333332 0.0345679012345679
0 0.48263888888888895 0.4956597222222222 0.02777777777777778 0.04444444444444444
0 0.44704861111111105 0.6153356481481482 0.04722222222222222 0.0962962962962963
0 0.4769097222222222 0.6859760802469136 0.04444444444444444 0.09382716049382715
0 0.6548611111111111 0.6632716049382716 0.034722222222222224 0.0765432098765432
0 0.673611111111111 0.6264274691358025 0.034722222222222224 0.07160493827160494
0 0.7559027777777778 0.9435378086419753 0.043055555555555555 0.08395061728395062