1 0.3008680555555555 0.8561342592592591 0.1611111111111111 0.11851851851851851
1 0.20868055555555554 0.9244020061728395 0.0611111111111111 0.14567901234567898
0 0.08194444444444444 0.484837962962963 0.05138888888888889 0.1259259259259259
0 0.5572916666666667 0.14747299382716048 0.03333333333333333 0.05432098765432099
0 0.47847222222222224 0.16022376543209876 0.04444444444444444 0.06419753086419752
0 0.49027777777777776 0.22750771604938272 0.043055555555555555 0.09876543209876543
0 0.2821180555555555 0.316820987654321 0.0736111111111111 0.10864197530864197
0 0.48298611111111106 0.42299382716049383 0.07222222222222222 0.12098765432098765
0 0.659375 0.21064814814814814 0.0625 0.0962962962962963
0 0.5125 0.5939621913580246 0.0625 0.11604938271604937
0 0.4270833333333333 0.6720871913580246 0.06666666666666667 0.11604938271604937
0 0.6803819444444444 0.9026234567901235 0.10138888888888889 0.18024691358024691