3 0.19149305555555557 0.884008487654321 0.08611111111111111 0.10864197530864197
0 0.32291666666666663 0.32816358024691356 0.07083333333333333 0.09382716049382715
0 0.47378472222222223 0.5120563271604939 0.06944444444444445 0.12098765432098765
0 0.47847222222222224 0.6838541666666667 0.06944444444444445 0.13333333333333333
0 0.5460069444444444 0.6414930555555556 0.06388888888888888 0.11111111111111112
0 0.6911458333333333 0.762403549382716 0.09166666666666666 0.16543209876543208
0 0.4522569444444445 0.8809027777777778 0.10138888888888889 0.15555555555555553
0 0.35868055555555556 0.9478202160493827 0.09861111111111111 0.09876543209876543
0 0.34930555555555554 0.8328703703703704 0.08611111111111111 0.14074074074074075
0 0.25538194444444445 0.8002314814814815 0.08888888888888888 0.16296296296296295
0 0.14027777777777778 0.729591049382716 0.10555555555555556 0.16543209876543208