2 0.7258680555555556 0.12418981481481481 0.02361111111111111 0.029629629629629627
1 0.8138888888888889 0.33794367283950616 0.06527777777777778 0.07901234567901234
0 0.3861111111111111 0.08292824074074075 0.05972222222222222 0.08148148148148147
0 0.7668402777777777 0.23194444444444445 0.06805555555555555 0.08888888888888888
0 0.2748263888888889 0.4825231481481482 0.04027777777777777 0.0962962962962963
0 0.38958333333333334 0.9351658950617283 0.09166666666666666 0.12345679012345678
3 0.572048611111111 0.7743441358024692 0.10972222222222221 0.20493827160493824
3 0.5597222222222222 0.15949074074074074 0.08194444444444444 0.08148148148148147
1 0.6597222222222222 0.4190393518518518 0.09444444444444444 0.1037037037037037
1 0.6420138888888889 0.08096064814814814 0.02777777777777778 0.0962962962962963
1 0.09982638888888888 0.48705632716049385 0.02777777777777778 0.12098765432098765