1 0.710763888888889 0.8254243827160493 0.05277777777777778 0.23209876543209873
1 0.6822916666666667 0.5698688271604938 0.08333333333333333 0.12098765432098765
0 0.4552083333333333 0.1913966049382716 0.041666666666666664 0.0765432098765432
0 0.4809027777777778 0.06919367283950617 0.043055555555555555 0.07901234567901234
0 0.2125 0.26261574074074073 0.0375 0.08148148148148147
0 0.11927083333333333 0.34106867283950615 0.041666666666666664 0.07901234567901234
0 0.3206597222222222 0.10109953703703703 0.04444444444444444 0.07407407407407407
0 0.2809027777777778 0.0523341049382716 0.043055555555555555 0.0765432098765432
0 0.3862847222222222 0.23481867283950617 0.04444444444444444 0.07901234567901234
0 0.11770833333333333 0.6795717592592593 0.06666666666666667 0.11851851851851851
0 0.45954861111111106 0.4059606481481482 0.05972222222222222 0.0962962962962963
0 0.765625 0.6476658950617284 0.075 0.12345679012345678