0 0.1921875 0.5587962962962962 0.3375 0.5925925925925926
0 0.28350694444444446 0.1587577160493827 0.2263888888888889 0.29876543209876544
1 0.3194444444444445 0.2658757716049383 0.2013888888888889 0.20987654320987653
2 0.3873263888888889 0.4918016975308642 0.15277777777777776 0.2617283950617284
0 0.6067708333333333 0.11547067901234567 0.06666666666666667 0.22469135802469134
2 0.4859375 0.5378086419753086 0.1125 0.35061728395061725
2 0.670138888888889 0.6940586419753086 0.30277777777777776 0.35061728395061725
1 0.728298611111111 0.24737654320987654 0.3722222222222222 0.21975308641975308
1 0.8725694444444445 0.48599537037037044 0.2513888888888889 0.34074074074074073
1 0.9126736111111111 0.7106288580246913 0.17222222222222222 0.24938271604938272
2 0.8840277777777779 0.9006558641975309 0.23055555555555554 0.1950617283950617
1 0.7065972222222222 0.8794560185185185 0.18194444444444444 0.23703703703703702