0 0.10034722222222223 0.7292824074074075 0.16944444444444445 0.2148148148148148
2 0.4267361111111111 0.8081597222222221 0.1472222222222222 0.2444444444444444
2 0.2998263888888889 0.8502507716049383 0.09027777777777776 0.20987654320987653
2 0.20260416666666664 0.9538194444444444 0.12083333333333332 0.08888888888888888
2 0.13489583333333333 0.9009837962962963 0.11666666666666665 0.1925925925925926
2 0.06197916666666666 0.799537037037037 0.08333333333333333 0.07407407407407407
2 0.3342013888888889 0.6733410493827161 0.09027777777777776 0.16543209876543208
1 0.3324652777777778 0.5158564814814814 0.10555555555555556 0.16296296296296295
1 0.24947916666666664 0.521045524691358 0.08333333333333333 0.18271604938271604
0 0.17465277777777777 0.5767168209876543 0.10555555555555556 0.17530864197530863
0 0.1390625 0.4384645061728395 0.0875 0.14567901234567898
0 0.20833333333333334 0.4482445987654321 0.07916666666666666 0.1308641975308642
0 0.22395833333333334 0.3093557098765432 0.09166666666666666 0.1530864197530864
1 0.5847222222222223 0.7054783950617284 0.08194444444444444 0.32345679012345674
0 0.49461805555555555 0.48223379629629626 0.12361111111111109 0.1925925925925926
2 0.4848958333333333 0.5787422839506172 0.11666666666666665 0.10123456790123457
2 0.41631944444444446 0.38886959876543215 0.05138888888888889 0.1308641975308642
1 0.38541666666666663 0.4573881172839506 0.08333333333333333 0.16790123456790124
1 0.37690972222222224 0.3193672839506173 0.08194444444444444 0.10123456790123457
0 0.46232638888888894 0.31437114197530863 0.06527777777777778 0.1506172839506173
0 0.5029513888888889 0.26361882716049384 0.06527777777777778 0.12098765432098765
1 0.7045138888888889 0.4648726851851852 0.19027777777777777 0.17037037037037037
1 0.7592013888888889 0.40399305555555554 0.14027777777777778 0.11111111111111112
0 0.5493055555555555 0.36840277777777775 0.09861111111111111 0.15555555555555553
0 0.7149305555555555 0.34504243827160497 0.08611111111111111 0.14320987654320988
0 0.7890625 0.24315200617283947 0.1 0.14567901234567898
0 0.6293402777777778 0.2984182098765432 0.06805555555555555 0.1530864197530864
0 0.6850694444444445 0.22324459876543212 0.07638888888888888 0.1308641975308642
0 0.7154513888888889 0.15491898148148148 0.07777777777777777 0.16296296296296295
0 0.8770833333333334 0.12876157407407407 0.10416666666666666 0.14814814814814814
3 0.9243055555555555 0.09701003086419753 0.11111111111111112 0.12839506172839504
2 0.656423611111111 0.16550925925925924 0.05972222222222222 0.11851851851851851
2 0.6869791666666667 0.08005401234567902 0.08333333333333333 0.09135802469135802
2 0.5982638888888889 0.059162808641975304 0.09027777777777776 0.08395061728395062
2 0.5354166666666667 0.055459104938271594 0.07083333333333333 0.0765432098765432
2 0.425 0.20760030864197532 0.0875 0.08395061728395062
1 0.3876736111111111 0.08695987654320987 0.13472222222222222 0.08641975308641975
0 0.5803819444444445 0.1735918209876543 0.08888888888888888 0.17530864197530863
1 0.5151041666666667 0.15439814814814815 0.07083333333333333 0.0962962962962963