1 0.29461805555555554 0.9202932098765432 0.03611111111111111 0.1530864197530864
1 0.24583333333333335 0.5648919753086419 0.05416666666666666 0.21728395061728395
1 0.5335069444444445 0.5108217592592592 0.06388888888888888 0.11851851851851851
1 0.4432291666666667 0.37384259259259256 0.04583333333333333 0.18518518518518517
3 0.4135416666666667 0.33967978395061726 0.05833333333333333 0.10123456790123457
3 0.9444444444444444 0.7518711419753086 0.10138888888888889 0.1506172839506173
3 0.6378472222222222 0.44330632716049384 0.05694444444444444 0.12098765432098765
3 0.5118055555555555 0.27955246913580245 0.04861111111111111 0.07160493827160494
0 0.9171875 0.14959490740740738 0.1625 0.2148148148148148
0 0.5401041666666667 0.1624807098765432 0.09583333333333333 0.1530864197530864
0 0.36597222222222225 0.13391203703703702 0.04444444444444444 0.07407407407407407