0 0.3980902777777778 0.11302083333333332 0.043055555555555555 0.06666666666666667
0 0.44756944444444446 0.9242283950617283 0.05138888888888889 0.12345679012345678
0 0.587673611111111 0.9255401234567902 0.05972222222222222 0.11358024691358024
0 0.8116319444444444 0.2648533950617284 0.06388888888888888 0.12345679012345678
0 0.634375 0.41286651234567906 0.05 0.09135802469135802
0 0.5196180555555555 0.304224537037037 0.03611111111111111 0.07407407407407407
0 0.43559027777777776 0.33423996913580245 0.03055555555555555 0.07160493827160494
0 0.14722222222222223 0.2335841049382716 0.04444444444444444 0.0765432098765432
3 0.43923611111111105 0.684741512345679 0.04722222222222222 0.09135802469135802
3 0.6402777777777777 0.9217399691358026 0.043055555555555555 0.07160493827160494
3 0.9251736111111111 0.786304012345679 0.07222222222222222 0.09135802469135802
3 0.7458333333333333 0.6604938271604939 0.06666666666666667 0.12098765432098765
3 0.5404513888888889 0.722241512345679 0.05277777777777778 0.09135802469135802
3 0.35381944444444446 0.9671296296296296 0.05138888888888889 0.059259259259259255
3 0.4873263888888889 0.9372106481481481 0.04027777777777777 0.0962962962962963