1 0.6270833333333333 0.4559220679012346 0.21666666666666665 0.4024691358024691
1 0.06458333333333333 0.5078510802469136 0.10416666666666666 0.2938271604938271
1 0.09878472222222222 0.6882137345679012 0.19444444444444445 0.3358024691358025
0 0.09652777777777777 0.8217399691358025 0.16805555555555554 0.2716049382716049
1 0.2623263888888889 0.8563657407407408 0.25277777777777777 0.2814814814814815
2 0.228125 0.6754629629629629 0.1 0.1259259259259259
1 0.38159722222222225 0.7403935185185185 0.20694444444444443 0.23703703703703702
1 0.3164930555555555 0.537037037037037 0.2861111111111111 0.274074074074074
1 0.43159722222222224 0.647608024691358 0.11944444444444444 0.18271604938271604
0 0.16875 0.4143132716049383 0.125 0.20987654320987653
1 0.17760416666666665 0.2784529320987654 0.20833333333333331 0.19753086419753085
0 0.09079861111111111 0.1902006172839506 0.10972222222222221 0.16790123456790124
0 0.18038194444444444 0.1702353395061728 0.12638888888888888 0.21234567901234563
0 0.28680555555555554 0.41527777777777775 0.11111111111111112 0.15555555555555553
0 0.27222222222222225 0.2110918209876543 0.10694444444444444 0.17530864197530863
0 0.4340277777777778 0.29025848765432094 0.15555555555555553 0.30864197530864196
2 0.31527777777777777 0.13630401234567902 0.11805555555555555 0.09135802469135802
1 0.41215277777777776 0.9095293209876543 0.28055555555555556 0.17530864197530863
1 0.5805555555555555 0.7753472222222222 0.12361111111111109 0.4444444444444445
1 0.7019097222222223 0.8921103395061728 0.13194444444444445 0.21234567901234563
2 0.5105902777777778 0.6164737654320988 0.09305555555555554 0.2641975308641975
0 0.5770833333333333 0.4449845679012346 0.16666666666666666 0.20246913580246914
0 0.6440972222222222 0.19828317901234566 0.13194444444444445 0.22469135802469134
2 0.5914930555555555 0.15763888888888888 0.08611111111111111 0.17777777777777776
2 0.703298611111111 0.09184027777777777 0.09722222222222222 0.15555555555555553
0 0.7979166666666667 0.29052854938271605 0.12083333333333332 0.16543209876543208
1 0.8560763888888889 0.16880787037037037 0.16527777777777777 0.14074074074074075
1 0.8779513888888889 0.3477430555555555 0.11527777777777777 0.31111111111111106
1 0.9109375 0.4571180555555555 0.175 0.31111111111111106
1 0.952951388888889 0.6404128086419754 0.09027777777777776 0.2839506172839506
1 0.9020833333333333 0.8194251543209876 0.19166666666666665 0.2419753086419753
1 0.9572916666666667 0.19793595679012346 0.08333333333333333 0.3802469135802469