0 0.5197916666666667 0.0642554012345679 0.04583333333333333 0.0691358024691358
0 0.6489583333333333 0.25027006172839505 0.041666666666666664 0.05679012345679012
0 0.6597222222222222 0.3513503086419753 0.05694444444444444 0.08395061728395062
0 0.5585069444444445 0.22750771604938272 0.05138888888888889 0.09876543209876543
0 0.46336805555555555 0.32060185185185186 0.0611111111111111 0.1037037037037037
0 0.7376736111111111 0.13325617283950617 0.04722222222222222 0.07901234567901234
0 0.7286458333333333 0.2382716049382716 0.041666666666666664 0.0765432098765432
0 0.8013888888888889 0.3629436728395062 0.05277777777777778 0.07901234567901234
0 0.8243055555555555 0.4223186728395062 0.04861111111111111 0.07901234567901234
0 0.7598958333333333 0.6059606481481482 0.05416666666666666 0.0962962962962963
0 0.6930555555555555 0.5650077160493827 0.0611111111111111 0.09876543209876543
0 0.6210069444444445 0.5267746913580247 0.06388888888888888 0.11604938271604937
0 0.5482638888888889 0.5192129629629629 0.06527777777777778 0.1259259259259259
0 0.539236111111111 0.6539158950617284 0.07222222222222222 0.12345679012345678
0 0.4222222222222222 0.785841049382716 0.08194444444444444 0.16543209876543208
1 0.6196180555555555 0.7701003086419753 0.0611111111111111 0.08395061728395062