1 0.6723958333333333 0.6756172839506173 0.09166666666666666 0.10123456790123457
1 0.5961805555555555 0.927025462962963 0.1611111111111111 0.1259259259259259
1 0.41215277777777776 0.9474922839506172 0.10555555555555556 0.10123456790123457
0 0.17413194444444444 0.6878472222222223 0.1388888888888889 0.2444444444444444
0 0.23993055555555554 0.4812307098765432 0.08611111111111111 0.1530864197530864
0 0.18888888888888888 0.2614776234567901 0.07777777777777777 0.11358024691358024
0 0.5506944444444445 0.19484953703703703 0.05138888888888889 0.07407407407407407
0 0.6958333333333333 0.30941358024691357 0.041666666666666664 0.09382716049382715
0 0.9546875 0.4512924382716049 0.0875 0.14320987654320988
0 0.415625 0.7672839506172839 0.1 0.2345679012345679
0 0.42118055555555556 0.4664158950617284 0.0611111111111111 0.12345679012345678