1 0.10868055555555553 0.9003086419753087 0.1361111111111111 0.1506172839506173
0 0.209375 0.7980324074074074 0.1375 0.2148148148148148
0 0.12291666666666665 0.7212384259259259 0.13333333333333333 0.2518518518518518
0 0.21666666666666665 0.6007137345679012 0.07083333333333333 0.13580246913580246
0 0.2920138888888889 0.6501350308641975 0.06527777777777778 0.12839506172839504
2 0.33402777777777776 0.8741126543209876 0.13055555555555556 0.2419753086419753
0 0.4638888888888889 0.8690200617283951 0.10277777777777777 0.2567901234567901
0 0.5713541666666667 0.8054591049382716 0.15833333333333333 0.2765432098765432
1 0.513888888888889 0.5015432098765432 0.16527777777777777 0.5530864197530864
0 0.3623263888888889 0.7144675925925925 0.11527777777777777 0.18518518518518517
0 0.37569444444444444 0.581153549382716 0.11388888888888889 0.16543209876543208
0 0.4609375 0.6332175925925926 0.1125 0.18518518518518517
2 0.24079861111111112 0.48607253086419755 0.07222222222222222 0.12839506172839504
2 0.34010416666666665 0.4650270061728395 0.09583333333333333 0.14567901234567898
0 0.47847222222222224 0.3994020061728395 0.08194444444444444 0.14567901234567898
0 0.3984375 0.344212962962963 0.0875 0.1259259259259259
1 0.4227430555555555 0.26059027777777777 0.09861111111111111 0.15555555555555553
1 0.36180555555555555 0.2907986111111111 0.0736111111111111 0.22222222222222224
1 0.26510416666666664 0.19087577160493827 0.15833333333333333 0.20987654320987653
1 0.3671875 0.13668981481481482 0.0625 0.22962962962962963
1 0.17517361111111113 0.3489969135802469 0.1222222222222222 0.16049382716049382
1 0.24461805555555555 0.14836033950617283 0.09861111111111111 0.21234567901234563
0 0.4451388888888889 0.1054783950617284 0.07777777777777777 0.12345679012345678
0 0.6451388888888889 0.5138310185185185 0.12777777777777777 0.23703703703703702
0 0.6022569444444444 0.28717206790123456 0.11388888888888889 0.20246913580246914
1 0.8241319444444445 0.3323881172839506 0.18888888888888888 0.36790123456790125
1 0.8322916666666667 0.20802469135802468 0.20833333333333331 0.3160493827160494
1 0.9751736111111111 0.25416666666666665 0.04722222222222222 0.13333333333333333
2 0.756076388888889 0.19203317901234568 0.11527777777777777 0.22469135802469134