1 0.6678819444444445 0.2586805555555555 0.06388888888888888 0.11111111111111112
2 0.05416666666666666 0.22922453703703702 0.04583333333333333 0.07407407407407407
0 0.1015625 0.32035108024691356 0.0625 0.09382716049382715
2 0.11284722222222224 0.39189814814814816 0.03194444444444444 0.0962962962962963
0 0.13385416666666666 0.18481867283950618 0.05833333333333333 0.07901234567901234
2 0.15833333333333333 0.22798996913580244 0.05416666666666666 0.07160493827160494
0 0.10520833333333332 0.5035108024691357 0.07916666666666666 0.1382716049382716
1 0.16041666666666665 0.3771604938271605 0.08333333333333333 0.254320987654321
2 0.22291666666666665 0.48261959876543215 0.08333333333333333 0.1308641975308642
2 0.21388888888888888 0.4002893518518518 0.06527777777777778 0.1037037037037037
2 0.22222222222222224 0.32642746913580245 0.05694444444444444 0.07160493827160494
0 0.20607638888888888 0.1771797839506173 0.06527777777777778 0.10123456790123457
0 0.2998263888888889 0.19076003086419752 0.07777777777777777 0.12839506172839504
0 0.23993055555555554 0.27471064814814816 0.0611111111111111 0.0962962962962963
1 0.31059027777777776 0.24484953703703702 0.08055555555555555 0.07407407407407407
0 0.3828125 0.26024305555555555 0.0625 0.11111111111111112
0 0.32135416666666666 0.6792631172839506 0.09583333333333333 0.16790123456790124
0 0.4057291666666667 0.6842013888888889 0.09583333333333333 0.17777777777777776
0 0.396875 0.551466049382716 0.0875 0.16543209876543208
0 0.4493055555555555 0.4844521604938271 0.09861111111111111 0.1876543209876543
1 0.3272569444444445 0.41257716049382714 0.12638888888888888 0.1876543209876543
2 0.40017361111111105 0.22586805555555553 0.05972222222222222 0.11111111111111112
2 0.3423611111111111 0.3588348765432099 0.07222222222222222 0.08641975308641975
2 0.40295138888888893 0.3595871913580247 0.10277777777777777 0.11604938271604937
2 0.4098958333333333 0.4377121913580247 0.07916666666666666 0.11604938271604937
2 0.47118055555555555 0.33252314814814815 0.0736111111111111 0.0962962962962963
2 0.5303819444444444 0.2914158950617284 0.07638888888888888 0.12345679012345678
1 0.496875 0.21155478395061728 0.0875 0.10123456790123457
0 0.5309027777777777 0.4579668209876543 0.09305555555555554 0.17530864197530863
2 0.585763888888889 0.3612268518518519 0.07777777777777777 0.1037037037037037
2 0.5661458333333333 0.47926311728395066 0.05416666666666666 0.16790123456790124
1 0.6272569444444445 0.40300925925925923 0.11388888888888889 0.11851851851851851
2 0.6253472222222223 0.5290123456790123 0.10694444444444444 0.1580246913580247
2 0.6625 0.44157021604938274 0.0875 0.09876543209876543
0 0.6864583333333333 0.6205632716049383 0.12916666666666665 0.20987654320987653
0 0.7645833333333333 0.5109182098765432 0.11666666666666665 0.1530864197530864
0 0.7392361111111111 0.41633873456790127 0.10972222222222221 0.13580246913580246
0 0.748263888888889 0.33015046296296297 0.10277777777777777 0.1259259259259259
1 0.8449652777777779 0.5154128086419754 0.08055555555555555 0.2839506172839506
2 0.8545138888888889 0.3829475308641975 0.11527777777777777 0.12839506172839504
1 0.6647569444444444 0.12193287037037037 0.11388888888888889 0.14074074074074075
0 0.7715277777777778 0.05003858024691358 0.06805555555555555 0.09382716049382715
2 0.7322916666666667 0.15983796296296296 0.09583333333333333 0.1259259259259259
2 0.7715277777777778 0.2050733024691358 0.08055555555555555 0.1382716049382716
0 0.8197916666666666 0.15883487654320988 0.05833333333333333 0.08641975308641975
1 0.8440972222222222 0.25318287037037035 0.09444444444444444 0.14074074074074075
1 0.89375 0.23886959876543212 0.075 0.1308641975308642
1 0.9387152777777779 0.24438657407407405 0.06805555555555555 0.14814814814814814
1 0.9779513888888889 0.20127314814814815 0.04027777777777777 0.0962962962962963
1 0.9520833333333334 0.35671296296296295 0.09166666666666666 0.1259259259259259
1 0.9680555555555556 0.5000578703703704 0.0611111111111111 0.14074074074074075
1 0.26545138888888886 0.8479938271604939 0.10277777777777777 0.12098765432098765
1 0.55625 0.720949074074074 0.225 0.14814814814814814
1 0.6899305555555555 0.9028742283950617 0.12361111111111109 0.19012345679012346
1 0.48368055555555556 0.8668016975308642 0.11111111111111112 0.2617283950617284
2 0.4833333333333333 0.8119212962962964 0.11666666666666665 0.1925925925925926