0 0.821875 0.49023919753086415 0.0375 0.06172839506172839
0 0.13767361111111112 0.5408179012345679 0.04722222222222222 0.0691358024691358
0 0.2140625 0.7060378086419753 0.05 0.08395061728395062
0 0.43420138888888893 0.7413194444444444 0.05277777777777778 0.08888888888888888
0 0.7366319444444445 0.8303047839506172 0.05138888888888889 0.10123456790123457
0 0.7722222222222223 0.5330054012345679 0.04444444444444444 0.0691358024691358
0 0.552951388888889 0.4427083333333333 0.04027777777777777 0.06666666666666667
0 0.5039930555555555 0.5565200617283951 0.03611111111111111 0.05679012345679012
3 0.4105902777777778 0.34369212962962964 0.05555555555555556 0.059259259259259255
3 0.8963541666666666 0.852835648148148 0.08333333333333333 0.0962962962962963
0 0.5354166666666667 0.3255979938271605 0.03333333333333333 0.05432098765432099