1 0.40763888888888894 0.6970679012345679 0.07777777777777777 0.0691358024691358
1 0.42725694444444445 0.8523341049382717 0.07638888888888888 0.0765432098765432
0 0.35208333333333336 0.058661265432098764 0.041666666666666664 0.06419753086419752
0 0.23576388888888888 0.23744212962962963 0.04027777777777777 0.059259259259259255
0 0.23680555555555555 0.5222415123456791 0.04861111111111111 0.09135802469135802
0 0.2652777777777778 0.399537037037037 0.043055555555555555 0.07407407407407407
0 0.29947916666666663 0.47980324074074077 0.04583333333333333 0.08148148148148147
0 0.5149305555555556 0.691820987654321 0.0611111111111111 0.10864197530864197
0 0.653125 0.6041473765432099 0.0375 0.08641975308641975
0 0.5907986111111111 0.7553819444444445 0.04722222222222222 0.08888888888888888
3 0.579861111111111 0.9062885802469136 0.07222222222222222 0.09382716049382715
3 0.6434027777777778 0.8962577160493828 0.05555555555555556 0.09876543209876543
3 0.5914930555555555 0.829224537037037 0.04861111111111111 0.07407407407407407
3 0.6263888888888889 0.7872878086419753 0.05277777777777778 0.08395061728395062