0 0.9194444444444445 0.5688078703703704 0.07638888888888888 0.14074074074074075
0 0.8480902777777779 0.35597993827160496 0.08055555555555555 0.14320987654320988
0 0.5657986111111111 0.10177469135802468 0.07222222222222222 0.11604938271604937
1 0.5508680555555555 0.8779320987654321 0.12361111111111109 0.1308641975308642
0 0.19739583333333333 0.8718942901234568 0.11666666666666665 0.24691358024691357
0 0.3630208333333333 0.7394675925925925 0.10416666666666666 0.18518518518518517
0 0.14461805555555554 0.5404899691358025 0.14861111111111108 0.2716049382716049
1 0.4534722222222222 0.3721064814814815 0.06944444444444445 0.16296296296296295
1 0.3111111111111111 0.4153742283950617 0.1222222222222222 0.19012345679012346
3 0.5934027777777777 0.2029128086419753 0.05555555555555556 0.08395061728395062
3 0.6963541666666667 0.41238425925925926 0.05833333333333333 0.11851851851851851
3 0.6847222222222222 0.5116319444444445 0.05694444444444444 0.08888888888888888
3 0.5673611111111111 0.45842978395061723 0.05972222222222222 0.10123456790123457
3 0.2911458333333333 0.7480131172839506 0.07916666666666666 0.16790123456790124