0 0.21145833333333336 0.40034722222222224 0.029166666666666664 0.04444444444444444
0 0.30694444444444446 0.2742862654320988 0.05138888888888889 0.06419753086419752
0 0.39184027777777775 0.308912037037037 0.043055555555555555 0.07407407407407407
0 0.548611111111111 0.6202739197530864 0.05972222222222222 0.10617283950617282
0 0.4989583333333333 0.7986496913580247 0.06666666666666667 0.11604938271604937
0 0.2796875 0.7269290123456791 0.05 0.09135802469135802
0 0.15815972222222224 0.876099537037037 0.05694444444444444 0.07407407407407407
0 0.8348958333333334 0.5296489197530864 0.05416666666666666 0.10617283950617282
0 0.8970486111111111 0.47955246913580246 0.04722222222222222 0.07160493827160494
3 0.12690972222222224 0.488599537037037 0.04444444444444444 0.07407407407407407
3 0.45138888888888895 0.5864583333333333 0.04027777777777777 0.06666666666666667
3 0.3295138888888889 0.4686921296296296 0.04027777777777777 0.059259259259259255
0 0.5092013888888889 0.035223765432098764 0.04027777777777777 0.06419753086419752
0 0.6142361111111111 0.14402006172839504 0.02222222222222222 0.05679012345679012
0 0.5381944444444444 0.3315972222222222 0.03888888888888888 0.04444444444444444