0 0.6847222222222222 0.10059799382716048 0.03194444444444444 0.05432098765432099
0 0.8092013888888889 0.17173996913580247 0.04027777777777777 0.07160493827160494
0 0.6392361111111111 0.15044367283950616 0.04722222222222222 0.07901234567901234
0 0.2543402777777778 0.40414737654320987 0.05555555555555556 0.08641975308641975
0 0.30347222222222225 0.5126157407407408 0.06944444444444445 0.08148148148148147
0 0.1671875 0.6696180555555555 0.0875 0.11111111111111112
0 0.3111111111111111 0.922337962962963 0.08472222222222223 0.1259259259259259
0 0.689236111111111 0.6704282407407407 0.05972222222222222 0.08148148148148147
0 0.6449652777777778 0.34575617283950616 0.043055555555555555 0.07901234567901234
2 0.17135416666666667 0.3585648148148148 0.020833333333333332 0.029629629629629627
2 0.19166666666666668 0.4019868827160494 0.020833333333333332 0.03209876543209876
0 0.7564236111111111 0.19928626543209876 0.034722222222222224 0.06419753086419752
3 0.484375 0.14016203703703703 0.0375 0.07407407407407407