3 0.11145833333333333 0.9389467592592592 0.10416666666666666 0.11851851851851851
0 0.5947916666666667 0.0992283950617284 0.05833333333333333 0.12345679012345678
0 0.6116319444444445 0.21140046296296297 0.06388888888888888 0.1259259259259259
0 0.7585069444444444 0.36469907407407404 0.07638888888888888 0.14814814814814814
0 0.757986111111111 0.10237268518518519 0.09722222222222222 0.17037037037037037
0 0.15694444444444444 0.7230131172839507 0.10138888888888889 0.16790123456790124
3 0.9769097222222222 0.8584297839506172 0.04444444444444444 0.10123456790123457
3 0.8666666666666666 0.09066358024691358 0.05833333333333333 0.09382716049382715
3 0.34652777777777777 0.3337577160493827 0.05555555555555556 0.09876543209876543
3 0.5375 0.36838348765432094 0.05 0.10864197530864197
3 0.41336805555555556 0.6908371913580247 0.0611111111111111 0.11604938271604937
3 0.4791666666666667 0.9437114197530864 0.07083333333333333 0.10617283950617282