1 0.2984375 0.7214891975308643 0.0625 0.2617283950617284
0 0.33333333333333337 0.7111689814814814 0.09166666666666666 0.16296296296296295
1 0.34895833333333337 0.8370563271604938 0.07916666666666666 0.32098765432098764
1 0.4131944444444445 0.7286651234567901 0.08888888888888888 0.11358024691358024
1 0.4293402777777778 0.8649112654320987 0.06805555555555555 0.2641975308641975
0 0.5046875 0.7989390432098766 0.1 0.21975308641975308
1 0.4786458333333333 0.6095100308641975 0.09166666666666666 0.12839506172839504
1 0.5828125 0.5994212962962963 0.1625 0.1925925925925926
0 0.40625 0.5549189814814814 0.0875 0.16296296296296295
1 0.33402777777777776 0.45642361111111107 0.05555555555555556 0.22222222222222224
1 0.31493055555555555 0.3282021604938271 0.04861111111111111 0.1876543209876543
1 0.38645833333333335 0.11832561728395061 0.07916666666666666 0.16790123456790124
1 0.45121527777777776 0.43614969135802467 0.08055555555555555 0.11604938271604937
1 0.5085069444444444 0.43084490740740744 0.11388888888888889 0.2148148148148148
1 0.4182291666666667 0.3029513888888889 0.10833333333333332 0.17777777777777776
1 0.4383680555555555 0.20970293209876542 0.0611111111111111 0.19753086419753085
1 0.6131944444444445 0.430787037037037 0.12638888888888888 0.274074074074074
0 0.5826388888888889 0.4066358024691358 0.07777777777777777 0.1382716049382716
0 0.5111111111111111 0.32505787037037037 0.08472222222222223 0.14074074074074075
1 0.5427083333333333 0.11817129629629627 0.12916666666666665 0.1925925925925926
0 0.584375 0.2650270061728395 0.0875 0.14567901234567898
0 0.6428819444444445 0.12490354938271604 0.07638888888888888 0.16543209876543208
0 0.5291666666666667 0.08153935185185185 0.07083333333333333 0.1037037037037037
1 0.6276041666666667 0.8389467592592592 0.19583333333333333 0.31851851851851853
1 0.5440972222222222 0.9092013888888889 0.10694444444444444 0.17777777777777776
1 0.6157986111111111 0.9478202160493827 0.09722222222222222 0.09876543209876543
1 0.7427083333333333 0.796701388888889 0.11666666666666665 0.37777777777777777
0 0.6769097222222222 0.7600308641975309 0.10694444444444444 0.1950617283950617
0 0.6946180555555556 0.5914351851851852 0.09861111111111111 0.17037037037037037
0 0.740451388888889 0.10673225308641973 0.10277777777777777 0.1728395061728395
0 0.7473958333333333 0.25590277777777776 0.11666666666666665 0.15555555555555553
0 0.7711805555555555 0.4952160493827161 0.11111111111111112 0.16543209876543208
1 0.7458333333333333 0.3758101851851852 0.17916666666666664 0.17037037037037037
1 0.83125 0.17581018518518518 0.15 0.17037037037037037
1 0.8414930555555555 0.07208719135802469 0.11111111111111112 0.11604938271604937