1 0.6548611111111111 0.591087962962963 0.04722222222222222 0.1259259259259259
1 0.5895833333333333 0.8045717592592592 0.06666666666666667 0.11851851851851851
2 0.6871527777777777 0.8525655864197532 0.03055555555555555 0.03950617283950617
3 0.6909722222222222 0.7759452160493827 0.06944444444444445 0.09876543209876543
3 0.7822916666666667 0.611304012345679 0.08333333333333333 0.09135802469135802
0 0.40173611111111107 0.3500192901234568 0.034722222222222224 0.046913580246913576
0 0.06215277777777778 0.24409722222222224 0.05555555555555556 0.04444444444444444
0 0.25763888888888886 0.9359760802469136 0.07777777777777777 0.09382716049382715
0 0.3951388888888889 0.9343364197530863 0.07777777777777777 0.10617283950617282
0 0.48298611111111106 0.7979938271604938 0.07222222222222222 0.12098765432098765
0 0.30729166666666663 0.347974537037037 0.04583333333333333 0.07407407407407407
0 0.5043402777777778 0.36309799382716046 0.05555555555555556 0.05432098765432099
0 0.5519097222222222 0.40923996913580246 0.05694444444444444 0.07160493827160494
0 0.513888888888889 0.44386574074074076 0.05277777777777778 0.08148148148148147
0 0.6012152777777777 0.4771026234567901 0.06805555555555555 0.11358024691358024
0 0.19427083333333334 0.6071373456790123 0.09166666666666666 0.1580246913580247