0 0.5736111111111111 0.397974537037037 0.04722222222222222 0.07407407407407407
3 0.748263888888889 0.267554012345679 0.05277777777777778 0.09135802469135802
3 0.9100694444444445 0.8505594135802468 0.10138888888888889 0.16049382716049382
3 0.5951388888888889 0.47856867283950616 0.05277777777777778 0.07901234567901234
3 0.36614583333333334 0.6752700617283951 0.041666666666666664 0.05679012345679012
3 0.30972222222222223 0.8687885802469136 0.05694444444444444 0.09382716049382715
3 0.22430555555555554 0.8100694444444445 0.0611111111111111 0.08888888888888888
0 0.2730902777777778 0.4615354938271605 0.043055555555555555 0.05432098765432099
0 0.12378472222222223 0.4599729938271605 0.05694444444444444 0.05432098765432099
0 0.19635416666666666 0.6016782407407407 0.05833333333333333 0.08148148148148147
0 0.6796875 0.3646797839506173 0.05 0.10123456790123457
0 0.4229166666666667 0.4149112654320987 0.04583333333333333 0.06419753086419752
0 0.4 0.6061149691358024 0.0375 0.07160493827160494
0 0.4024305555555555 0.6814429012345679 0.03611111111111111 0.0691358024691358
0 0.547048611111111 0.7620563271604939 0.07222222222222222 0.12098765432098765
0 0.4892361111111111 0.8747106481481481 0.05972222222222222 0.0962962962962963
0 0.3128472222222222 0.9500385802469136 0.09444444444444444 0.09382716049382715