0 0.24357638888888888 0.4575424382716049 0.09027777777777776 0.14320987654320988
0 0.3680555555555555 0.1367091049382716 0.0611111111111111 0.0765432098765432
0 0.4027777777777778 0.3437114197530864 0.06805555555555555 0.10617283950617282
0 0.5159722222222223 0.40044367283950616 0.04444444444444444 0.07901234567901234
0 0.6079861111111111 0.41032021604938274 0.04722222222222222 0.09876543209876543
0 0.5258680555555555 0.5252893518518518 0.0611111111111111 0.1037037037037037
0 0.6826388888888889 0.5585841049382716 0.05277777777777778 0.0765432098765432
0 0.70625 0.627662037037037 0.05 0.07407407407407407
0 0.91875 0.6809606481481482 0.0625 0.0962962962962963
0 0.8213541666666666 0.8416666666666666 0.07083333333333333 0.13333333333333333
0 0.6453125 0.8956211419753087 0.075 0.1506172839506173
0 0.5583333333333333 0.8402777777777779 0.07916666666666666 0.15555555555555553
0 0.4625 0.7782021604938272 0.0875 0.1876543209876543
0 0.3546875 0.7875771604938271 0.0875 0.1876543209876543
0 0.3286458333333333 0.9392746913580247 0.12916666666666665 0.11604938271604937
1 0.7085069444444445 0.6962577160493828 0.03888888888888888 0.09876543209876543
1 0.5881944444444445 0.9474922839506172 0.07638888888888888 0.10123456790123457