1 0.42638888888888893 0.7358796296296296 0.11527777777777777 0.059259259259259255
0 0.3546875 0.6335841049382716 0.05 0.0765432098765432
0 0.3831597222222222 0.468113425925926 0.03194444444444444 0.05185185185185185
0 0.35399305555555555 0.07937885802469136 0.03611111111111111 0.04938271604938271
0 0.115625 0.6432098765432099 0.075 0.08641975308641975
0 0.1828125 0.508912037037037 0.05 0.07407407407407407
0 0.24079861111111112 0.40142746913580246 0.034722222222222224 0.07160493827160494
0 0.513888888888889 0.8646026234567902 0.06527777777777778 0.11358024691358024
0 0.8276041666666666 0.5733217592592592 0.07083333333333333 0.11851851851851851
0 0.6602430555555555 0.15725308641975308 0.02361111111111111 0.03950617283950617
3 0.2965277777777778 0.7671489197530864 0.09305555555555554 0.10617283950617282
3 0.38472222222222224 0.6826774691358024 0.05694444444444444 0.07160493827160494
3 0.5458333333333333 0.21006944444444448 0.06666666666666667 0.08888888888888888
3 0.6243055555555556 0.415162037037037 0.03611111111111111 0.07407407407407407
3 0.16822916666666668 0.37214506172839507 0.04583333333333333 0.05679012345679012
3 0.29010416666666666 0.2772569444444445 0.04583333333333333 0.08888888888888888
0 0.878125 0.4585841049382716 0.05 0.0765432098765432
1 0.7859375 0.7944637345679013 0.0625 0.13580246913580246