0 0.4404513888888889 0.07320601851851852 0.02777777777777778 0.037037037037037035
3 0.22222222222222224 0.33013117283950616 0.13194444444444445 0.07901234567901234
3 0.5638888888888889 0.9500385802469136 0.09027777777777776 0.09382716049382715
0 0.751736111111111 0.7615547839506173 0.04722222222222222 0.10123456790123457
0 0.7602430555555555 0.6716628086419754 0.03611111111111111 0.08395061728395062
0 0.6829861111111111 0.5905864197530863 0.05972222222222222 0.10617283950617282
0 0.767361111111111 0.3710841049382716 0.04722222222222222 0.0765432098765432
0 0.5824652777777778 0.355054012345679 0.05555555555555556 0.09135802469135802
0 0.5519097222222222 0.44650848765432094 0.05694444444444444 0.10864197530864197
0 0.5852430555555556 0.6066358024691357 0.09861111111111111 0.1382716049382716
0 0.49826388888888895 0.7606674382716049 0.09027777777777776 0.14320987654320988
0 0.39947916666666666 0.7271219135802469 0.10833333333333332 0.16049382716049382
0 0.31666666666666665 0.6449074074074075 0.12083333333333332 0.2148148148148148