1 0.140625 0.6118634259259259 0.05 0.2518518518518518
1 0.20364583333333336 0.37334104938271606 0.06666666666666667 0.16543209876543208
0 0.48576388888888894 0.2644483024691358 0.12777777777777777 0.1382716049382716
1 0.720486111111111 0.896875 0.13472222222222222 0.2
1 0.8638888888888889 0.9392746913580247 0.09027777777777776 0.11604938271604937
3 0.46996527777777775 0.4092013888888889 0.11805555555555555 0.17777777777777776
3 0.7449652777777778 0.5229166666666667 0.06805555555555555 0.13333333333333333
3 0.6151041666666667 0.1857253086419753 0.07083333333333333 0.08395061728395062
3 0.7347222222222223 0.07428626543209876 0.08194444444444444 0.06419753086419752
0 0.6177083333333333 0.32316743827160493 0.09166666666666666 0.14320987654320988
0 0.35694444444444445 0.5323688271604938 0.06388888888888888 0.12098765432098765
0 0.2390625 0.8362654320987655 0.0875 0.19753086419753085