3 0.4767361111111111 0.8768518518518519 0.04722222222222222 0.1037037037037037
0 0.751736111111111 0.19731867283950616 0.04722222222222222 0.07901234567901234
0 0.7743055555555556 0.32471064814814815 0.0611111111111111 0.0962962962962963
3 0.66875 0.406616512345679 0.05 0.09135802469135802
3 0.789236111111111 0.5893518518518518 0.05972222222222222 0.1037037037037037
3 0.8741319444444444 0.5839313271604938 0.07638888888888888 0.12098765432098765
3 0.7550347222222222 0.874074074074074 0.08194444444444444 0.14814814814814814
3 0.6760416666666667 0.7657600308641975 0.05833333333333333 0.12839506172839504
0 0.6008680555555556 0.7856481481481482 0.04861111111111111 0.0962962962962963
0 0.5512152777777778 0.7134452160493827 0.043055555555555555 0.09876543209876543
0 0.09826388888888889 0.7812114197530864 0.06527777777777778 0.10617283950617282