3 0.726736111111111 0.21163194444444447 0.07222222222222222 0.08888888888888888
3 0.7819444444444444 0.8776813271604939 0.10138888888888889 0.12098765432098765
3 0.6321180555555556 0.6415702160493828 0.0611111111111111 0.09876543209876543
3 0.12413194444444445 0.8016782407407407 0.06388888888888888 0.08148148148148147
3 0.18472222222222223 0.6249421296296296 0.05694444444444444 0.059259259259259255
3 0.034375 0.7738040123456791 0.0625 0.09135802469135802
0 0.44722222222222224 0.29691358024691356 0.05694444444444444 0.09382716049382715
0 0.23402777777777778 0.5795524691358025 0.043055555555555555 0.07160493827160494
0 0.23975694444444445 0.6404899691358025 0.03888888888888888 0.07160493827160494
0 0.36701388888888886 0.6728973765432099 0.05277777777777778 0.08641975308641975
0 0.24670138888888887 0.39386574074074077 0.05277777777777778 0.08148148148148147
0 0.38506944444444446 0.351099537037037 0.05138888888888889 0.07407407407407407