1 0.599826388888889 0.9095293209876543 0.11527777777777777 0.17530864197530863
1 0.6565972222222223 0.8633101851851851 0.09444444444444444 0.17037037037037037
2 0.7805555555555556 0.5148341049382716 0.04861111111111111 0.0765432098765432
1 0.45815972222222223 0.08227237654320987 0.04444444444444444 0.08641975308641975
0 0.27586805555555555 0.1376929012345679 0.03611111111111111 0.0691358024691358
0 0.3206597222222222 0.3729166666666667 0.06944444444444445 0.13333333333333333
0 0.34496527777777775 0.21815200617283947 0.08055555555555555 0.14567901234567898
0 0.23055555555555554 0.5423996913580247 0.0736111111111111 0.11604938271604937
0 0.26666666666666666 0.7101851851851853 0.08333333333333333 0.17037037037037037
1 0.2348958333333333 0.8536072530864198 0.14166666666666666 0.1728395061728395
1 0.45381944444444444 0.2205246913580247 0.07638888888888888 0.11604938271604937
1 0.45538194444444446 0.32609953703703703 0.08888888888888888 0.07407407407407407