1 0.6991319444444445 0.12955246913580248 0.03888888888888888 0.07160493827160494
1 0.6121527777777778 0.1105516975308642 0.043055555555555555 0.06172839506172839
1 0.5829861111111111 0.18852237654320986 0.034722222222222224 0.08641975308641975
1 0.9743055555555555 0.10603780864197532 0.04861111111111111 0.08395061728395062
3 0.8473958333333333 0.9500385802469136 0.06666666666666667 0.09382716049382715
3 0.7131944444444445 0.830324074074074 0.10138888888888889 0.14814814814814814
3 0.7782986111111111 0.6956790123456791 0.05972222222222222 0.09135802469135802
3 0.76875 0.40167824074074077 0.05 0.08148148148148147
3 0.66875 0.3794753086419753 0.05 0.08395061728395062
0 0.7769097222222222 0.1533179012345679 0.04444444444444444 0.0691358024691358
0 0.3477430555555555 0.8448302469135802 0.08611111111111111 0.22716049382716047
0 0.4184027777777778 0.0908179012345679 0.043055555555555555 0.0691358024691358
0 0.3064236111111111 0.12559799382716047 0.04722222222222222 0.05432098765432099
1 0.4293402777777778 0.26178626543209876 0.08055555555555555 0.06419753086419752