3 0.5456597222222223 0.38152006172839503 0.04444444444444444 0.05679012345679012
0 0.49340277777777775 0.2929591049382716 0.043055555555555555 0.0765432098765432
0 0.531423611111111 0.2980516975308642 0.034722222222222224 0.06172839506172839
0 0.6741319444444445 0.2804591049382716 0.03888888888888888 0.0765432098765432
0 0.8868055555555555 0.5872878086419753 0.04861111111111111 0.08395061728395062
0 0.7833333333333333 0.9370563271604938 0.07916666666666666 0.12098765432098765
0 0.671701388888889 0.5427083333333333 0.05277777777777778 0.06666666666666667
0 0.4885416666666667 0.4932098765432099 0.05833333333333333 0.08641975308641975
3 0.18263888888888888 0.7683641975308642 0.04027777777777777 0.06172839506172839
3 0.6387152777777778 0.47831790123456785 0.043055555555555555 0.0691358024691358
3 0.8065972222222222 0.5905671296296295 0.04444444444444444 0.059259259259259255
3 0.827951388888889 0.7226466049382716 0.05277777777777778 0.0765432098765432
1 0.9222222222222222 0.9370563271604938 0.09444444444444444 0.12098765432098765