0 0.5828125 0.4343171296296296 0.0375 0.059259259259259255
0 0.5125 0.3758487654320988 0.0375 0.06419753086419752
0 0.42048611111111106 0.3265046296296296 0.034722222222222224 0.059259259259259255
0 0.3685763888888889 0.33859953703703705 0.04027777777777777 0.07407407407407407
0 0.3263888888888889 0.7435378086419753 0.04027777777777777 0.08395061728395062
0 0.31319444444444444 0.6364583333333333 0.03888888888888888 0.06666666666666667
0 0.37621527777777775 0.7248649691358025 0.043055555555555555 0.07160493827160494
0 0.23958333333333334 0.7672260802469136 0.05416666666666666 0.09382716049382715
0 0.06527777777777777 0.9269290123456789 0.06805555555555555 0.09135802469135802
0 0.5052083333333333 0.947241512345679 0.05416666666666666 0.09135802469135802
1 0.35677083333333337 0.6358024691358024 0.05416666666666666 0.07160493827160494
3 0.6180555555555556 0.9021797839506173 0.0736111111111111 0.10123456790123457
1 0.5796875 0.9753472222222221 0.075 0.04444444444444444