3 0.35746527777777776 0.7168981481481482 0.05555555555555556 0.0962962962962963
0 0.6552083333333333 0.5748263888888889 0.09166666666666666 0.17777777777777776
0 0.4703125 0.4994598765432099 0.0625 0.08641975308641975
0 0.26440972222222225 0.4759452160493828 0.06944444444444445 0.09876543209876543
0 0.20798611111111112 0.9073688271604938 0.05972222222222222 0.12098765432098765
0 0.21163194444444447 0.7818672839506172 0.05138888888888889 0.10123456790123457
3 0.30486111111111114 0.8439429012345678 0.04722222222222222 0.0691358024691358
3 0.35225694444444444 0.5457561728395062 0.05138888888888889 0.07901234567901234
3 0.49340277777777775 0.6131172839506173 0.06805555555555555 0.10123456790123457
3 0.7819444444444444 0.48138503086419754 0.07638888888888888 0.12839506172839504
3 0.865451388888889 0.4766975308641975 0.07777777777777777 0.12839506172839504
0 0.7659722222222223 0.08597608024691358 0.06944444444444445 0.09382716049382715