0 0.4565972222222222 0.7544367283950617 0.13194444444444445 0.19012345679012346
2 0.5359375 0.8694251543209877 0.1375 0.2419753086419753
1 0.6649305555555556 0.9221836419753087 0.09861111111111111 0.1506172839506173
1 0.7180555555555556 0.8753472222222222 0.1736111111111111 0.2444444444444444
0 0.8873263888888889 0.8411651234567902 0.21527777777777776 0.3135802469135802
2 0.7284722222222222 0.6838927469135803 0.14444444444444443 0.22716049382716047
2 0.822048611111111 0.6673611111111111 0.09722222222222222 0.22222222222222224
2 0.9510416666666666 0.8645833333333334 0.09583333333333333 0.26666666666666666
2 0.9583333333333334 0.7055748456790123 0.07916666666666666 0.1580246913580247
1 0.9779513888888889 0.5934027777777777 0.04027777777777777 0.15555555555555553
2 0.9211805555555556 0.5626350308641975 0.1361111111111111 0.12839506172839504
2 0.8878472222222221 0.5018711419753086 0.10694444444444444 0.1506172839506173
0 0.8046875 0.48765432098765427 0.1375 0.17530864197530863
0 0.8722222222222221 0.37974537037037037 0.10694444444444444 0.14074074074074075
0 0.8373263888888889 0.3219328703703704 0.10277777777777777 0.14074074074074075
0 0.9335069444444445 0.3623263888888889 0.10138888888888889 0.17777777777777776
0 0.9760416666666666 0.36589506172839503 0.04583333333333333 0.2567901234567901
0 0.6414930555555556 0.5405478395061728 0.1361111111111111 0.21234567901234563
0 0.7324652777777778 0.3765625 0.10555555555555556 0.2
1 0.634548611111111 0.37883873456790124 0.13472222222222222 0.13580246913580246
3 0.5015625 0.5383873456790124 0.1375 0.1580246913580247
3 0.4689236111111111 0.34751157407407407 0.10972222222222221 0.14814814814814814
3 0.2769097222222222 0.8205246913580246 0.18194444444444444 0.3160493827160494
2 0.11527777777777777 0.5684799382716049 0.10555555555555556 0.14320987654320988