0 0.7477430555555555 0.20956790123456787 0.03611111111111111 0.0691358024691358
0 0.29878472222222224 0.7927854938271606 0.03194444444444444 0.05432098765432099
0 0.34479166666666666 0.7776620370370371 0.03333333333333333 0.07407407407407407
0 0.45625 0.8792245370370371 0.0625 0.07407407407407407
0 0.617013888888889 0.20339506172839505 0.04027777777777777 0.05679012345679012
0 0.7182291666666667 0.37158564814814815 0.04583333333333333 0.0962962962962963
0 0.6276041666666667 0.747241512345679 0.05833333333333333 0.09135802469135802
3 0.5513888888888889 0.9623649691358025 0.06527777777777778 0.07160493827160494
3 0.3241319444444445 0.907175925925926 0.03888888888888888 0.05185185185185185
3 0.7982638888888889 0.3886766975308642 0.04027777777777777 0.06172839506172839
1 0.8425347222222221 0.40713734567901233 0.03194444444444444 0.1580246913580247