0 0.4401041666666667 0.11458333333333333 0.04583333333333333 0.06666666666666667
1 0.05503472222222222 0.4583719135802469 0.10694444444444444 0.16049382716049382
2 0.15434027777777776 0.5009452160493828 0.09305555555555554 0.09876543209876543
2 0.1078125 0.44986496913580243 0.0625 0.07160493827160494
2 0.11475694444444444 0.373804012345679 0.07638888888888888 0.09135802469135802
1 0.06753472222222222 0.36649305555555556 0.06944444444444445 0.11111111111111112
0 0.08506944444444445 0.3044945987654321 0.07638888888888888 0.1308641975308642
0 0.1564236111111111 0.3326195987654321 0.07222222222222222 0.1308641975308642
0 0.20850694444444445 0.3326003086419753 0.05138888888888889 0.08395061728395062
1 0.2704861111111111 0.43163580246913574 0.10972222222222221 0.1382716049382716
0 0.28784722222222225 0.34575617283950616 0.05694444444444444 0.07901234567901234
1 0.32552083333333337 0.6943672839506172 0.09166666666666666 0.10123456790123457
0 0.328125 0.5784143518518519 0.075 0.1037037037037037
0 0.36302083333333335 0.4940393518518518 0.06666666666666667 0.1037037037037037
0 0.4020833333333333 0.5583526234567902 0.06666666666666667 0.11358024691358024
0 0.4020833333333333 0.42010030864197534 0.041666666666666664 0.08395061728395062
2 0.46597222222222223 0.5844907407407407 0.04444444444444444 0.08148148148148147
1 0.4979166666666667 0.6472029320987654 0.05833333333333333 0.19753086419753085
1 0.5121527777777778 0.5364583333333333 0.13055555555555556 0.06666666666666667
1 0.6324652777777777 0.6192901234567901 0.11805555555555555 0.11358024691358024
0 0.4166666666666667 0.45850694444444445 0.04583333333333333 0.08888888888888888
2 0.40694444444444444 0.37173996913580243 0.05138888888888889 0.07160493827160494
0 0.45954861111111106 0.4271026234567901 0.05972222222222222 0.11358024691358024
2 0.4526041666666667 0.28267746913580244 0.04583333333333333 0.07160493827160494
1 0.4960069444444445 0.3980516975308642 0.03888888888888888 0.06172839506172839
2 0.47586805555555556 0.44855324074074077 0.03611111111111111 0.08148148148148147
2 0.515798611111111 0.4617862654320987 0.05972222222222222 0.06419753086419752
0 0.5180555555555555 0.27100694444444445 0.03611111111111111 0.08888888888888888
0 0.5590277777777778 0.3835841049382716 0.043055555555555555 0.0765432098765432
0 0.5609375 0.4760223765432099 0.05 0.08641975308641975
0 0.5833333333333333 0.4299768518518518 0.05416666666666666 0.1037037037037037
1 0.6182291666666667 0.43919753086419755 0.04583333333333333 0.12839506172839504
2 0.570486111111111 0.27937885802469137 0.04722222222222222 0.04938271604938271
1 0.721875 0.5354745370370371 0.0625 0.07407407407407407
2 0.6887152777777777 0.4473958333333333 0.05555555555555556 0.06666666666666667
2 0.7050347222222222 0.4036458333333333 0.04444444444444444 0.06666666666666667
2 0.7309027777777778 0.45381944444444444 0.043055555555555555 0.08888888888888888
0 0.7586805555555556 0.38582175925925927 0.0611111111111111 0.11851851851851851
1 0.8043402777777778 0.3783371913580247 0.06805555555555555 0.11604938271604937
0 0.8144097222222222 0.314429012345679 0.05694444444444444 0.09135802469135802
0 0.8527777777777779 0.4265239197530864 0.06805555555555555 0.10617283950617282
0 0.8918402777777779 0.3428819444444445 0.05555555555555556 0.08888888888888888
1 0.8644097222222221 0.492554012345679 0.09444444444444444 0.09135802469135802
1 0.9180555555555555 0.7661072530864198 0.12361111111111109 0.1728395061728395