1 0.89375 0.8124807098765432 0.05 0.1530864197530864
1 0.8430555555555556 0.7499614197530864 0.04861111111111111 0.10617283950617282
2 0.587673611111111 0.7181905864197531 0.034722222222222224 0.03950617283950617
1 0.4760416666666667 0.7492476851851853 0.04583333333333333 0.17037037037037037
1 0.42847222222222225 0.8592592592592592 0.09444444444444444 0.11851851851851851
0 0.36180555555555555 0.0339891975308642 0.03611111111111111 0.06172839506172839
3 0.43159722222222224 0.6418209876543209 0.06944444444444445 0.10864197530864197
0 0.6199652777777778 0.11967592592592594 0.03055555555555555 0.05185185185185185
0 0.8416666666666666 0.11689814814814814 0.04583333333333333 0.0962962962962963
0 0.9621527777777779 0.9044945987654321 0.06805555555555555 0.1308641975308642
0 0.6373263888888889 0.5660108024691357 0.06527777777777778 0.1382716049382716
3 0.5434027777777778 0.4737268518518518 0.05555555555555556 0.1037037037037037