1 0.45625 0.5999807098765432 0.0625 0.1530864197530864
3 0.45954861111111106 0.4981481481481482 0.05972222222222222 0.0962962962962963
3 0.5958333333333333 0.4141782407407407 0.05416666666666666 0.08148148148148147
3 0.8930555555555555 0.1544945987654321 0.0736111111111111 0.1308641975308642
1 0.3121527777777778 0.6660300925925926 0.13055555555555556 0.18518518518518517
0 0.13194444444444445 0.8370563271604938 0.18888888888888888 0.32098765432098764
3 0.6986111111111111 0.7234760802469136 0.05972222222222222 0.09382716049382715
3 0.7053819444444445 0.6067901234567901 0.06388888888888888 0.11358024691358024
3 0.5727430555555555 0.6757908950617284 0.0736111111111111 0.12345679012345678
3 0.3133680555555555 0.2571952160493827 0.0736111111111111 0.09876543209876543
3 0.21944444444444447 0.16853780864197532 0.06388888888888888 0.08395061728395062
3 0.2673611111111111 0.18063271604938272 0.08472222222222223 0.09876543209876543
0 0.8616319444444445 0.5671682098765432 0.08888888888888888 0.1530864197530864
0 0.9796875 0.24108796296296298 0.0375 0.1259259259259259
0 0.5666666666666667 0.3167438271604938 0.07083333333333333 0.12098765432098765
0 0.9496527777777779 0.7794945987654321 0.08055555555555555 0.1308641975308642
0 0.3701388888888889 0.960474537037037 0.09027777777777776 0.07407407407407407