1 0.6769097222222222 0.7006172839506173 0.05694444444444444 0.10123456790123457
0 0.33350694444444445 0.21491126543209876 0.03888888888888888 0.06419753086419752
0 0.25538194444444445 0.27141203703703703 0.05138888888888889 0.07407407407407407
0 0.5229166666666667 0.3082561728395062 0.04583333333333333 0.07901234567901234
0 0.5649305555555555 0.2969907407407407 0.04861111111111111 0.08148148148148147
0 0.5177083333333333 0.39535108024691357 0.05416666666666666 0.09382716049382715
0 0.5953125 0.42027391975308637 0.05 0.10617283950617282
0 0.5659722222222222 0.5234760802469136 0.04444444444444444 0.09382716049382715
3 0.6168402777777777 0.4970679012345679 0.05555555555555556 0.0691358024691358
0 0.5583333333333333 0.6647762345679012 0.07916666666666666 0.13580246913580246
0 0.5241319444444444 0.7508873456790124 0.08888888888888888 0.1580246913580247
0 0.45763888888888893 0.8290123456790124 0.09027777777777776 0.1580246913580247
0 0.44305555555555554 0.960474537037037 0.09861111111111111 0.07407407407407407