3 0.8739583333333334 0.763425925925926 0.15416666666666665 0.2518518518518518
3 0.765625 0.17332175925925924 0.075 0.11851851851851851
3 0.5189236111111111 0.14965277777777777 0.09722222222222222 0.15555555555555553
3 0.49496527777777777 0.943383487654321 0.08055555555555555 0.10864197530864197
3 0.1326388888888889 0.47096836419753085 0.10277777777777777 0.1950617283950617
1 0.8619791666666666 0.5328125 0.09583333333333333 0.2
1 0.7602430555555555 0.4878086419753086 0.09861111111111111 0.1506172839506173
1 0.6529513888888889 0.7009837962962963 0.16527777777777777 0.1925925925925926
1 0.33402777777777776 0.8265046296296296 0.05555555555555556 0.25925925925925924
1 0.3086805555555555 0.1992283950617284 0.0736111111111111 0.12345679012345678
0 0.5369791666666667 0.04756944444444444 0.09583333333333333 0.08888888888888888
0 0.5831597222222222 0.8461419753086419 0.10694444444444444 0.21728395061728395