1 0.9430555555555555 0.7025655864197531 0.11111111111111112 0.23950617283950618
3 0.8418402777777778 0.3759452160493827 0.06805555555555555 0.09876543209876543
0 0.3348958333333333 0.7216242283950617 0.11666666666666665 0.19012345679012346
0 0.8434027777777778 0.5097800925925926 0.06805555555555555 0.18518518518518517
0 0.725 0.46467978395061726 0.0625 0.10123456790123457
0 0.7678819444444445 0.4094135802469136 0.06388888888888888 0.09382716049382715
0 0.6855902777777778 0.335474537037037 0.05555555555555556 0.07407407407407407
0 0.5600694444444445 0.3118634259259259 0.03888888888888888 0.05185185185185185
0 0.44600694444444444 0.316724537037037 0.05138888888888889 0.07407407407407407
0 0.20763888888888887 0.21037808641975309 0.05277777777777778 0.03950617283950617
0 0.065625 0.5584490740740741 0.1 0.14814814814814814