3 0.20104166666666665 0.5780092592592593 0.08333333333333333 0.11851851851851851
0 0.6138888888888889 0.1027391975308642 0.04027777777777777 0.06172839506172839
0 0.18090277777777777 0.09739583333333332 0.05555555555555556 0.06666666666666667
0 0.09444444444444444 0.139429012345679 0.06388888888888888 0.09135802469135802
0 0.10954861111111111 0.34076003086419754 0.09722222222222222 0.12839506172839504
0 0.20434027777777777 0.35671296296296295 0.09305555555555554 0.1259259259259259
1 0.14357638888888888 0.2966628086419753 0.07777777777777777 0.08395061728395062
0 0.36961805555555555 0.15464891975308642 0.04861111111111111 0.10617283950617282
0 0.4135416666666667 0.19371141975308642 0.04583333333333333 0.10617283950617282
0 0.4572916666666667 0.47768132716049383 0.07083333333333333 0.12098765432098765
0 0.6880208333333333 0.6831211419753086 0.07916666666666666 0.1506172839506173
1 0.3519097222222222 0.6223572530864198 0.09444444444444444 0.1728395061728395