3 0.7619791666666667 0.5463348765432099 0.07083333333333333 0.08641975308641975
3 0.7131944444444445 0.47773919753086413 0.06388888888888888 0.06172839506172839
3 0.9336805555555555 0.6994020061728394 0.09861111111111111 0.14567901234567898
3 0.7293402777777778 0.8691358024691358 0.08055555555555555 0.1382716049382716
3 0.7026041666666667 0.6301311728395061 0.07083333333333333 0.07901234567901234
3 0.3373263888888889 0.9020833333333333 0.05277777777777778 0.06666666666666667
3 0.14982638888888888 0.8670717592592592 0.06527777777777778 0.11851851851851851
0 0.10104166666666665 0.6547260802469136 0.07083333333333333 0.09382716049382715
0 0.15260416666666668 0.5683641975308642 0.04583333333333333 0.06172839506172839
0 0.24809027777777776 0.6376157407407408 0.06805555555555555 0.08148148148148147
0 0.3315972222222222 0.6022569444444444 0.05694444444444444 0.08888888888888888
0 0.8157986111111111 0.18111496913580247 0.04722222222222222 0.07160493827160494
0 0.6340277777777777 0.274537037037037 0.043055555555555555 0.07407407407407407
0 0.6276041666666667 0.12224151234567901 0.04583333333333333 0.09135802469135802
0 0.8501736111111111 0.5057291666666667 0.10972222222222221 0.13333333333333333
0 0.5609375 0.5266975308641976 0.0875 0.12839506172839504
0 0.5381944444444444 0.9119020061728396 0.07638888888888888 0.14567901234567898