0 0.4149305555555555 0.8493827160493828 0.04861111111111111 0.09876543209876543
0 0.13194444444444445 0.5406635802469136 0.05138888888888889 0.09382716049382715
0 0.4253472222222222 0.45067515432098765 0.03194444444444444 0.04197530864197531
0 0.4354166666666667 0.38209876543209875 0.03333333333333333 0.06419753086419752
0 0.05121527777777777 0.9304012345679012 0.09305555555555554 0.13580246913580246
0 0.28802083333333334 0.6356481481481482 0.05416666666666666 0.0962962962962963
0 0.5184027777777778 0.5033179012345679 0.03055555555555555 0.0691358024691358
0 0.434375 0.7228973765432098 0.0375 0.08641975308641975
0 0.8019097222222221 0.1711033950617284 0.06944444444444445 0.12345679012345678
0 0.5510416666666667 0.20553626543209877 0.03333333333333333 0.06419753086419752
0 0.1467013888888889 0.3798804012345679 0.04027777777777777 0.0691358024691358
3 0.9296875 0.6947530864197531 0.1375 0.23950617283950618
0 0.9125 0.5587577160493827 0.1125 0.09876543209876543