3 0.42265625 0.23223379629629629 0.0265625 0.04259259259259259
0 0.8600260416666666 0.8958912037037037 0.11380208333333333 0.1949074074074074
0 0.8240885416666666 0.38796296296296295 0.07317708333333332 0.08842592592592592
0 0.6700520833333333 0.3246527777777778 0.043229166666666666 0.05555555555555556
0 0.5545572916666667 0.24936342592592592 0.04973958333333333 0.07685185185185185
0 0.5380208333333333 0.22714120370370372 0.041666666666666664 0.0699074074074074
0 0.5126302083333333 0.313599537037037 0.04401041666666666 0.07407407407407407
0 0.4045572916666667 0.43952546296296297 0.059114583333333325 0.08842592592592592
0 0.4115885416666667 0.5601273148148148 0.08255208333333333 0.12962962962962962
0 0.15052083333333333 0.5592013888888889 0.06666666666666667 0.10277777777777777
0 0.105859375 0.6009837962962963 0.06484375 0.09259259259259259
0 0.13684895833333333 0.46342592592592596 0.045572916666666664 0.06435185185185185
0 0.08151041666666667 0.4585648148148148 0.056770833333333326 0.06712962962962962
3 0.6166666666666667 0.2928819444444445 0.04583333333333333 0.03888888888888888
3 0.94453125 0.4646412037037037 0.0640625 0.0699074074074074