0 0.11215277777777777 0.9073109567901234 0.13055555555555556 0.18024691358024691
0 0.2189236111111111 0.4713541666666667 0.07222222222222222 0.13333333333333333
0 0.3243055555555555 0.4067708333333333 0.04861111111111111 0.06666666666666667
0 0.15763888888888888 0.22158564814814813 0.06527777777777778 0.0962962962962963
0 0.43576388888888895 0.2029320987654321 0.09027777777777776 0.1308641975308642
0 0.36197916666666663 0.7866898148148148 0.10833333333333332 0.22962962962962963
0 0.22118055555555555 0.9497106481481481 0.0611111111111111 0.0962962962962963
1 0.8248263888888889 0.16838348765432098 0.09027777777777776 0.10864197530864197
3 0.9340277777777779 0.18640046296296295 0.10555555555555556 0.1259259259259259
3 0.1388888888888889 0.4393518518518518 0.07777777777777777 0.1037037037037037
3 0.22447916666666665 0.6760416666666667 0.07083333333333333 0.13333333333333333
1 0.5581597222222222 0.934837962962963 0.10694444444444444 0.1259259259259259
1 0.45486111111111105 0.7112654320987655 0.05972222222222222 0.19753086419753085
1 0.4489583333333333 0.915528549382716 0.05416666666666666 0.16543209876543208