0 0.284375 0.5555362654320988 0.05 0.06419753086419752
0 0.36979166666666663 0.3402391975308642 0.03333333333333333 0.06172839506172839
0 0.3060763888888889 0.22567515432098767 0.02777777777777778 0.04197530864197531
0 0.36458333333333337 0.1291280864197531 0.029166666666666664 0.03950617283950617
0 0.56875 0.08817515432098766 0.025 0.04197530864197531
0 0.6621527777777778 0.06604938271604939 0.03055555555555555 0.03209876543209876
0 0.6921875 0.38341049382716047 0.0375 0.05432098765432099
0 0.9503472222222221 0.49336419753086413 0.05694444444444444 0.06172839506172839
0 0.7503472222222223 0.5377700617283951 0.04444444444444444 0.05679012345679012
3 0.5243055555555556 0.44023919753086416 0.03611111111111111 0.06172839506172839
3 0.8953125 0.35044367283950617 0.05 0.07901234567901234
3 0.931423611111111 0.44351851851851853 0.05972222222222222 0.037037037037037035
3 0.8911458333333334 0.5246141975308641 0.05416666666666666 0.06172839506172839
3 0.829861111111111 0.9560378086419753 0.09722222222222222 0.08395061728395062
3 0.9635416666666666 0.9282600308641975 0.07083333333333333 0.12839506172839504
3 0.4692708333333333 0.817283950617284 0.029166666666666664 0.0345679012345679
1 0.5664930555555555 0.8770833333333334 0.0611111111111111 0.06666666666666667
1 0.656076388888889 0.9030864197530863 0.05277777777777778 0.10617283950617282
3 0.9364583333333334 0.7670524691358025 0.06666666666666667 0.07160493827160494