3 0.5354166666666667 0.06878858024691357 0.07083333333333333 0.09382716049382715
3 0.6616319444444445 0.22997685185185185 0.06388888888888888 0.1037037037037037
3 0.890625 0.399537037037037 0.05 0.07407407407407407
3 0.91875 0.6062114197530863 0.0625 0.10617283950617282
3 0.9822916666666666 0.794212962962963 0.03333333333333333 0.1259259259259259
0 0.4677083333333333 0.25885416666666666 0.07916666666666666 0.13333333333333333
0 0.7159722222222222 0.3212577160493827 0.05694444444444444 0.09876543209876543
0 0.9430555555555555 0.9626929012345679 0.11111111111111112 0.0691358024691358
0 0.6147569444444445 0.1404128086419753 0.03888888888888888 0.08395061728395062
3 0.7357638888888889 0.7531635802469137 0.05277777777777778 0.09382716049382715
3 0.6723958333333333 0.4145061728395062 0.05416666666666666 0.07901234567901234
3 0.6439236111111111 0.4757716049382716 0.04722222222222222 0.0765432098765432