0 0.6907986111111111 0.2660686728395062 0.04722222222222222 0.07901234567901234
0 0.517361111111111 0.13695987654320987 0.04722222222222222 0.08641975308641975
0 0.9715277777777779 0.4111496913580247 0.05555555555555556 0.11604938271604937
0 0.9652777777777779 0.8717592592592591 0.06805555555555555 0.11851851851851851
0 0.6987847222222222 0.6383101851851852 0.10694444444444444 0.17037037037037037
0 0.4071180555555555 0.5952932098765432 0.08611111111111111 0.1530864197530864
0 0.10972222222222223 0.6238040123456791 0.08194444444444444 0.09135802469135802
3 0.5666666666666667 0.555787037037037 0.05833333333333333 0.07407407407407407
3 0.6151041666666667 0.6562885802469136 0.07083333333333333 0.09382716049382715
3 0.7626736111111111 0.8587770061728396 0.10972222222222221 0.14567901234567898
3 0.5484375 0.7541473765432098 0.0875 0.08641975308641975