0 0.7890625 0.11302083333333332 0.0375 0.06666666666666667
0 0.6826388888888889 0.07330246913580248 0.04027777777777777 0.07160493827160494
0 0.6784722222222223 0.4523341049382716 0.04444444444444444 0.0765432098765432
0 0.8852430555555555 0.39673996913580245 0.04861111111111111 0.07160493827160494
0 0.78125 0.5426311728395061 0.05 0.07901234567901234
0 0.8133680555555556 0.712866512345679 0.0611111111111111 0.09135802469135802
0 0.7125 0.7201774691358025 0.0375 0.07160493827160494
0 0.5845486111111111 0.568287037037037 0.034722222222222224 0.07407407407407407
0 0.5152777777777777 0.4674575617283951 0.043055555555555555 0.05679012345679012
0 0.47777777777777775 0.5074266975308641 0.043055555555555555 0.06172839506172839
0 0.5190972222222222 0.6473186728395062 0.04444444444444444 0.07901234567901234
0 0.14565972222222223 0.4872106481481482 0.08194444444444444 0.0962962962962963
3 0.9751736111111111 0.6053819444444445 0.04722222222222222 0.08888888888888888
3 0.7440972222222222 0.8513503086419754 0.04444444444444444 0.08395061728395062
3 0.609201388888889 0.9560378086419753 0.06527777777777778 0.08395061728395062