0 0.40850694444444446 0.14056712962962964 0.03888888888888888 0.059259259259259255
1 0.677951388888889 0.4594135802469136 0.06527777777777778 0.09382716049382715
3 0.12135416666666665 0.8602430555555556 0.07083333333333333 0.11111111111111112
0 0.37395833333333334 0.49930555555555556 0.05416666666666666 0.11111111111111112
0 0.6159722222222223 0.7771990740740741 0.06944444444444445 0.14814814814814814
0 0.6163194444444444 0.9392746913580247 0.06388888888888888 0.11604938271604937
0 0.9239583333333334 0.7069637345679013 0.10416666666666666 0.13580246913580246
3 0.1892361111111111 0.5733217592592592 0.07222222222222222 0.11851851851851851
0 0.5895833333333333 0.18580246913580248 0.041666666666666664 0.07160493827160494
0 0.3607638888888889 0.3242091049382716 0.04027777777777777 0.0765432098765432
2 0.33819444444444446 0.6482060185185186 0.02638888888888889 0.037037037037037035
3 0.3104166666666667 0.4372878086419753 0.05833333333333333 0.08395061728395062
1 0.5602430555555555 0.7009452160493828 0.03611111111111111 0.09876543209876543
3 0.5569444444444445 0.851195987654321 0.05138888888888889 0.10864197530864197
1 0.17569444444444443 0.761304012345679 0.10138888888888889 0.09135802469135802
1 0.13142361111111112 0.9390239197530864 0.04722222222222222 0.10617283950617282