1 0.16458333333333333 0.5644675925925926 0.05416666666666666 0.18518518518518517
1 0.9019097222222221 0.8058449074074074 0.19444444444444445 0.2148148148148148
1 0.8368055555555556 0.6734375 0.32361111111111107 0.2
1 0.7447916666666667 0.924074074074074 0.13333333333333333 0.14814814814814814
1 0.751736111111111 0.8497106481481481 0.22222222222222224 0.2962962962962963
2 0.7144097222222222 0.5654899691358024 0.15694444444444444 0.2716049382716049
0 0.6166666666666667 0.8880015432098766 0.14583333333333331 0.21975308641975308
0 0.47899305555555555 0.8745949074074074 0.12361111111111109 0.2148148148148148
1 0.5277777777777778 0.7191743827160494 0.28055555555555556 0.23209876543209873
2 0.5454861111111111 0.609104938271605 0.1222222222222222 0.14320987654320988
2 0.6050347222222222 0.4648919753086419 0.10694444444444444 0.21728395061728395
2 0.534375 0.4521412037037037 0.0875 0.2074074074074074
2 0.6109375 0.2263888888888889 0.0625 0.17777777777777776
0 0.3861111111111111 0.6117476851851852 0.08472222222222223 0.17037037037037037
0 0.49097222222222225 0.37862654320987654 0.09444444444444444 0.21975308641975308
0 0.5630208333333333 0.19868827160493827 0.10416666666666666 0.20987654320987653
0 0.4890625 0.10788966049382716 0.1 0.1876543209876543
1 0.33524305555555556 0.25515046296296295 0.11111111111111112 0.1259259259259259
1 0.28072916666666664 0.2140817901234568 0.08333333333333333 0.24691358024691357
0 0.41631944444444446 0.24012345679012345 0.08888888888888888 0.18024691358024691
1 0.4053819444444445 0.33659336419753083 0.17638888888888887 0.1950617283950617
1 0.24930555555555553 0.47106481481481477 0.08611111111111111 0.22962962962962963
1 0.33090277777777777 0.828028549382716 0.11805555555555555 0.16543209876543208
1 0.24670138888888887 0.9202932098765432 0.15277777777777776 0.1530864197530864
1 0.2564236111111111 0.7330246913580247 0.09722222222222222 0.3160493827160494
1 0.12309027777777777 0.9414930555555555 0.06805555555555555 0.11111111111111112
1 0.11597222222222223 0.7866898148148148 0.06944444444444445 0.22962962962962963
0 0.38472222222222224 0.9424768518518519 0.06944444444444445 0.1037037037037037