3 0.3923611111111111 0.7124614197530864 0.07222222222222222 0.10617283950617282
3 0.3470486111111111 0.6548996913580247 0.07222222222222222 0.11604938271604937
0 0.18524305555555556 0.49625771604938274 0.0611111111111111 0.09876543209876543
0 0.6550347222222223 0.6989776234567902 0.08194444444444444 0.11358024691358024
0 0.8921875 0.28196373456790125 0.0875 0.13580246913580246
0 0.5914930555555555 0.09758873456790122 0.0736111111111111 0.13580246913580246
0 0.4338541666666667 0.12193287037037037 0.07083333333333333 0.14074074074074075
3 0.19479166666666664 0.8969907407407407 0.08333333333333333 0.08148148148148147
3 0.6977430555555555 0.7946952160493828 0.0611111111111111 0.09876543209876543
3 0.8548611111111111 0.9585841049382717 0.09722222222222222 0.0765432098765432
3 0.7753472222222222 0.19184027777777776 0.09444444444444444 0.15555555555555553