0 0.6463541666666667 0.487962962962963 0.08333333333333333 0.1259259259259259
3 0.5387152777777777 0.05536265432098766 0.043055555555555555 0.04197530864197531
1 0.5385416666666667 0.10223765432098766 0.03333333333333333 0.04197530864197531
1 0.5142361111111111 0.15974151234567902 0.034722222222222224 0.09135802469135802
1 0.6796875 0.08998842592592593 0.0625 0.05185185185185185
1 0.6147569444444445 0.06811342592592592 0.05138888888888889 0.05185185185185185
3 0.6355902777777778 0.5913966049382716 0.043055555555555555 0.0765432098765432
3 0.4053819444444445 0.934837962962963 0.08888888888888888 0.1259259259259259
0 0.7414930555555556 0.9329475308641975 0.11111111111111112 0.12839506172839504
0 0.2626736111111111 0.0511766975308642 0.04722222222222222 0.06172839506172839
0 0.26319444444444445 0.6118441358024691 0.06388888888888888 0.20493827160493824
3 0.6661458333333333 0.8011188271604939 0.041666666666666664 0.12098765432098765
3 0.578125 0.6806520061728395 0.075 0.14567901234567898
0 0.6821180555555555 0.1621141975308642 0.04861111111111111 0.06172839506172839
3 0.6439236111111111 0.3418016975308642 0.034722222222222224 0.06172839506172839
3 0.5670138888888889 0.3289737654320988 0.05277777777777778 0.06419753086419752
3 0.836111111111111 0.3757716049382716 0.08472222222222223 0.0765432098765432
0 0.23472222222222222 0.4312114197530864 0.03194444444444444 0.10617283950617282
1 0.8555555555555555 0.17924382716049383 0.04861111111111111 0.12098765432098765
1 0.37274305555555554 0.1933641975308642 0.08611111111111111 0.06172839506172839
0 0.36527777777777776 0.045177469135802464 0.043055555555555555 0.07160493827160494
1 0.9638888888888889 0.5756365740740741 0.06527777777777778 0.14814814814814814