0 0.07378472222222222 0.8291280864197532 0.14444444444444443 0.23950617283950618
0 0.2107638888888889 0.857349537037037 0.16527777777777777 0.274074074074074
0 0.2171875 0.6353009259259259 0.1625 0.2518518518518518
0 0.1876736111111111 0.43167438271604935 0.13472222222222222 0.23209876543209873
2 0.4845486111111111 0.6108796296296296 0.1597222222222222 0.25925925925925924
0 0.3015625 0.41340663580246917 0.125 0.20493827160493824
0 0.35920138888888886 0.5415702160493827 0.16527777777777777 0.29876543209876544
0 0.36440972222222223 0.803858024691358 0.18194444444444444 0.38271604938271603
0 0.4932291666666666 0.8880015432098766 0.2333333333333333 0.21975308641975308
0 0.3177083333333333 0.23667052469135802 0.11666666666666665 0.18271604938271604
0 0.3876736111111111 0.2671682098765432 0.1222222222222222 0.1530864197530864
0 0.43888888888888894 0.3798611111111111 0.12777777777777777 0.22222222222222224
0 0.43472222222222223 0.11537422839506173 0.13194444444444445 0.19012345679012346
0 0.5116319444444445 0.19934413580246912 0.11388888888888889 0.20493827160493824
0 0.565625 0.37690972222222224 0.1625 0.2444444444444444
0 0.6105902777777777 0.23429783950617283 0.13055555555555556 0.21234567901234563
0 0.6357638888888889 0.6055555555555555 0.17777777777777776 0.31111111111111106
0 0.7243055555555555 0.851929012345679 0.2111111111111111 0.29135802469135796
0 0.80625 0.6291666666666667 0.2 0.3333333333333333
0 0.7555555555555555 0.4026427469135802 0.14861111111111108 0.22716049382716047
0 0.7571180555555556 0.23346836419753086 0.14861111111111108 0.1950617283950617
0 0.726388888888889 0.10040509259259259 0.12777777777777777 0.18518518518518517
0 0.9100694444444445 0.41550925925925924 0.17638888888888887 0.31851851851851853