2 0.5505208333333333 0.4609760802469136 0.05416666666666666 0.09382716049382715
3 0.5498263888888889 0.32785493827160495 0.09027777777777776 0.14320987654320988
3 0.33038194444444446 0.34974922839506173 0.10138888888888889 0.19012345679012346
0 0.8604166666666666 0.06080246913580247 0.04583333333333333 0.07160493827160494
0 0.8977430555555556 0.18317901234567902 0.0736111111111111 0.09135802469135802
0 0.671701388888889 0.22899305555555555 0.10277777777777777 0.11111111111111112
0 0.7229166666666667 0.19446373456790123 0.08333333333333333 0.13580246913580246
0 0.6625 0.9304012345679012 0.1625 0.13580246913580246
0 0.8163194444444445 0.37635030864197533 0.15138888888888888 0.2839506172839506
0 0.6972222222222222 0.5138695987654321 0.18194444444444444 0.33086419753086416
0 0.4253472222222222 0.3771604938271605 0.10694444444444444 0.254320987654321