0 0.48715277777777777 0.24369212962962963 0.03055555555555555 0.059259259259259255
0 0.53125 0.30331790123456787 0.0375 0.0691358024691358
0 0.1951388888888889 0.245679012345679 0.05277777777777778 0.09135802469135802
0 0.3076388888888889 0.28267746913580244 0.04027777777777777 0.07160493827160494
0 0.7076388888888889 0.7488811728395062 0.05277777777777778 0.07901234567901234
0 0.7166666666666667 0.8564429012345679 0.04583333333333333 0.0691358024691358
0 0.6413194444444444 0.9288194444444444 0.05138888888888889 0.08888888888888888
0 0.40017361111111105 0.8634452160493827 0.04722222222222222 0.09876543209876543
0 0.18854166666666666 0.9134452160493828 0.05833333333333333 0.09876543209876543
0 0.21579861111111112 0.7560570987654321 0.07222222222222222 0.1308641975308642
0 0.09600694444444444 0.6253858024691358 0.08888888888888888 0.1382716049382716