1 0.11909722222222223 0.3622878086419753 0.15694444444444444 0.08395061728395062
3 0.779513888888889 0.1695216049382716 0.05277777777777778 0.0765432098765432
3 0.8159722222222221 0.20956790123456787 0.04444444444444444 0.0691358024691358
0 0.8432291666666666 0.07955246913580247 0.04583333333333333 0.07160493827160494
0 0.5598958333333333 0.11064814814814813 0.05416666666666666 0.0962962962962963
0 0.8217013888888889 0.15306712962962962 0.04027777777777777 0.059259259259259255
0 0.8796875 0.1908179012345679 0.05 0.0691358024691358
0 0.8678819444444444 0.2691936728395062 0.05138888888888889 0.07901234567901234
0 0.9663194444444445 0.4189621913580247 0.06388888888888888 0.11604938271604937
0 0.35885416666666664 0.2263888888888889 0.09583333333333333 0.17777777777777776
0 0.2791666666666667 0.29832175925925924 0.07083333333333333 0.11851851851851851
0 0.26666666666666666 0.42415123456790127 0.08333333333333333 0.13580246913580246
3 0.5802083333333333 0.34645061728395066 0.10416666666666666 0.16790123456790124
2 0.20086805555555554 0.5313657407407407 0.0611111111111111 0.08148148148148147
3 0.28246527777777775 0.6030285493827161 0.09305555555555554 0.16543209876543208