1 0.9777777777777779 0.7152199074074075 0.043055555555555555 0.2148148148148148
3 0.48194444444444445 0.26838348765432096 0.06388888888888888 0.10864197530864197
0 0.35434027777777777 0.0970679012345679 0.043055555555555555 0.0691358024691358
0 0.39305555555555555 0.06352237654320987 0.04861111111111111 0.08641975308641975
0 0.6048611111111111 0.12881944444444443 0.04722222222222222 0.08888888888888888
0 0.6559027777777777 0.20538194444444446 0.05555555555555556 0.08888888888888888
0 0.6949652777777777 0.2728973765432099 0.043055555555555555 0.08641975308641975
0 0.8651041666666666 0.13038194444444445 0.04583333333333333 0.08888888888888888
0 0.9534722222222222 0.1538966049382716 0.04444444444444444 0.0765432098765432
0 0.8310763888888889 0.45109953703703703 0.04027777777777777 0.07407407407407407
0 0.7532986111111111 0.37083333333333335 0.034722222222222224 0.06666666666666667
0 0.7239583333333333 0.41886574074074073 0.05416666666666666 0.08148148148148147
0 0.3265625 0.4427276234567901 0.05 0.11358024691358024
0 0.3494791666666667 0.5382908950617284 0.05833333333333333 0.12345679012345678
0 0.16041666666666665 0.3303047839506173 0.05833333333333333 0.10123456790123457
0 0.03628472222222222 0.3593364197530864 0.06944444444444445 0.10617283950617282
3 0.38993055555555556 0.930150462962963 0.0736111111111111 0.1259259259259259
3 0.4036458333333333 0.7714313271604938 0.06666666666666667 0.12098765432098765
1 0.11649305555555556 0.5893518518518518 0.08611111111111111 0.1037037037037037