0 0.28003472222222225 0.08678626543209876 0.03194444444444444 0.06419753086419752
0 0.06423611111111112 0.18194444444444444 0.04722222222222222 0.08888888888888888
1 0.5309027777777777 0.397974537037037 0.06805555555555555 0.07407407407407407
1 0.5748263888888889 0.5236304012345678 0.07777777777777777 0.0691358024691358
3 0.34635416666666663 0.33917824074074077 0.04583333333333333 0.08148148148148147
3 0.34652777777777777 0.21738040123456787 0.043055555555555555 0.0691358024691358
3 0.3876736111111111 0.28325617283950616 0.04722222222222222 0.07901234567901234
3 0.7546875 0.1830054012345679 0.0375 0.0691358024691358
3 0.6369791666666667 0.34749228395061726 0.05833333333333333 0.10123456790123457
3 0.7085069444444445 0.36606867283950617 0.03888888888888888 0.07901234567901234
3 0.73125 0.505787037037037 0.075 0.07407407407407407
3 0.781423611111111 0.47100694444444446 0.07222222222222222 0.08888888888888888
3 0.7272569444444444 0.4255208333333333 0.06388888888888888 0.06666666666666667
3 0.7574652777777777 0.38177083333333334 0.06805555555555555 0.06666666666666667
0 0.7472222222222222 0.6461805555555555 0.09444444444444444 0.11111111111111112
3 0.12621527777777777 0.9500385802469136 0.08055555555555555 0.09382716049382715