3 0.8359375 0.3922260802469136 0.05 0.09382716049382715
3 0.6465277777777778 0.8935378086419753 0.05555555555555556 0.08395061728395062
0 0.24947916666666664 0.5066743827160494 0.020833333333333332 0.03209876543209876
0 0.04114583333333333 0.6537229938271605 0.041666666666666664 0.05432098765432099
0 0.507638888888889 0.6662229938271605 0.02777777777777778 0.05432098765432099
0 0.25798611111111114 0.9623649691358025 0.04722222222222222 0.07160493827160494
0 0.16909722222222223 0.7862075617283951 0.03194444444444444 0.05679012345679012
0 0.33611111111111114 0.5989583333333333 0.034722222222222224 0.06666666666666667
0 0.33402777777777776 0.4625192901234568 0.03055555555555555 0.046913580246913576
0 0.5625 0.6281442901234568 0.025 0.046913580246913576
0 0.7708333333333333 0.6343171296296296 0.041666666666666664 0.059259259259259255
0 0.8505208333333334 0.25003858024691356 0.05416666666666666 0.09382716049382715
0 0.6102430555555556 0.33784722222222224 0.03611111111111111 0.04444444444444444
0 0.5586805555555555 0.23333333333333334 0.03611111111111111 0.06666666666666667