0 0.5215277777777778 0.4268518518518518 0.043055555555555555 0.1037037037037037
0 0.6427083333333333 0.13582175925925927 0.05416666666666666 0.11851851851851851
0 0.7791666666666667 0.29166666666666663 0.07083333333333333 0.13333333333333333
0 0.19444444444444445 0.5575424382716049 0.07638888888888888 0.14320987654320988
3 0.03923611111111111 0.2351466049382716 0.05972222222222222 0.0765432098765432
3 0.08958333333333332 0.4278549382716049 0.09166666666666666 0.14320987654320988
3 0.3810763888888889 0.22216435185185185 0.05277777777777778 0.1037037037037037
3 0.5645833333333333 0.2780864197530864 0.05416666666666666 0.10617283950617282
3 0.43472222222222223 0.5609760802469136 0.05694444444444444 0.09382716049382715
3 0.9697916666666666 0.7765239197530864 0.05833333333333333 0.10617283950617282
3 0.9465277777777779 0.9244020061728395 0.10555555555555556 0.14567901234567898
3 0.5826388888888889 0.8922453703703704 0.06527777777777778 0.14074074074074075
3 0.48888888888888893 0.8076967592592592 0.06527777777777778 0.11851851851851851
3 0.1546875 0.7637152777777778 0.1 0.15555555555555553
3 0.11996527777777777 0.900462962962963 0.08055555555555555 0.1259259259259259