3 0.6048611111111111 0.4642554012345679 0.04722222222222222 0.0691358024691358
3 0.434375 0.2732445987654321 0.0875 0.1308641975308642
3 0.4927083333333333 0.6159336419753086 0.09166666666666666 0.1506172839506173
3 0.5600694444444445 0.7125578703703704 0.07638888888888888 0.14074074074074075
3 0.09635416666666666 0.24265046296296297 0.08333333333333333 0.1259259259259259
0 0.5125 0.37636959876543213 0.075 0.1308641975308642
0 0.6347222222222222 0.347241512345679 0.05694444444444444 0.09135802469135802
1 0.6152777777777778 0.695949074074074 0.06805555555555555 0.14814814814814814
1 0.325 0.3585262345679012 0.0875 0.13580246913580246
0 0.34930555555555554 0.8361882716049382 0.1361111111111111 0.20987654320987653
0 0.5020833333333333 0.9753472222222221 0.07916666666666666 0.04444444444444444
0 0.790798611111111 0.9623649691358025 0.1222222222222222 0.07160493827160494
1 0.836111111111111 0.8894483024691358 0.05972222222222222 0.1382716049382716
0 0.9152777777777779 0.18815586419753086 0.16805555555555554 0.1950617283950617