1 0.7631944444444445 0.4813271604938271 0.11388888888888889 0.1876543209876543
1 0.6529513888888889 0.7893518518518519 0.05277777777777778 0.1037037037037037
1 0.5427083333333333 0.7149305555555555 0.09166666666666666 0.11111111111111112
0 0.960763888888889 0.2303047839506173 0.05277777777777778 0.10123456790123457
0 0.80625 0.1794945987654321 0.075 0.1308641975308642
3 0.09288194444444445 0.45966435185185184 0.07638888888888888 0.1037037037037037
3 0.2 0.41311728395061725 0.0875 0.10123456790123457
3 0.3519097222222222 0.5195216049382716 0.06944444444444445 0.0765432098765432
3 0.26510416666666664 0.6275077160493827 0.08333333333333333 0.09876543209876543
3 0.4390625 0.5564621913580247 0.075 0.11604938271604937
3 0.6848958333333333 0.46759259259259256 0.09166666666666666 0.18518518518518517
0 0.5673611111111111 0.8929976851851851 0.08472222222222223 0.17037037037037037
3 0.4835069444444445 0.9244020061728395 0.07638888888888888 0.14567901234567898
3 0.39722222222222225 0.9497106481481481 0.10694444444444444 0.0962962962962963