0 0.5434027777777778 0.4956018518518518 0.043055555555555555 0.1037037037037037
3 0.36163194444444446 0.49419367283950616 0.05138888888888889 0.07901234567901234
3 0.5625 0.38105709876543215 0.05 0.1308641975308642
3 0.8446180555555556 0.21903935185185186 0.08611111111111111 0.1037037037037037
3 0.9394097222222222 0.31419753086419755 0.09444444444444444 0.12839506172839504
3 0.6065972222222222 0.7044945987654321 0.06944444444444445 0.1308641975308642
3 0.43107638888888894 0.960474537037037 0.09027777777777776 0.07407407407407407
0 0.23628472222222224 0.4843557098765432 0.08194444444444444 0.1530864197530864
0 0.14131944444444444 0.21427469135802468 0.07638888888888888 0.11604938271604937
0 0.21493055555555554 0.13350694444444444 0.0736111111111111 0.08888888888888888
0 0.340625 0.29166666666666663 0.0625 0.13333333333333333
0 0.4661458333333333 0.09585262345679012 0.06666666666666667 0.11358024691358024
0 0.6272569444444445 0.2222608024691358 0.07638888888888888 0.1382716049382716
0 0.7328125 0.5330439814814815 0.1 0.16296296296296295
0 0.7633680555555555 0.9307291666666666 0.12361111111111109 0.13333333333333333