0 0.43888888888888894 0.1617091049382716 0.04027777777777777 0.0765432098765432
0 0.4354166666666667 0.31770833333333337 0.03333333333333333 0.06666666666666667
0 0.45815972222222223 0.26317515432098765 0.01944444444444444 0.04197530864197531
0 0.4805555555555555 0.25848765432098764 0.02361111111111111 0.04197530864197531
0 0.4010416666666667 0.3148341049382716 0.04583333333333333 0.0765432098765432
0 0.20607638888888888 0.1658179012345679 0.06527777777777778 0.0691358024691358
0 0.1484375 0.15356867283950618 0.05 0.07901234567901234
0 0.05902777777777777 0.28441358024691354 0.08055555555555555 0.09382716049382715
0 0.4803819444444445 0.5361304012345679 0.02638888888888889 0.0691358024691358
0 0.503125 0.5692708333333333 0.0375 0.06666666666666667
0 0.547048611111111 0.6142554012345679 0.04722222222222222 0.0691358024691358
0 0.17586805555555557 0.530150462962963 0.0736111111111111 0.1259259259259259
0 0.29322916666666665 0.6502121913580247 0.05833333333333333 0.11604938271604937
0 0.36006944444444444 0.7275848765432099 0.05138888888888889 0.08641975308641975