1 0.7861111111111111 0.4070408950617284 0.1597222222222222 0.12345679012345678
1 0.7355902777777777 0.28449074074074077 0.15555555555555553 0.08148148148148147
0 0.7430555555555556 0.16832561728395062 0.09861111111111111 0.16790123456790124
0 0.346875 0.3008873456790123 0.1125 0.1580246913580247
0 0.4027777777777778 0.437962962962963 0.10555555555555556 0.1259259259259259
0 0.2782986111111111 0.23508873456790122 0.07222222222222222 0.13580246913580246
0 0.5708333333333333 0.9500385802469136 0.10416666666666666 0.09382716049382715
0 0.40902777777777777 0.6130208333333333 0.13055555555555556 0.26666666666666666
0 0.5565972222222222 0.5290895061728395 0.08194444444444444 0.14567901234567898
0 0.6105902777777777 0.7120949074074074 0.11805555555555555 0.2148148148148148
0 0.3317708333333333 0.9180748456790123 0.12916666666666665 0.1580246913580247
0 0.25017361111111114 0.4780864197530864 0.08472222222222223 0.10617283950617282
0 0.18385416666666665 0.6595486111111111 0.14583333333333331 0.22222222222222224
0 0.46631944444444445 0.23755787037037038 0.08888888888888888 0.14074074074074075
0 0.37621527777777775 0.1466820987654321 0.08055555555555555 0.1308641975308642
0 0.26805555555555555 0.07102623456790122 0.0736111111111111 0.13580246913580246
0 0.18177083333333333 0.17349537037037038 0.09166666666666666 0.14074074074074075
0 0.10399305555555556 0.3935570987654321 0.11111111111111112 0.1308641975308642