0 0.24288194444444447 0.5026234567901234 0.10138888888888889 0.18024691358024691
0 0.3420138888888889 0.06732253086419752 0.07777777777777777 0.12839506172839504
0 0.532986111111111 0.5463541666666667 0.07222222222222222 0.13333333333333333
0 0.4763888888888889 0.6586033950617284 0.06527777777777778 0.12345679012345678
0 0.4057291666666667 0.8831983024691358 0.07083333333333333 0.1382716049382716
0 0.5006944444444444 0.9411651234567902 0.07638888888888888 0.11358024691358024
0 0.628125 0.9456018518518519 0.1 0.1037037037037037
3 0.5107638888888889 0.3820408950617284 0.07777777777777777 0.12345679012345678
3 0.5376736111111111 0.2226658950617284 0.05972222222222222 0.12345679012345678
3 0.6012152777777777 0.11566358024691356 0.05555555555555556 0.09382716049382715
0 0.3980902777777778 0.6003858024691358 0.08055555555555555 0.1382716049382716