1 0.8744791666666666 0.17004243827160495 0.13333333333333333 0.14320987654320988
3 0.6980902777777778 0.5070601851851853 0.10555555555555556 0.17037037037037037
3 0.7359375 0.21824845679012345 0.1 0.18024691358024691
3 0.6229166666666667 0.2476851851851852 0.08333333333333333 0.17037037037037037
3 0.5208333333333333 0.1863425925925926 0.10416666666666666 0.18518518518518517
0 0.2730902777777778 0.9563657407407407 0.11805555555555555 0.08148148148148147
0 0.3170138888888889 0.7681712962962963 0.12777777777777777 0.1925925925925926
0 0.47465277777777776 0.7005594135802469 0.09305555555555554 0.16049382716049382
0 0.8133680555555556 0.7671682098765432 0.08611111111111111 0.1530864197530864
0 0.7232638888888889 0.8325424382716049 0.07777777777777777 0.14320987654320988
0 0.7444444444444445 0.6326195987654322 0.07638888888888888 0.1308641975308642
0 0.5677083333333333 0.5490933641975309 0.09166666666666666 0.1950617283950617
0 0.4760416666666667 0.46182484567901233 0.08333333333333333 0.1580246913580247
0 0.3786458333333333 0.5564043209876542 0.10416666666666666 0.17530864197530863
0 0.23090277777777776 0.5782793209876542 0.10555555555555556 0.17530864197530863
0 0.7897569444444444 0.3720871913580247 0.10138888888888889 0.11604938271604937
0 0.2534722222222222 0.13869598765432098 0.09444444444444444 0.10864197530864197
0 0.03350694444444444 0.2540123456790123 0.06388888888888888 0.1580246913580247