0 0.12395833333333332 0.5706983024691358 0.09166666666666666 0.1382716049382716
0 0.21597222222222223 0.6156828703703704 0.08194444444444444 0.14074074074074075
0 0.09861111111111112 0.7765239197530864 0.08472222222222223 0.10617283950617282
0 0.36597222222222225 0.9414930555555555 0.11944444444444444 0.11111111111111112
0 0.175 0.9244020061728395 0.1375 0.14567901234567898
2 0.1423611111111111 0.3462577160493827 0.07222222222222222 0.09876543209876543
2 0.4887152777777778 0.5167438271604938 0.08055555555555555 0.12098765432098765
2 0.6015625 0.6146026234567901 0.0625 0.11358024691358024
2 0.6965277777777777 0.8067901234567902 0.05555555555555556 0.11358024691358024
1 0.7875 0.5590277777777778 0.125 0.15555555555555553
1 0.750173611111111 0.6782986111111111 0.08472222222222223 0.22222222222222224
3 0.5609375 0.7178047839506172 0.0625 0.10123456790123457