0 0.3003472222222222 0.1373070987654321 0.06944444444444445 0.1308641975308642
0 0.421875 0.05991512345679012 0.0625 0.11358024691358024
0 0.49930555555555556 0.05003858024691358 0.0611111111111111 0.09382716049382715
0 0.3784722222222222 0.2509645061728395 0.06944444444444445 0.14567901234567898
0 0.34322916666666664 0.40038580246913574 0.08333333333333333 0.1382716049382716
0 0.49357638888888894 0.5494984567901234 0.11527777777777777 0.18024691358024691
0 0.49097222222222225 0.18072916666666666 0.06944444444444445 0.13333333333333333
0 0.5852430555555556 0.1810570987654321 0.0736111111111111 0.1308641975308642
0 0.6916666666666667 0.230150462962963 0.07083333333333333 0.1259259259259259
0 0.7027777777777777 0.5559220679012346 0.09305555555555554 0.20246913580246914
0 0.8336805555555555 0.7254050925925926 0.11111111111111112 0.18518518518518517
3 0.7876736111111111 0.4612654320987654 0.1222222222222222 0.19753086419753085
3 0.5994791666666667 0.39436728395061726 0.08333333333333333 0.10123456790123457
3 0.4149305555555555 0.9329475308641975 0.11111111111111112 0.12839506172839504
1 0.6513888888888889 0.7578896604938271 0.19027777777777777 0.1876543209876543
1 0.6845486111111111 0.33433641975308637 0.1222222222222222 0.10617283950617282
1 0.5902777777777778 0.2868827160493827 0.06805555555555555 0.09876543209876543