0 0.37760416666666663 0.058912037037037034 0.03333333333333333 0.07407407407407407
0 0.17881944444444445 0.4301311728395062 0.06388888888888888 0.07901234567901234
0 0.4331597222222222 0.5306327160493828 0.04444444444444444 0.09876543209876543
0 0.4770833333333333 0.508912037037037 0.05416666666666666 0.07407407407407407
0 0.4682291666666667 0.7543981481481482 0.04583333333333333 0.0962962962962963
0 0.525 0.9248070987654321 0.075 0.1308641975308642
0 0.44809027777777777 0.9649112654320987 0.06805555555555555 0.06419753086419752
3 0.3779513888888889 0.4496913580246914 0.04027777777777777 0.04938271604938271
3 0.4960069444444445 0.5977237654320987 0.06388888888888888 0.06419753086419752
3 0.538888888888889 0.7304783950617284 0.07777777777777777 0.12345679012345678
1 0.6868055555555556 0.7529128086419753 0.11111111111111112 0.08395061728395062
0 0.33697916666666666 0.27486496913580244 0.04583333333333333 0.07160493827160494