0 0.5930555555555556 0.19498456790123458 0.11111111111111112 0.20246913580246914
0 0.7076388888888889 0.3153742283950617 0.09027777777777776 0.19012345679012346
0 0.8038194444444444 0.3174961419753086 0.08888888888888888 0.1506172839506173
0 0.28246527777777775 0.7106095679012345 0.10555555555555556 0.20246913580246914
0 0.33003472222222224 0.9351658950617283 0.10694444444444444 0.12345679012345678
0 0.4739583333333333 0.9326195987654321 0.10416666666666666 0.1308641975308642
3 0.10086805555555553 0.3559220679012346 0.1736111111111111 0.20246913580246914
3 0.46631944444444445 0.5662229938271605 0.15138888888888888 0.254320987654321
3 0.5541666666666667 0.7871527777777778 0.08333333333333333 0.15555555555555553
3 0.7262152777777777 0.5922260802469136 0.05555555555555556 0.09382716049382715
1 0.6831597222222222 0.5431134259259259 0.05694444444444444 0.2518518518518518
3 0.8861111111111111 0.1896026234567901 0.05972222222222222 0.11358024691358024
3 0.11267361111111111 0.5888117283950617 0.1222222222222222 0.19012345679012346
3 0.8796875 0.3546489197530864 0.05 0.10617283950617282