2 0.6201388888888889 0.17118055555555556 0.07777777777777777 0.11111111111111112
1 0.23142361111111112 0.26979166666666665 0.08472222222222223 0.13333333333333333
0 0.017708333333333333 0.39315200617283946 0.029166666666666664 0.14567901234567898
0 0.10104166666666665 0.3461033950617284 0.07083333333333333 0.12345679012345678
0 0.32152777777777775 0.620216049382716 0.10555555555555556 0.16543209876543208
0 0.1642361111111111 0.1757908950617284 0.08472222222222223 0.12345679012345678
0 0.20833333333333334 0.052507716049382716 0.07916666666666666 0.09876543209876543
0 0.03888888888888889 0.1693672839506173 0.05277777777777778 0.10123456790123457
3 0.11041666666666665 0.06979166666666667 0.09583333333333333 0.13333333333333333
1 0.26979166666666665 0.8621720679012345 0.10833333333333332 0.20246913580246914
1 0.6751736111111111 0.7439621913580247 0.07222222222222222 0.3160493827160494
2 0.560763888888889 0.7762152777777778 0.09027777777777776 0.15555555555555553
1 0.8496527777777778 0.4301118827160494 0.06805555555555555 0.23209876543209873