0 0.38819444444444445 0.3005401234567901 0.06388888888888888 0.11358024691358024
1 0.7407986111111111 0.7586226851851852 0.1472222222222222 0.17037037037037037
1 0.6039930555555555 0.6239390432098766 0.0611111111111111 0.21975308641975308
3 0.5444444444444445 0.3243441358024691 0.12638888888888888 0.20493827160493824
0 0.8546875 0.6689814814814815 0.1 0.16296296296296295
0 0.6597222222222222 0.41494984567901233 0.09444444444444444 0.1580246913580247
0 0.9395833333333334 0.33520447530864195 0.11666666666666665 0.21728395061728395
0 0.7616319444444445 0.09461805555555555 0.05138888888888889 0.11111111111111112
0 0.7102430555555556 0.23763503086419754 0.0736111111111111 0.12839506172839504
0 0.6340277777777777 0.09274691358024692 0.09305555555555554 0.16049382716049382
0 0.3993055555555555 0.9304012345679012 0.08611111111111111 0.13580246913580246
0 0.4135416666666667 0.7735918209876542 0.10833333333333332 0.17530864197530863