0 0.07899305555555555 0.755054012345679 0.04861111111111111 0.09135802469135802
0 0.21041666666666664 0.6098186728395062 0.03333333333333333 0.07901234567901234
0 0.14027777777777778 0.7013503086419753 0.043055555555555555 0.08395061728395062
0 0.6241319444444444 0.5934606481481481 0.05138888888888889 0.0962962962962963
0 0.9105902777777779 0.3266010802469136 0.06805555555555555 0.09382716049382715
0 0.8524305555555556 0.2166473765432099 0.03611111111111111 0.08641975308641975
0 0.3076388888888889 0.025675154320987652 0.02777777777777778 0.04197530864197531
0 0.39913194444444444 0.06221064814814814 0.07638888888888888 0.0962962962962963
0 0.6583333333333333 0.17602237654320987 0.05416666666666666 0.08641975308641975
0 0.5859375 0.26631944444444444 0.0375 0.08888888888888888
0 0.5152777777777777 0.16712962962962963 0.043055555555555555 0.059259259259259255
0 0.42013888888888895 0.1501929012345679 0.04027777777777777 0.0691358024691358
0 0.30486111111111114 0.3783179012345679 0.034722222222222224 0.0691358024691358
0 0.30347222222222225 0.5905671296296295 0.04444444444444444 0.059259259259259255