0 0.8125 0.30979938271604934 0.025 0.03209876543209876
0 0.9175347222222221 0.23817515432098765 0.01944444444444444 0.04197530864197531
0 0.8994791666666666 0.3746913580246914 0.03333333333333333 0.04938271604938271
0 0.8779513888888889 0.3201774691358025 0.06527777777777778 0.07160493827160494
0 0.051215277777777776 0.9445216049382716 0.043055555555555555 0.0765432098765432
0 0.23107638888888887 0.551003086419753 0.02777777777777778 0.03950617283950617
0 0.26788194444444446 0.5878472222222222 0.02638888888888889 0.04444444444444444
0 0.14114583333333333 0.7456597222222222 0.029166666666666664 0.04444444444444444
0 0.27291666666666664 0.7684413580246914 0.03333333333333333 0.04938271604938271
0 0.8215277777777779 0.6865354938271605 0.03055555555555555 0.05432098765432099
0 0.8137152777777779 0.547145061728395 0.03055555555555555 0.05679012345679012
0 0.6961805555555556 0.9794560185185185 0.03611111111111111 0.037037037037037035
0 0.6454861111111111 0.9816743827160493 0.034722222222222224 0.03209876543209876
0 0.5465277777777777 0.969020061728395 0.043055555555555555 0.05679012345679012