1 0.7354166666666667 0.3322145061728395 0.08333333333333333 0.14567901234567898
3 0.2029513888888889 0.5415509259259259 0.05277777777777778 0.05185185185185185
3 0.6190972222222222 0.4413966049382716 0.04444444444444444 0.0765432098765432
3 0.5145833333333333 0.24510030864197532 0.05416666666666666 0.08395061728395062
3 0.5425347222222222 0.922145061728395 0.04444444444444444 0.05679012345679012
3 0.5517361111111111 0.8316165123456789 0.04722222222222222 0.09135802469135802
3 0.42378472222222224 0.904224537037037 0.05694444444444444 0.07407407407407407
0 0.8232638888888889 0.7179591049382716 0.04027777777777777 0.0765432098765432
0 0.8963541666666666 0.7680362654320987 0.04583333333333333 0.06419753086419752
0 0.6647569444444444 0.7541473765432098 0.05138888888888889 0.08641975308641975
0 0.7859375 0.8872106481481481 0.05 0.0962962962962963
0 0.4305555555555555 0.5958333333333333 0.04861111111111111 0.06666666666666667
0 0.7144097222222222 0.4851466049382716 0.04444444444444444 0.0765432098765432
0 0.6815972222222222 0.08119212962962963 0.03194444444444444 0.059259259259259255
0 0.5932291666666667 0.27413194444444444 0.04583333333333333 0.08888888888888888
0 0.34375 0.24830246913580245 0.05 0.07160493827160494