1 0.9180555555555555 0.5588734567901235 0.1611111111111111 0.18024691358024691
3 0.34184027777777776 0.6324459876543209 0.06805555555555555 0.10864197530864197
1 0.13385416666666666 0.6192708333333333 0.2458333333333333 0.26666666666666666
3 0.8013888888888889 0.8267361111111111 0.11527777777777777 0.22222222222222224
3 0.5694444444444444 0.5232060185185186 0.15138888888888888 0.23703703703703702
0 0.5125 0.8946566358024691 0.1 0.20493827160493824
0 0.9708333333333334 0.38815586419753084 0.05416666666666666 0.1950617283950617
0 0.6965277777777777 0.7363425925925926 0.10555555555555556 0.18518518518518517
0 0.7836805555555555 0.5191550925925925 0.12361111111111109 0.18518518518518517
0 0.8164930555555555 0.2537037037037037 0.12361111111111109 0.2074074074074074
0 0.42326388888888894 0.196875 0.11527777777777777 0.2
0 0.25277777777777777 0.33294753086419754 0.09305555555555554 0.12839506172839504
0 0.09340277777777778 0.4833912037037037 0.14305555555555555 0.2074074074074074