3 0.892361111111111 0.5281635802469136 0.07222222222222222 0.09382716049382715
3 0.5296875 0.9326195987654321 0.125 0.1308641975308642
0 0.7215277777777778 0.20794753086419754 0.08055555555555555 0.12839506172839504
0 0.6996527777777778 0.06410108024691358 0.06805555555555555 0.09382716049382715
0 0.6322916666666667 0.287962962962963 0.07083333333333333 0.1259259259259259
1 0.6704861111111111 0.5837191358024691 0.1222222222222222 0.20493827160493824
3 0.5390625 0.22191358024691357 0.0625 0.09382716049382715
3 0.4996527777777778 0.32168209876543213 0.09305555555555554 0.1308641975308642
1 0.2690972222222222 0.28466435185185185 0.18194444444444444 0.1037037037037037
3 0.3701388888888889 0.43508873456790126 0.09027777777777776 0.13580246913580246
3 0.20434027777777777 0.19519675925925925 0.10555555555555556 0.11851851851851851
0 0.7354166666666667 0.9136381172839506 0.08333333333333333 0.16790123456790124
0 0.0421875 0.5311342592592593 0.075 0.11851851851851851
0 0.1578125 0.7740933641975308 0.1125 0.1950617283950617
0 0.17777777777777776 0.5506365740740741 0.09305555555555554 0.14814814814814814
0 0.10902777777777777 0.3640239197530864 0.08055555555555555 0.10617283950617282
0 0.5480902777777777 0.052507716049382716 0.10555555555555556 0.09876543209876543
0 0.37309027777777776 0.08410493827160494 0.09305555555555554 0.14320987654320988
0 0.184375 0.050115740740740745 0.0875 0.08148148148148147
0 0.09930555555555556 0.19305555555555556 0.08611111111111111 0.11111111111111112