2 0.8902777777777778 0.3718942901234568 0.043055555555555555 0.046913580246913576
2 0.3397569444444445 0.5794560185185185 0.03888888888888888 0.037037037037037035
2 0.3173611111111111 0.6119405864197531 0.02222222222222222 0.03950617283950617
2 0.5053819444444445 0.5804398148148148 0.02638888888888889 0.029629629629629627
2 0.3746527777777778 0.3068479938271605 0.05555555555555556 0.05432098765432099
2 0.40069444444444446 0.2769097222222222 0.03888888888888888 0.04444444444444444
0 0.7909722222222222 0.7627314814814815 0.10694444444444444 0.16296296296296295
0 0.7553819444444445 0.6082175925925926 0.10138888888888889 0.18518518518518517
0 0.728125 0.43559027777777776 0.1125 0.15555555555555553
0 0.662326388888889 0.5241512345679012 0.09027777777777776 0.13580246913580246
0 0.8579861111111111 0.5092785493827161 0.1222222222222222 0.16543209876543208
0 0.8128472222222222 0.33869598765432096 0.06944444444444445 0.10864197530864197
0 0.8050347222222222 0.2097608024691358 0.06944444444444445 0.1382716049382716
0 0.7354166666666667 0.13022762345679012 0.05833333333333333 0.11358024691358024
0 0.6291666666666667 0.21903935185185186 0.07083333333333333 0.1037037037037037
0 0.4651041666666667 0.1834297839506173 0.05833333333333333 0.10123456790123457
0 0.296875 0.9095293209876543 0.0875 0.17530864197530863
0 0.5791666666666667 0.8103395061728396 0.07083333333333333 0.14567901234567898
0 0.4260416666666667 0.9370563271604938 0.09583333333333333 0.12098765432098765
0 0.48888888888888893 0.7480131172839506 0.07777777777777777 0.16790123456790124
0 0.4114583333333333 0.7710262345679013 0.06666666666666667 0.13580246913580246
0 0.3572916666666667 0.5081790123456791 0.05833333333333333 0.09135802469135802
0 0.28923611111111114 0.5206018518518518 0.07222222222222222 0.1037037037037037
0 0.4998263888888889 0.3677276234567901 0.07777777777777777 0.11358024691358024
0 0.37725694444444446 0.3826003086419753 0.06388888888888888 0.08395061728395062
0 0.425 0.4920524691358025 0.075 0.07160493827160494
0 0.40850694444444446 0.5762731481481482 0.07638888888888888 0.0962962962962963
0 0.2586805555555555 0.6424768518518518 0.0736111111111111 0.1037037037037037