3 0.1954861111111111 0.4254436728395062 0.04722222222222222 0.07901234567901234
0 0.42065972222222225 0.2884452160493827 0.05694444444444444 0.09876543209876543
0 0.4456597222222222 0.44388503086419756 0.06944444444444445 0.12839506172839504
0 0.5274305555555555 0.5379436728395062 0.0611111111111111 0.07901234567901234
0 0.4505208333333333 0.7160108024691357 0.09166666666666666 0.1382716049382716
0 0.5756944444444445 0.7925154320987654 0.10138888888888889 0.19753086419753085
0 0.6347222222222222 0.6587770061728395 0.06944444444444445 0.14567901234567898
0 0.6395833333333333 0.9582561728395061 0.07916666666666666 0.07901234567901234
0 0.45590277777777777 0.907716049382716 0.09305555555555554 0.16543209876543208
3 0.7755208333333333 0.5776041666666667 0.10416666666666666 0.13333333333333333
3 0.6729166666666667 0.5516782407407408 0.05833333333333333 0.08148148148148147
1 0.34184027777777776 0.7969907407407407 0.06805555555555555 0.2814814814814815
1 0.5770833333333333 0.2007716049382716 0.07916666666666666 0.0765432098765432