0 0.5472222222222223 0.1365354938271605 0.03194444444444444 0.05432098765432099
0 0.2951388888888889 0.34565972222222224 0.02777777777777778 0.04444444444444444
0 0.12829861111111113 0.908179012345679 0.07222222222222222 0.09135802469135802
0 0.2048611111111111 0.8041473765432098 0.04722222222222222 0.08641975308641975
0 0.40503472222222225 0.701099537037037 0.04444444444444444 0.07407407407407407
0 0.43420138888888893 0.5608796296296296 0.04027777777777777 0.059259259259259255
0 0.28680555555555554 0.5334104938271605 0.03611111111111111 0.05432098765432099
0 0.41180555555555554 0.3255979938271605 0.03611111111111111 0.05432098765432099
0 0.6815972222222222 0.5916473765432099 0.03194444444444444 0.08641975308641975
0 0.710763888888889 0.5755979938271605 0.02777777777777778 0.05432098765432099
0 0.11128472222222223 0.5206597222222222 0.04444444444444444 0.04444444444444444
0 0.23107638888888887 0.6103780864197531 0.02777777777777778 0.03950617283950617
0 0.36961805555555555 0.28036265432098767 0.02361111111111111 0.04197530864197531
3 0.08159722222222222 0.6422839506172839 0.03194444444444444 0.0345679012345679
3 0.14340277777777777 0.6686921296296295 0.043055555555555555 0.059259259259259255