3 0.19817708333333334 0.6995949074074075 0.06197916666666666 0.07731481481481481
0 0.754296875 0.7622685185185185 0.07421875 0.137037037037037
0 0.70546875 0.40173611111111107 0.0421875 0.08472222222222223
0 0.6322916666666667 0.29878472222222224 0.03333333333333333 0.05694444444444444
0 0.615234375 0.4106481481481482 0.03671875 0.08379629629629629
0 0.5665364583333333 0.5954282407407407 0.03619791666666666 0.06898148148148148
0 0.501171875 0.5333333333333333 0.03359375 0.06666666666666667
0 0.4233072916666667 0.1896412037037037 0.024739583333333332 0.032407407407407406
0 0.37630208333333337 0.1962962962962963 0.024479166666666666 0.030092592592592594
0 0.28958333333333336 0.26348379629629626 0.022916666666666665 0.04259259259259259
0 0.512890625 0.35028935185185184 0.03203125 0.0412037037037037
0 0.111328125 0.945138888888889 0.10078125 0.10277777777777777
0 0.028125 0.7549189814814815 0.053125 0.10046296296296295
0 0.06341145833333332 0.5002314814814814 0.05182291666666666 0.06296296296296296