0 0.34479166666666666 0.3976658950617284 0.07083333333333333 0.12345679012345678
0 0.4046875 0.6842592592592592 0.0625 0.11851851851851851
0 0.6185763888888889 0.6705246913580247 0.06527777777777778 0.11604938271604937
0 0.9760416666666666 0.3965856481481481 0.04583333333333333 0.0962962962962963
3 0.5899305555555555 0.25644290123456787 0.04861111111111111 0.0691358024691358
3 0.7828125 0.9582561728395061 0.0625 0.07901234567901234
3 0.859548611111111 0.9497106481481481 0.04722222222222222 0.0962962962962963
1 0.09131944444444444 0.31047453703703703 0.12638888888888888 0.07407407407407407
1 0.7133680555555555 0.6406828703703704 0.04861111111111111 0.14074074074074075
1 0.575 0.48188657407407404 0.0375 0.14814814814814814
3 0.7869791666666667 0.19459876543209878 0.04583333333333333 0.06419753086419752