0 0.20277777777777778 0.6929591049382716 0.043055555555555555 0.0765432098765432
0 0.07586805555555556 0.8614776234567902 0.0611111111111111 0.11358024691358024
0 0.049305555555555554 0.7146797839506173 0.0611111111111111 0.10123456790123457
0 0.4842013888888889 0.387037037037037 0.04027777777777777 0.07407407407407407
0 0.8637152777777779 0.8010609567901235 0.11805555555555555 0.18024691358024691
0 0.4229166666666667 0.5436921296296295 0.03333333333333333 0.059259259259259255
0 0.45486111111111105 0.5826003086419753 0.034722222222222224 0.08395061728395062
0 0.47152777777777777 0.8140239197530864 0.05555555555555556 0.10617283950617282
0 0.5352430555555555 0.7998842592592592 0.0736111111111111 0.11851851851851851
0 0.6284722222222222 0.8784336419753087 0.08194444444444444 0.1506172839506173
0 0.4770833333333333 0.9414930555555555 0.06666666666666667 0.11111111111111112
0 0.5479166666666667 0.930150462962963 0.08333333333333333 0.1259259259259259
1 0.5736111111111111 0.32528935185185187 0.07222222222222222 0.1037037037037037
1 0.7055555555555555 0.3002121913580247 0.14861111111111108 0.11604938271604937
1 0.5368055555555555 0.6254050925925926 0.0611111111111111 0.18518518518518517
1 0.732638888888889 0.04880401234567901 0.05277777777777778 0.09135802469135802