3 0.6057291666666667 0.7733796296296296 0.04583333333333333 0.059259259259259255
3 0.4427083333333333 0.7606288580246914 0.041666666666666664 0.04938271604938271
3 0.16059027777777776 0.3496141975308642 0.043055555555555555 0.06172839506172839
3 0.12638888888888888 0.2681134259259259 0.04027777777777777 0.05185185185185185
0 0.5930555555555556 0.5190200617283951 0.02361111111111111 0.05679012345679012
0 0.5930555555555556 0.3962384259259259 0.03611111111111111 0.05185185185185185
0 0.4989583333333333 0.4166280864197531 0.029166666666666664 0.03950617283950617
0 0.4697916666666667 0.4578317901234568 0.03333333333333333 0.046913580246913576
0 0.40902777777777777 0.43209876543209874 0.03055555555555555 0.06419753086419752
0 0.8081597222222221 0.8647762345679013 0.08194444444444444 0.13580246913580246
0 0.6274305555555555 0.8951774691358025 0.04861111111111111 0.07160493827160494
0 0.3857638888888889 0.9416473765432098 0.05277777777777778 0.08641975308641975
0 0.41232638888888895 0.8396604938271605 0.04027777777777777 0.05432098765432099
0 0.34010416666666665 0.6723186728395062 0.04583333333333333 0.07901234567901234
0 0.24479166666666666 0.4674575617283951 0.04583333333333333 0.05679012345679012