0 0.525173611111111 0.40462962962962956 0.02222222222222222 0.059259259259259255
0 0.4657986111111111 0.7005979938271605 0.034722222222222224 0.05432098765432099
0 0.3263888888888889 0.7798804012345679 0.04027777777777777 0.0691358024691358
1 0.5246527777777777 0.8278935185185186 0.05555555555555556 0.037037037037037035
3 0.3784722222222222 0.8482060185185185 0.03194444444444444 0.037037037037037035
3 0.4213541666666667 0.8902391975308642 0.04583333333333333 0.06172839506172839
3 0.5039930555555555 0.8755208333333334 0.0611111111111111 0.06666666666666667
3 0.64375 0.8487075617283951 0.0375 0.05679012345679012
3 0.5602430555555555 0.7675347222222222 0.03611111111111111 0.04444444444444444
3 0.8555555555555555 0.5765817901234568 0.04861111111111111 0.046913580246913576
3 0.8460069444444445 0.9497106481481481 0.06388888888888888 0.0962962962962963
0 0.9055555555555556 0.6720679012345678 0.04861111111111111 0.0691358024691358
0 0.6770833333333333 0.751929012345679 0.041666666666666664 0.09135802469135802
0 0.7605902777777778 0.9329475308641975 0.05555555555555556 0.12839506172839504