3 0.3182291666666667 0.5709876543209876 0.03333333333333333 0.04197530864197531
3 0.3732638888888889 0.6899884259259259 0.02777777777777778 0.05185185185185185
0 0.5347222222222222 0.23209876543209879 0.03194444444444444 0.06419753086419752
0 0.4762152777777778 0.19558256172839505 0.03055555555555555 0.05679012345679012
0 0.701388888888889 0.7529128086419753 0.04027777777777777 0.08395061728395062
0 0.7416666666666667 0.7320216049382716 0.03333333333333333 0.0765432098765432
0 0.2623263888888889 0.49820601851851853 0.02777777777777778 0.037037037037037035
0 0.3921875 0.46712962962962956 0.025 0.059259259259259255
0 0.3416666666666667 0.413425925925926 0.03333333333333333 0.05185185185185185
0 0.19010416666666669 0.8019097222222221 0.03333333333333333 0.04444444444444444
0 0.396875 0.913599537037037 0.0375 0.07407407407407407
0 0.4248263888888889 0.7423032407407407 0.04027777777777777 0.08148148148148147
0 0.25538194444444445 0.7189429012345678 0.03888888888888888 0.0691358024691358
0 0.05277777777777778 0.7223958333333333 0.05555555555555556 0.06666666666666667
3 0.05694444444444444 0.9210069444444444 0.07638888888888888 0.08888888888888888