1 0.718576388888889 0.4612075617283951 0.05277777777777778 0.05679012345679012
0 0.25243055555555555 0.21788194444444448 0.0736111111111111 0.08888888888888888
0 0.4892361111111111 0.2587577160493827 0.04722222222222222 0.09876543209876543
0 0.537326388888889 0.29048996913580244 0.05277777777777778 0.07160493827160494
0 0.5644097222222222 0.16491126543209877 0.04444444444444444 0.06419753086419752
0 0.45138888888888895 0.4136188271604938 0.05277777777777778 0.12098765432098765
0 0.5664930555555555 0.5844328703703704 0.0736111111111111 0.14074074074074075
0 0.3944444444444445 0.695775462962963 0.07638888888888888 0.1259259259259259
0 0.5225694444444444 0.829320987654321 0.05138888888888889 0.10864197530864197
3 0.11180555555555556 0.3336612654320988 0.0736111111111111 0.06419753086419752
1 0.9414930555555555 0.5104938271604939 0.11111111111111112 0.12098765432098765
1 0.31145833333333334 0.16342592592592592 0.05416666666666666 0.05185185185185185