2 0.5614583333333333 0.7969328703703704 0.09166666666666666 0.14074074074074075
0 0.5394097222222223 0.14378858024691357 0.05694444444444444 0.09382716049382715
0 0.7402777777777778 0.15563271604938272 0.06805555555555555 0.09876543209876543
0 0.8506944444444444 0.18269675925925927 0.06388888888888888 0.11851851851851851
0 0.8244791666666667 0.30540123456790125 0.08333333333333333 0.13580246913580246
0 0.9361111111111111 0.35572916666666665 0.08472222222222223 0.13333333333333333
0 0.9814236111111111 0.5044945987654321 0.034722222222222224 0.1308641975308642
0 0.7503472222222223 0.6499614197530864 0.06944444444444445 0.10617283950617282
0 0.5979166666666667 0.4697145061728395 0.08333333333333333 0.14567901234567898
0 0.4805555555555555 0.48944830246913573 0.09861111111111111 0.1382716049382716
0 0.3597222222222222 0.4424768518518518 0.06944444444444445 0.1037037037037037
0 0.2701388888888889 0.4023533950617284 0.07777777777777777 0.12345679012345678
3 0.12465277777777777 0.22611882716049383 0.08055555555555555 0.12098765432098765
3 0.3824652777777778 0.05941358024691358 0.05555555555555556 0.09382716049382715
3 0.5102430555555555 0.04419367283950617 0.04861111111111111 0.07901234567901234