0 0.7055555555555555 0.3825038580246914 0.03611111111111111 0.04938271604938271
0 0.14270833333333333 0.34924768518518523 0.11666666666666665 0.17037037037037037
0 0.32552083333333337 0.943383487654321 0.06666666666666667 0.10864197530864197
0 0.9173611111111111 0.5032407407407408 0.05972222222222222 0.08148148148148147
0 0.7597222222222222 0.9377121913580246 0.08194444444444444 0.11604938271604937
0 0.7770833333333333 0.7409143518518518 0.06666666666666667 0.1037037037037037
0 0.5987847222222222 0.3757716049382716 0.03194444444444444 0.0765432098765432
3 0.425 0.19066358024691357 0.0625 0.09382716049382715
3 0.4661458333333333 0.13252314814814814 0.06666666666666667 0.0962962962962963
3 0.6696180555555555 0.38744212962962965 0.03611111111111111 0.059259259259259255
1 0.4649305555555555 0.9221836419753087 0.08611111111111111 0.1506172839506173
0 0.7899305555555556 0.30084876543209876 0.03611111111111111 0.06419753086419752