1 0.6041666666666667 0.34645061728395066 0.12083333333333332 0.16790123456790124
1 0.6805555555555556 0.5229166666666667 0.1611111111111111 0.13333333333333333
3 0.55625 0.805324074074074 0.0625 0.14814814814814814
3 0.7842013888888889 0.8946566358024691 0.16527777777777777 0.20493827160493824
3 0.6284722222222222 0.6817322530864198 0.10694444444444444 0.1728395061728395
3 0.5817708333333333 0.1312307098765432 0.09166666666666666 0.1530864197530864
3 0.47152777777777777 0.32046682098765433 0.11805555555555555 0.17530864197530863
3 0.3567708333333333 0.4561921296296296 0.14166666666666666 0.25925925925925924
3 0.17673611111111112 0.5729552469135802 0.13472222222222222 0.22716049382716047
0 0.33541666666666664 0.2596643518518519 0.07083333333333333 0.1037037037037037
0 0.49548611111111107 0.16494984567901233 0.08472222222222223 0.1580246913580247
0 0.35659722222222223 0.11280864197530864 0.09444444444444444 0.1506172839506173
0 0.09027777777777778 0.15146604938271604 0.11805555555555555 0.16543209876543208