0 0.22152777777777777 0.5757908950617284 0.06805555555555555 0.12345679012345678
0 0.3420138888888889 0.6349151234567901 0.06527777777777778 0.11358024691358024
0 0.51875 0.20447530864197533 0.05 0.08395061728395062
0 0.5972222222222222 0.23605324074074074 0.04444444444444444 0.08148148148148147
0 0.853298611111111 0.5888695987654321 0.05972222222222222 0.1308641975308642
0 0.9333333333333333 0.6682098765432098 0.05416666666666666 0.08641975308641975
3 0.9644097222222221 0.5818672839506173 0.05694444444444444 0.10123456790123457
3 0.7758680555555555 0.8969135802469136 0.04861111111111111 0.09382716049382715
3 0.06545138888888888 0.6131172839506173 0.09027777777777776 0.10123456790123457
3 0.2439236111111111 0.2803047839506173 0.05972222222222222 0.10123456790123457
3 0.3326388888888889 0.7853202160493827 0.05277777777777778 0.09876543209876543
3 0.5809027777777778 0.6188657407407407 0.03055555555555555 0.08148148148148147
3 0.6958333333333333 0.6973958333333333 0.029166666666666664 0.06666666666666667