0 0.2796875 0.45478395061728394 0.0375 0.0345679012345679
0 0.3078125 0.47280092592592593 0.025 0.05185185185185185
0 0.5696180555555556 0.16473765432098766 0.02361111111111111 0.04197530864197531
3 0.1467013888888889 0.9305362654320988 0.05277777777777778 0.06419753086419752
3 0.32586805555555554 0.5709104938271605 0.04861111111111111 0.05432098765432099
0 0.2953125 0.8513503086419754 0.05 0.08395061728395062
0 0.968576388888889 0.6247878086419754 0.05277777777777778 0.08395061728395062
0 0.63125 0.5216628086419753 0.05 0.08395061728395062
0 0.8055555555555556 0.19880401234567902 0.04861111111111111 0.09135802469135802
0 0.784375 0.3492091049382716 0.05 0.0765432098765432
0 0.496875 0.6969135802469136 0.05 0.09382716049382715
0 0.08350694444444444 0.881539351851852 0.07638888888888888 0.1037037037037037