3 0.14270833333333333 0.7788387345679013 0.12916666666666665 0.13580246913580246
3 0.6741319444444445 0.6911651234567902 0.07638888888888888 0.11358024691358024
3 0.45555555555555555 0.5582561728395061 0.04861111111111111 0.07901234567901234
3 0.4953125 0.6024112654320988 0.05 0.06419753086419752
3 0.5748263888888889 0.6226658950617284 0.07777777777777777 0.12345679012345678
0 0.17586805555555557 0.6678047839506173 0.09861111111111111 0.10123456790123457
0 0.4053819444444445 0.6734760802469136 0.06388888888888888 0.09382716049382715
0 0.29913194444444446 0.6540702160493828 0.08888888888888888 0.09876543209876543
0 0.3060763888888889 0.7443672839506172 0.07777777777777777 0.10123456790123457
0 0.6227430555555555 0.8450424382716049 0.0736111111111111 0.14320987654320988
0 0.7215277777777778 0.8831983024691358 0.08055555555555555 0.1382716049382716
0 0.8065972222222222 0.8795717592592591 0.08194444444444444 0.11851851851851851
1 0.49861111111111106 0.7012924382716049 0.04722222222222222 0.14320987654320988