0 0.14427083333333332 0.7461998456790123 0.10416666666666666 0.1580246913580247
0 0.3220486111111111 0.7141975308641976 0.08472222222222223 0.12839506172839504
0 0.5267361111111111 0.8519483024691358 0.08472222222222223 0.1382716049382716
0 0.6833333333333333 0.43080632716049383 0.07916666666666666 0.12098765432098765
0 0.7074652777777778 0.19756944444444444 0.05555555555555556 0.08888888888888888
0 0.22413194444444445 0.42849151234567906 0.06388888888888888 0.09135802469135802
0 0.3095486111111111 0.5370563271604938 0.08472222222222223 0.12098765432098765
0 0.3189236111111111 0.3987461419753086 0.08472222222222223 0.1506172839506173
0 0.4369791666666667 0.4210262345679013 0.07083333333333333 0.13580246913580246
0 0.5276041666666667 0.4685570987654321 0.05833333333333333 0.1308641975308642
0 0.5 0.22766203703703702 0.05 0.07407407407407407
0 0.5270833333333333 0.32060185185185186 0.09166666666666666 0.1037037037037037
0 0.5758680555555555 0.2646797839506173 0.04861111111111111 0.10123456790123457
0 0.20451388888888888 0.12816358024691357 0.06527777777777778 0.09382716049382715
0 0.3888888888888889 0.0413966049382716 0.06527777777777778 0.0765432098765432
0 0.4895833333333333 0.09255401234567902 0.05416666666666666 0.09135802469135802
0 0.5482638888888889 0.09625771604938271 0.05277777777777778 0.09876543209876543
0 0.6963541666666667 0.09172453703703703 0.05833333333333333 0.07407407407407407
3 0.5847222222222223 0.5701003086419754 0.06944444444444445 0.08395061728395062