0 0.07256944444444444 0.8916087962962964 0.10138888888888889 0.1925925925925926
0 0.4611111111111111 0.8921103395061728 0.1222222222222222 0.21234567901234563
0 0.8001736111111111 0.7966242283950618 0.13472222222222222 0.19012345679012346
0 0.7449652777777778 0.5799189814814815 0.08055555555555555 0.16296296296296295
0 0.9368055555555556 0.45138888888888895 0.12361111111111109 0.17777777777777776
0 0.8392361111111111 0.19266975308641973 0.10972222222222221 0.1728395061728395
0 0.6059027777777778 0.34496527777777775 0.10555555555555556 0.15555555555555553
0 0.41232638888888895 0.5768711419753086 0.11527777777777777 0.1506172839506173
3 0.5569444444444445 0.8486882716049383 0.07638888888888888 0.20987654320987653
1 0.15954861111111113 0.8785493827160493 0.05972222222222222 0.23209876543209873
3 0.19322916666666665 0.6239197530864198 0.09583333333333333 0.1728395061728395
2 0.4345486111111111 0.19945987654320987 0.04722222222222222 0.08641975308641975
0 0.09201388888888888 0.3900077160493827 0.06527777777777778 0.09876543209876543