0 0.7578125 0.39947916666666666 0.0875 0.13333333333333333
0 0.9151041666666666 0.24365354938271605 0.10833333333333332 0.16543209876543208
0 0.8756944444444444 0.6377314814814815 0.10138888888888889 0.16296296296296295
0 0.6727430555555556 0.6659336419753086 0.0736111111111111 0.1506172839506173
0 0.5432291666666667 0.5762731481481482 0.05833333333333333 0.0962962962962963
0 0.4730902777777778 0.7517746913580247 0.06805555555555555 0.11604938271604937
0 0.6262152777777777 0.9017939814814815 0.09305555555555554 0.16296296296296295
0 0.611111111111111 0.17083333333333334 0.05972222222222222 0.06666666666666667
0 0.6434027777777778 0.237962962962963 0.08055555555555555 0.1259259259259259
1 0.6090277777777777 0.4216820987654321 0.13055555555555556 0.1308641975308642
3 0.6838541666666667 0.484837962962963 0.05833333333333333 0.1259259259259259