3 0.7663194444444444 0.914988425925926 0.03888888888888888 0.05185185185185185
3 0.7017361111111111 0.8700231481481481 0.04722222222222222 0.0962962962962963
0 0.24131944444444448 0.3179591049382716 0.03888888888888888 0.0765432098765432
0 0.42361111111111105 0.07552083333333333 0.034722222222222224 0.06666666666666667
0 0.4111111111111111 0.14467592592592593 0.02222222222222222 0.05185185185185185
0 0.46597222222222223 0.18842592592592594 0.03194444444444444 0.05185185185185185
0 0.5828125 0.11778549382716048 0.0375 0.05432098765432099
0 0.7701388888888889 0.25495756172839507 0.02777777777777778 0.05679012345679012
0 0.5831597222222222 0.5029899691358024 0.03194444444444444 0.07160493827160494
0 0.8791666666666667 0.33267746913580243 0.04583333333333333 0.07160493827160494
0 0.5873263888888889 0.8994598765432098 0.04027777777777777 0.08641975308641975
0 0.35086805555555556 0.6546296296296296 0.03611111111111111 0.059259259259259255