2 0.05260416666666666 0.5044174382716049 0.08333333333333333 0.14320987654320988
2 0.525 0.7545524691358024 0.0375 0.07160493827160494
2 0.43576388888888895 0.6884452160493828 0.05277777777777778 0.09876543209876543
2 0.6972222222222222 0.355787037037037 0.05694444444444444 0.07407407407407407
2 0.23524305555555552 0.6303626543209877 0.03611111111111111 0.04197530864197531
2 0.35815972222222225 0.5678819444444445 0.05694444444444444 0.08888888888888888
2 0.4177083333333333 0.37962962962962965 0.041666666666666664 0.059259259259259255
2 0.5151041666666667 0.613059413580247 0.09583333333333333 0.16049382716049382
3 0.670138888888889 0.6160300925925926 0.12777777777777777 0.18518518518518517
3 0.3550347222222222 0.8314621913580247 0.05694444444444444 0.11604938271604937
1 0.2545138888888889 0.6876543209876542 0.14027777777777778 0.17530864197530863
1 0.18368055555555554 0.5497106481481482 0.1611111111111111 0.0962962962962963
0 0.056076388888888884 0.9541473765432098 0.10277777777777777 0.08641975308641975
0 0.2743055555555555 0.3128086419753086 0.08611111111111111 0.1506172839506173
0 0.10833333333333332 0.04633487654320988 0.07916666666666666 0.08641975308641975
0 0.07309027777777778 0.19066358024691357 0.05555555555555556 0.09382716049382715