3 0.9538194444444444 0.8943287037037037 0.08888888888888888 0.2074074074074074
1 0.532986111111111 0.5188271604938272 0.20972222222222223 0.1876543209876543
0 0.40434027777777776 0.8968557098765432 0.10555555555555556 0.1530864197530864
0 0.3692708333333333 0.6355902777777778 0.07916666666666666 0.15555555555555553
0 0.47986111111111107 0.23425925925925925 0.07222222222222222 0.11851851851851851
0 0.5567708333333333 0.3471836419753086 0.10416666666666666 0.1506172839506173
0 0.7008680555555555 0.3638117283950617 0.12361111111111109 0.19012345679012346
0 0.90625 0.3466242283950617 0.1125 0.19012345679012346
0 0.9430555555555555 0.0994020061728395 0.11111111111111112 0.14567901234567898
0 0.79375 0.18699845679012345 0.1125 0.18024691358024691
0 0.6567708333333333 0.17291666666666666 0.09166666666666666 0.13333333333333333
0 0.5145833333333333 0.09585262345679012 0.06666666666666667 0.11358024691358024