0 0.12743055555555555 0.14029706790123458 0.14861111111111108 0.20246913580246914
0 0.7689236111111111 0.44668209876543213 0.1597222222222222 0.33086419753086416
0 0.14010416666666664 0.39859182098765433 0.13333333333333333 0.17530864197530863
0 0.03402777777777778 0.3085069444444445 0.05555555555555556 0.08888888888888888
0 0.3125 0.578298611111111 0.1875 0.22222222222222224
0 0.32309027777777777 0.9091049382716049 0.09305555555555554 0.14320987654320988
0 0.5557291666666666 0.8017168209876543 0.20833333333333331 0.17530864197530863
3 0.5621527777777777 0.5918788580246913 0.3055555555555555 0.4493827160493827
3 0.11875 0.6772762345679013 0.075 0.13580246913580246
3 0.24357638888888888 0.7661651234567901 0.05277777777777778 0.11358024691358024
1 0.14895833333333333 0.9244020061728395 0.05416666666666666 0.14567901234567898
0 0.05798611111111111 0.9456018518518519 0.08472222222222223 0.1037037037037037
0 0.7177083333333333 0.943383487654321 0.09166666666666666 0.10864197530864197