2 0.8170138888888889 0.8691743827160494 0.14027777777777778 0.23209876543209873
0 0.09496527777777777 0.14635416666666665 0.06805555555555555 0.13333333333333333
0 0.21336805555555555 0.2654320987654321 0.0611111111111111 0.1308641975308642
0 0.27326388888888886 0.3353202160493827 0.06527777777777778 0.09876543209876543
0 0.2890625 0.20424382716049383 0.0625 0.12098765432098765
0 0.3640625 0.14000771604938272 0.05 0.09876543209876543
0 0.2420138888888889 0.13630401234567902 0.05277777777777778 0.09135802469135802
0 0.2048611111111111 0.09214891975308641 0.07222222222222222 0.10617283950617282
0 0.41649305555555555 0.030285493827160493 0.0736111111111111 0.05432098765432099
0 0.552951388888889 0.3531057098765432 0.09027777777777776 0.1530864197530864
0 0.27569444444444446 0.9541473765432098 0.08888888888888888 0.08641975308641975
1 0.4840277777777778 0.5816550925925925 0.14305555555555555 0.18518518518518517
1 0.5043402777777778 0.763233024691358 0.23055555555555554 0.18271604938271604
2 0.7022569444444444 0.8945408950617283 0.07638888888888888 0.12345679012345678
2 0.7987847222222222 0.49002700617283945 0.09444444444444444 0.14567901234567898
2 0.31753472222222223 0.4760416666666667 0.09444444444444444 0.13333333333333333