0 0.41076388888888893 0.48113425925925923 0.06527777777777778 0.11851851851851851
0 0.16527777777777777 0.5673225308641976 0.05555555555555556 0.12839506172839504
0 0.48975694444444445 0.06064814814814814 0.06388888888888888 0.0962962962962963
0 0.7305555555555555 0.5224344135802469 0.08611111111111111 0.16049382716049382
0 0.4875 0.8954668209876543 0.0875 0.17530864197530863
0 0.7855902777777778 0.3271797839506173 0.05555555555555556 0.10123456790123457
0 0.059548611111111115 0.2163966049382716 0.04722222222222222 0.0765432098765432
0 0.11493055555555556 0.2632716049382716 0.03611111111111111 0.0765432098765432
0 0.17065972222222223 0.39673996913580245 0.03194444444444444 0.07160493827160494
3 0.09149305555555556 0.6764467592592592 0.0736111111111111 0.11851851851851851
3 0.3277777777777778 0.3241319444444445 0.043055555555555555 0.08888888888888888