3 0.607638888888889 0.5375192901234568 0.02777777777777778 0.046913580246913576
3 0.06753472222222222 0.828395061728395 0.04444444444444444 0.05679012345679012
3 0.17604166666666668 0.8362847222222222 0.04583333333333333 0.04444444444444444
3 0.29270833333333335 0.6095679012345678 0.041666666666666664 0.0691358024691358
3 0.28784722222222225 0.7695987654320987 0.04444444444444444 0.06419753086419752
3 0.6286458333333333 0.9145833333333334 0.029166666666666664 0.06666666666666667
3 0.6944444444444444 0.6657407407407407 0.05138888888888889 0.08148148148148147
3 0.8534722222222222 0.4107060185185185 0.03194444444444444 0.037037037037037035
3 0.8539930555555555 0.5302083333333333 0.04861111111111111 0.06666666666666667
3 0.740625 0.4437692901234568 0.0375 0.046913580246913576
0 0.6986111111111111 0.5593942901234568 0.034722222222222224 0.046913580246913576
0 0.8118055555555556 0.3403163580246914 0.03611111111111111 0.04938271604938271
0 0.5913194444444445 0.9336612654320987 0.02638888888888889 0.06419753086419752
0 0.5583333333333333 0.8575038580246913 0.029166666666666664 0.04938271604938271
0 0.4229166666666667 0.7847222222222222 0.020833333333333332 0.04444444444444444
0 0.48993055555555554 0.7143325617283951 0.03611111111111111 0.05679012345679012
0 0.24809027777777776 0.7978780864197531 0.03055555555555555 0.03950617283950617
0 0.23767361111111113 0.6333333333333333 0.034722222222222224 0.06666666666666667
0 0.2529513888888889 0.4840663580246914 0.02777777777777778 0.04938271604938271
0 0.21909722222222222 0.4019097222222222 0.03194444444444444 0.04444444444444444