0 0.08333333333333333 0.31961805555555556 0.06666666666666667 0.11111111111111112
0 0.12534722222222222 0.24855324074074076 0.04444444444444444 0.08148148148148147
0 0.22222222222222224 0.27586805555555555 0.05694444444444444 0.11111111111111112
0 0.3842013888888889 0.8821180555555556 0.07777777777777777 0.11111111111111112
0 0.6348958333333333 0.9064814814814814 0.07916666666666666 0.16296296296296295
0 0.6402777777777777 0.6580246913580247 0.043055555555555555 0.11604938271604937
0 0.6394097222222223 0.5315393518518519 0.04444444444444444 0.1037037037037037
0 0.5850694444444444 0.15028935185185185 0.05138888888888889 0.1037037037037037
0 0.6699652777777778 0.17075617283950617 0.043055555555555555 0.07901234567901234
0 0.7128472222222222 0.3056327160493827 0.04444444444444444 0.09876543209876543
0 0.9541666666666666 0.3126157407407407 0.04583333333333333 0.08148148148148147
1 0.30347222222222225 0.9392746913580247 0.11944444444444444 0.11604938271604937
1 0.9576388888888889 0.6673225308641976 0.07777777777777777 0.12839506172839504
1 0.5597222222222222 0.723070987654321 0.04444444444444444 0.10864197530864197
1 0.8741319444444444 0.5239776234567901 0.07638888888888888 0.11358024691358024
3 0.8421875 0.8106481481481481 0.0625 0.0962962962962963
3 0.9751736111111111 0.8599922839506172 0.04722222222222222 0.10123456790123457