3 0.2439236111111111 0.5247106481481482 0.08472222222222223 0.0962962962962963
3 0.9423611111111111 0.7096836419753086 0.09722222222222222 0.1506172839506173
1 0.570138888888889 0.6487654320987655 0.06527777777777778 0.19753086419753085
3 0.3512152777777778 0.38587962962962963 0.05555555555555556 0.059259259259259255
3 0.13697916666666665 0.6388503086419753 0.07083333333333333 0.08395061728395062
3 0.46631944444444445 0.8325424382716049 0.11388888888888889 0.14320987654320988
3 0.3392361111111111 0.8726851851851851 0.10972222222222221 0.17037037037037037
0 0.5013888888888889 0.9326195987654321 0.11527777777777777 0.1308641975308642
3 0.378125 0.6969328703703704 0.0875 0.14074074074074075
3 0.275 0.39978780864197533 0.0625 0.08395061728395062
0 0.4666666666666667 0.1983989197530864 0.04583333333333333 0.10617283950617282
0 0.6361111111111111 0.0736304012345679 0.05972222222222222 0.0691358024691358
0 0.5819444444444445 0.13834876543209879 0.05138888888888889 0.06419753086419752
0 0.24635416666666665 0.13350694444444444 0.05833333333333333 0.08888888888888888
0 0.6222222222222222 0.32816358024691356 0.06944444444444445 0.09382716049382715
0 0.5258680555555555 0.31024305555555554 0.0736111111111111 0.11111111111111112
0 0.9317708333333334 0.8815779320987656 0.11666666666666665 0.19753086419753085
0 0.8199652777777778 0.6562307098765432 0.10555555555555556 0.1530864197530864
0 0.615625 0.44675925925925924 0.075 0.11851851851851851
0 0.4336805555555555 0.49749228395061723 0.0736111111111111 0.10123456790123457
0 0.07847222222222222 0.5428240740740741 0.11944444444444444 0.14814814814814814
0 0.17777777777777776 0.2861304012345679 0.06805555555555555 0.0691358024691358
0 0.08368055555555556 0.3833526234567901 0.08611111111111111 0.11358024691358024