0 0.0453125 0.9244020061728395 0.0875 0.14567901234567898
0 0.15694444444444444 0.9389467592592592 0.12638888888888888 0.11851851851851851
0 0.28489583333333335 0.8572916666666666 0.09166666666666666 0.13333333333333333
0 0.37135416666666665 0.9282600308641975 0.10833333333333332 0.12839506172839504
0 0.49826388888888895 0.9541473765432098 0.10277777777777777 0.08641975308641975
3 0.37395833333333334 0.6141975308641976 0.06666666666666667 0.12839506172839504
3 0.2881944444444445 0.7380401234567902 0.08888888888888888 0.11358024691358024
3 0.45902777777777776 0.7748263888888889 0.13055555555555556 0.17777777777777776
1 0.7857638888888889 0.5123456790123456 0.11527777777777777 0.22469135802469134
1 0.584201388888889 0.7689621913580247 0.11527777777777777 0.11604938271604937
1 0.5282986111111111 0.4307098765432099 0.08472222222222223 0.08641975308641975
2 0.9038194444444445 0.6803047839506172 0.05138888888888889 0.10123456790123457