0 0.921875 0.4615354938271605 0.0375 0.05432098765432099
0 0.814236111111111 0.35281635802469136 0.034722222222222224 0.04938271604938271
0 0.7435763888888889 0.39870756172839505 0.02777777777777778 0.05679012345679012
0 0.509548611111111 0.3896604938271605 0.034722222222222224 0.05432098765432099
0 0.14513888888888887 0.4315200617283951 0.04027777777777777 0.05679012345679012
0 0.21944444444444447 0.6622878086419753 0.05138888888888889 0.08395061728395062
0 0.4335069444444445 0.891724537037037 0.03888888888888888 0.07407407407407407
0 0.7782986111111111 0.8701774691358025 0.04722222222222222 0.07160493827160494
0 0.8315972222222221 0.8959104938271605 0.03194444444444444 0.05432098765432099
0 0.7758680555555555 0.7287229938271605 0.03611111111111111 0.05432098765432099
0 0.4571180555555555 0.2433641975308642 0.03611111111111111 0.06172839506172839
0 0.37621527777777775 0.35725308641975306 0.03055555555555555 0.03950617283950617
3 0.45642361111111107 0.39598765432098765 0.034722222222222224 0.04197530864197531
3 0.33958333333333335 0.7555362654320987 0.041666666666666664 0.06419753086419752
3 0.6105902777777777 0.5797067901234568 0.03055555555555555 0.046913580246913576