3 0.9520833333333334 0.6363233024691357 0.09166666666666666 0.1382716049382716
1 0.61875 0.6094521604938271 0.1375 0.1876543209876543
3 0.9397569444444445 0.30048225308641974 0.11388888888888889 0.1728395061728395
3 0.8769097222222222 0.19701003086419752 0.09444444444444444 0.12839506172839504
3 0.7493055555555556 0.7537615740740741 0.09861111111111111 0.14814814814814814
3 0.6098958333333333 0.9032021604938272 0.12916666666666665 0.1876543209876543
3 0.4625 0.4365162037037037 0.1 0.2074074074074074
3 0.7081597222222222 0.3242283950617284 0.09444444444444444 0.12345679012345678
3 0.6715277777777777 0.20055941358024693 0.10555555555555556 0.16049382716049382
0 0.9583333333333334 0.44828317901234566 0.07916666666666666 0.22469135802469134
0 0.44357638888888895 0.820138888888889 0.09027777777777776 0.17777777777777776
0 0.3451388888888889 0.39849537037037036 0.06527777777777778 0.14074074074074075
0 0.26822916666666663 0.5413387345679013 0.09583333333333333 0.13580246913580246
0 0.23229166666666665 0.3591820987654321 0.08333333333333333 0.1308641975308642
0 0.1310763888888889 0.3399305555555555 0.07777777777777777 0.11111111111111112
0 0.5456597222222223 0.38121141975308637 0.05694444444444444 0.10617283950617282
0 0.37864583333333335 0.18856095679012347 0.09166666666666666 0.18024691358024691
0 0.2670138888888889 0.19562114197530864 0.09027777777777776 0.1506172839506173
0 0.103125 0.1748070987654321 0.1 0.1308641975308642