0 0.3319444444444445 0.18464506172839507 0.03888888888888888 0.05679012345679012
0 0.4807291666666667 0.31548996913580246 0.04583333333333333 0.07160493827160494
0 0.7381944444444445 0.19575617283950617 0.05138888888888889 0.07901234567901234
0 0.6965277777777777 0.07083333333333333 0.043055555555555555 0.06666666666666667
0 0.5423611111111111 0.45011574074074073 0.034722222222222224 0.08148148148148147
0 0.5348958333333333 0.5733989197530864 0.05416666666666666 0.10617283950617282
0 0.3765625 0.6084297839506172 0.075 0.10123456790123457
0 0.40815972222222224 0.7153549382716049 0.06944444444444445 0.14320987654320988
0 0.34739583333333335 0.7413387345679012 0.07916666666666666 0.13580246913580246
0 0.28003472222222225 0.623900462962963 0.08194444444444444 0.1259259259259259
0 0.32829861111111114 0.4645061728395062 0.04722222222222222 0.07901234567901234
0 0.15138888888888888 0.5412422839506172 0.06527777777777778 0.10123456790123457
0 0.06666666666666667 0.7108217592592593 0.08333333333333333 0.11851851851851851
0 0.28958333333333336 0.9303047839506172 0.06666666666666667 0.10123456790123457