2 0.04583333333333333 0.21423611111111113 0.029166666666666664 0.02222222222222222
2 0.07170138888888888 0.21925154320987655 0.02777777777777778 0.019753086419753086
1 0.915625 0.4672067901234568 0.05 0.24691358024691357
3 0.4482638888888889 0.19446373456790123 0.09027777777777776 0.13580246913580246
3 0.33836805555555555 0.12465277777777777 0.0736111111111111 0.15555555555555553
3 0.8739583333333334 0.7922646604938272 0.07916666666666666 0.1876543209876543
3 0.7072916666666667 0.6265625 0.10833333333333332 0.2
3 0.31961805555555556 0.7338541666666666 0.12361111111111109 0.3333333333333333
3 0.23975694444444445 0.5501543209876543 0.07638888888888888 0.17530864197530863
3 0.14895833333333333 0.6265817901234568 0.14166666666666666 0.24691358024691357
0 0.670138888888889 0.9474922839506172 0.12777777777777777 0.10123456790123457
0 0.5789930555555556 0.6216049382716049 0.08611111111111111 0.14320987654320988
0 0.44652777777777775 0.5844328703703704 0.08055555555555555 0.14074074074074075
0 0.37621527777777775 0.4369212962962963 0.11805555555555555 0.1925925925925926
0 0.21788194444444448 0.2575038580246914 0.10138888888888889 0.24938271604938272
0 0.0814236111111111 0.11585648148148149 0.1222222222222222 0.16296296296296295
1 0.8819444444444444 0.26882716049382716 0.05138888888888889 0.1876543209876543
1 0.5645833333333333 0.7147762345679013 0.10416666666666666 0.13580246913580246