1 0.46753472222222225 0.7282600308641975 0.11944444444444444 0.12839506172839504
1 0.2986111111111111 0.26469907407407406 0.04722222222222222 0.14814814814814814
3 0.9555555555555555 0.7080632716049383 0.08611111111111111 0.20987654320987653
3 0.4215277777777778 0.9202932098765432 0.10555555555555556 0.1530864197530864
3 0.6583333333333333 0.812962962962963 0.06666666666666667 0.1259259259259259
3 0.4487847222222222 0.19158950617283949 0.06944444444444445 0.14567901234567898
3 0.36006944444444444 0.666820987654321 0.06388888888888888 0.10864197530864197
0 0.5682291666666667 0.5788387345679012 0.08333333333333333 0.13580246913580246
0 0.5793402777777777 0.4016203703703704 0.09305555555555554 0.14074074074074075
0 0.5743055555555555 0.2170138888888889 0.11111111111111112 0.17777777777777776
0 0.4375 0.5962770061728395 0.075 0.14567901234567898
0 0.4378472222222222 0.3759645061728395 0.08194444444444444 0.14567901234567898
0 0.45538194444444446 0.0339891975308642 0.07638888888888888 0.06172839506172839
0 0.22743055555555552 0.5017746913580247 0.08611111111111111 0.11604938271604937
0 0.024479166666666666 0.5946952160493828 0.04583333333333333 0.09876543209876543