0 0.15555555555555556 0.30810185185185185 0.0611111111111111 0.1037037037037037
0 0.40746527777777775 0.22818287037037038 0.08055555555555555 0.14074074074074075
0 0.48559027777777775 0.43559027777777776 0.06805555555555555 0.15555555555555553
0 0.30538194444444444 0.6611882716049383 0.11388888888888889 0.20987654320987653
0 0.38038194444444445 0.8208719135802468 0.10138888888888889 0.16049382716049382
0 0.39947916666666666 0.6493827160493828 0.07083333333333333 0.09876543209876543
3 0.7508680555555556 0.18485725308641973 0.11111111111111112 0.1728395061728395
3 0.6451388888888889 0.43861882716049383 0.07777777777777777 0.12098765432098765
3 0.6503472222222222 0.6140432098765432 0.09444444444444444 0.1530864197530864
3 0.5800347222222222 0.7549961419753086 0.10694444444444444 0.1506172839506173
1 0.5571180555555555 0.5266396604938272 0.0611111111111111 0.1876543209876543
1 0.7614583333333333 0.5772376543209876 0.07916666666666666 0.2419753086419753