0 0.930078125 0.46261574074074074 0.05078125 0.08148148148148147
0 0.8763020833333334 0.25324074074074077 0.04635416666666666 0.06898148148148148
0 0.9483072916666666 0.63125 0.052864583333333326 0.1
0 0.7161458333333333 0.662037037037037 0.04791666666666666 0.08657407407407407
0 0.653515625 0.6431712962962963 0.03515625 0.06759259259259259
0 0.5494791666666667 0.7561342592592593 0.04583333333333333 0.0685185185185185
0 0.549609375 0.5766782407407407 0.04296875 0.08148148148148147
0 0.437109375 0.9725694444444445 0.04296875 0.05138888888888889
0 0.34986979166666665 0.8796875 0.03098958333333333 0.0625
0 0.241796875 0.8252314814814815 0.04296875 0.06296296296296296
0 0.15559895833333331 0.49074074074074076 0.039322916666666666 0.043981481481481476
0 0.09817708333333333 0.36221064814814813 0.033854166666666664 0.046296296296296294
0 0.207421875 0.2777199074074074 0.04296875 0.07731481481481481
0 0.19908854166666667 0.11024305555555555 0.038802083333333334 0.0736111111111111
0 0.030078125 0.1650462962962963 0.03515625 0.04259259259259259