0 0.6944010416666667 0.1802662037037037 0.04505208333333333 0.0699074074074074
0 0.12135416666666668 0.5188657407407408 0.03020833333333333 0.06898148148148148
0 0.516015625 0.43634259259259256 0.04140625 0.07268518518518519
0 0.6098958333333333 0.49855324074074076 0.03229166666666666 0.043981481481481476
0 0.7158854166666667 0.5758680555555555 0.03802083333333333 0.0611111111111111
0 0.8526041666666666 0.38055555555555554 0.03958333333333333 0.0736111111111111
0 0.8545572916666666 0.22725694444444447 0.03723958333333333 0.06388888888888888
0 0.90234375 0.6639467592592593 0.0421875 0.0685185185185185
0 0.4467447916666667 0.13449074074074074 0.024739583333333332 0.043981481481481476
0 0.23190104166666664 0.09016203703703704 0.02317708333333333 0.03657407407407407
3 0.9131510416666666 0.9492476851851851 0.05755208333333332 0.08287037037037036
3 0.9571614583333334 0.8650462962962964 0.02682291666666666 0.04259259259259259