0 0.37135416666666665 0.606712962962963 0.07083333333333333 0.1259259259259259
0 0.4493055555555555 0.6201967592592592 0.0611111111111111 0.11851851851851851
0 0.4847222222222222 0.5636188271604938 0.08194444444444444 0.12098765432098765
0 0.5501736111111111 0.48030478395061726 0.05972222222222222 0.10123456790123457
0 0.5859375 0.43919753086419755 0.075 0.12839506172839504
0 0.6395833333333333 0.5412422839506172 0.05416666666666666 0.10123456790123457
0 0.6763888888888889 0.5904128086419753 0.06527777777777778 0.08395061728395062
0 0.7215277777777778 0.6887924382716049 0.09305555555555554 0.14320987654320988
0 0.7519097222222222 0.8178240740740741 0.09444444444444444 0.14814814814814814
0 0.8034722222222221 0.9538194444444444 0.06944444444444445 0.08888888888888888
0 0.6631944444444444 0.9424768518518519 0.11388888888888889 0.1037037037037037
0 0.5498263888888889 0.9626929012345679 0.09027777777777776 0.0691358024691358
0 0.42638888888888893 0.8850308641975309 0.12777777777777777 0.1950617283950617
3 0.4541666666666667 0.7388503086419753 0.08333333333333333 0.08395061728395062
3 0.6118055555555555 0.819212962962963 0.08611111111111111 0.1259259259259259
3 0.6637152777777777 0.6760223765432098 0.05555555555555556 0.08641975308641975