0 0.18107638888888888 0.26805555555555555 0.06527777777777778 0.11111111111111112
0 0.07083333333333333 0.27586805555555555 0.041666666666666664 0.11111111111111112
0 0.7918402777777778 0.6661072530864198 0.09305555555555554 0.1728395061728395
0 0.9652777777777779 0.7315007716049383 0.06805555555555555 0.20987654320987653
0 0.7145833333333333 0.20054012345679012 0.05416666666666666 0.11358024691358024
0 0.9734375 0.33269675925925923 0.05 0.11851851851851851
0 0.32829861111111114 0.5780092592592593 0.05972222222222222 0.11851851851851851
0 0.3368055555555555 0.7660108024691358 0.0611111111111111 0.1382716049382716
0 0.38940972222222225 0.9119020061728396 0.06944444444444445 0.14567901234567898
0 0.4065972222222222 0.6749614197530864 0.04444444444444444 0.10617283950617282
0 0.6100694444444444 0.5293981481481482 0.03888888888888888 0.0962962962962963
0 0.6944444444444444 0.37364969135802467 0.05138888888888889 0.11604938271604937
0 0.8119791666666666 0.2506172839506173 0.04583333333333333 0.10123456790123457
0 0.8612847222222222 0.4526813271604938 0.05694444444444444 0.12098765432098765
3 0.4734375 0.786400462962963 0.075 0.1259259259259259
3 0.4828125 0.050366512345679015 0.0625 0.09135802469135802
3 0.32222222222222224 0.15011574074074074 0.05694444444444444 0.08148148148148147
3 0.5248263888888889 0.35727237654320987 0.05277777777777778 0.08641975308641975
3 0.1265625 0.24131944444444448 0.0625 0.08888888888888888