0 0.16666666666666666 0.49417438271604935 0.10833333333333332 0.23209876543209873
0 0.25555555555555554 0.5772376543209876 0.11111111111111112 0.2419753086419753
0 0.1828125 0.8478202160493827 0.175 0.29876543209876544
0 0.3321180555555555 0.8560378086419753 0.11111111111111112 0.2839506172839506
0 0.4305555555555555 0.80625 0.11111111111111112 0.2
0 0.5034722222222222 0.43528163580246915 0.10694444444444444 0.20493827160493824
0 0.4520833333333333 0.24479166666666666 0.09166666666666666 0.13333333333333333
0 0.31875 0.2586226851851852 0.1 0.17037037037037037
0 0.29097222222222224 0.08937114197530864 0.06944444444444445 0.1506172839506173
0 0.9196180555555555 0.2935763888888889 0.08611111111111111 0.17777777777777776
2 0.7710069444444445 0.6023533950617284 0.06388888888888888 0.12345679012345678
2 0.8324652777777779 0.37719907407407405 0.06805555555555555 0.14814814814814814