0 0.5440104166666667 0.8527199074074074 0.06302083333333333 0.08981481481481482
1 0.7088541666666667 0.6119791666666667 0.042708333333333334 0.12083333333333332
3 0.9315104166666666 0.21712962962962962 0.03177083333333333 0.07175925925925926
3 0.8470052083333334 0.4703125 0.047135416666666666 0.0875
3 0.80625 0.3917824074074074 0.053125 0.11481481481481481
1 0.6893229166666667 0.9450231481481481 0.03802083333333333 0.10879629629629628
0 0.573046875 0.4406828703703704 0.05546875 0.10324074074074074
0 0.36979166666666663 0.03912037037037037 0.03333333333333333 0.06574074074074074
3 0.03697916666666666 0.9046875 0.04583333333333333 0.075
3 0.108203125 0.521238425925926 0.04140625 0.05185185185185185
3 0.20143229166666665 0.39965277777777775 0.046614583333333334 0.05555555555555556