0 0.31788194444444445 0.8856867283950617 0.10138888888888889 0.19012345679012346
0 0.41684027777777777 0.9013888888888889 0.11805555555555555 0.17777777777777776
0 0.6397569444444444 0.6782793209876543 0.11388888888888889 0.17530864197530863
0 0.40815972222222224 0.18468364197530865 0.08194444444444444 0.1506172839506173
0 0.48576388888888894 0.09579475308641974 0.09027777777777776 0.1728395061728395
0 0.2904513888888889 0.36010802469135805 0.11527777777777777 0.18271604938271604
0 0.17586805555555554 0.291358024691358 0.12361111111111109 0.18271604938271604
0 0.11736111111111111 0.13838734567901234 0.1222222222222222 0.1580246913580247
0 0.11631944444444445 0.3943094135802469 0.08888888888888888 0.16049382716049382
2 0.5638888888888889 0.4107445987654321 0.06527777777777778 0.1308641975308642
3 0.22118055555555555 0.639795524691358 0.12361111111111109 0.18271604938271604