0 0.18715277777777778 0.8035686728395062 0.13055555555555556 0.27901234567901234
0 0.31180555555555556 0.09818672839506173 0.09861111111111111 0.19012345679012346
0 0.39427083333333335 0.15613425925925925 0.06666666666666667 0.11851851851851851
0 0.4638888888888889 0.2327739197530864 0.04027777777777777 0.10617283950617282
0 0.49027777777777776 0.5150270061728395 0.05555555555555556 0.14567901234567898
1 0.5180555555555555 0.6904320987654321 0.0736111111111111 0.1308641975308642
1 0.6322916666666667 0.40019290123456785 0.08333333333333333 0.0691358024691358
1 0.7515625 0.16221064814814815 0.075 0.0962962962962963
1 0.638888888888889 0.20810185185185187 0.05277777777777778 0.1037037037037037
1 0.9258680555555555 0.14618055555555556 0.12361111111111109 0.11111111111111112
1 0.9663194444444445 0.17035108024691356 0.06388888888888888 0.09382716049382715
3 0.9126736111111111 0.04739583333333333 0.05972222222222222 0.06666666666666667