0 0.0953125 0.36921296296296297 0.021875 0.038425925925925926
3 0.8778645833333334 0.20925925925925926 0.04635416666666666 0.05601851851851851
3 0.8510416666666666 0.8900462962962964 0.08020833333333333 0.09259259259259259
0 0.8138020833333334 0.7196180555555556 0.07135416666666666 0.09861111111111111
0 0.8588541666666666 0.6028356481481482 0.03958333333333333 0.05879629629629629
0 0.8458333333333334 0.5439236111111111 0.03854166666666666 0.05972222222222222
0 0.7981770833333333 0.4723958333333333 0.03072916666666666 0.07916666666666666
0 0.655078125 0.43269675925925927 0.04765625 0.09351851851851851
0 0.5334635416666667 0.7200231481481482 0.04505208333333333 0.07129629629629629
0 0.22135416666666666 0.5678240740740741 0.03333333333333333 0.04814814814814815
0 0.9798177083333334 0.713136574074074 0.037760416666666664 0.09814814814814814