0 0.856640625 0.525 0.03515625 0.0625
0 0.4725260416666667 0.5828125 0.03255208333333333 0.05
0 0.19244791666666666 0.34380787037037036 0.03177083333333333 0.053240740740740734
0 0.34466145833333334 0.44369212962962956 0.045572916666666664 0.09675925925925925
0 0.4444010416666667 0.32818287037037036 0.03255208333333333 0.053240740740740734
0 0.5143229166666667 0.8269097222222221 0.04427083333333333 0.09444444444444444
0 0.790625 0.446875 0.046875 0.075
0 0.786328125 0.624826388888889 0.03828125 0.07777777777777777
0 0.8227864583333334 0.8484375 0.05807291666666666 0.1125
0 0.398046875 0.09699074074074074 0.02109375 0.043981481481481476
0 0.410546875 0.26591435185185186 0.02734375 0.07870370370370369
0 0.37473958333333335 0.07141203703703704 0.018229166666666664 0.03657407407407407