3 0.228125 0.968923611111111 0.04375 0.05972222222222222
3 0.2046875 0.8447337962962964 0.05 0.055092592592592596
3 0.1625 0.8705439814814815 0.040625 0.06296296296296296
3 0.173828125 0.9481481481481481 0.03515625 0.046296296296296294
0 0.6393229166666667 0.5458333333333333 0.02239583333333333 0.041666666666666664
0 0.6015625 0.5873263888888889 0.028125 0.05277777777777778
0 0.5260416666666667 0.5900462962962962 0.03020833333333333 0.055092592592592596
0 0.5505208333333333 0.5049189814814815 0.026041666666666664 0.050462962962962966
0 0.483984375 0.45949074074074076 0.02109375 0.043981481481481476
0 0.465234375 0.5712962962962963 0.02734375 0.04259259259259259
0 0.4303385416666667 0.5143518518518518 0.02317708333333333 0.0412037037037037
0 0.24283854166666666 0.6599537037037038 0.02317708333333333 0.04490740740740741
0 0.132421875 0.6352430555555555 0.02734375 0.03611111111111111
0 0.153515625 0.9784143518518519 0.03515625 0.0412037037037037