0 0.9010416666666666 0.25862268518518516 0.06458333333333333 0.09537037037037036
0 0.9141927083333334 0.6255787037037037 0.08151041666666667 0.1199074074074074
0 0.5345052083333333 0.7738425925925926 0.037760416666666664 0.08518518518518518
0 0.5514322916666667 0.5357638888888889 0.03411458333333333 0.05277777777777778
0 0.6680989583333333 0.41649305555555555 0.045572916666666664 0.0736111111111111
0 0.6272135416666667 0.441724537037037 0.029427083333333333 0.06157407407407407
0 0.86875 0.07916666666666666 0.0375 0.05833333333333333
0 0.673046875 0.1129050925925926 0.02109375 0.03518518518518519
0 0.6634114583333333 0.1421875 0.020572916666666666 0.0375
0 0.637109375 0.18738425925925925 0.02421875 0.04351851851851852
0 0.5432291666666667 0.27737268518518515 0.020833333333333332 0.045370370370370366
0 0.473828125 0.4052662037037037 0.01953125 0.032407407407407406
0 0.466015625 0.7545717592592592 0.03203125 0.05601851851851851
0 0.4606770833333333 0.45069444444444445 0.018229166666666664 0.03888888888888888