3 0.9598958333333334 0.6972222222222222 0.07916666666666666 0.11944444444444444
3 0.95078125 0.8951388888888889 0.0984375 0.17777777777777776
3 0.7419270833333333 0.5522569444444445 0.05572916666666666 0.08888888888888888
3 0.6721354166666667 0.5479166666666667 0.07552083333333333 0.10833333333333332
3 0.3026041666666667 0.6803819444444444 0.09270833333333332 0.11388888888888889
3 0.4776041666666667 0.5728009259259259 0.06458333333333333 0.10185185185185183
3 0.35130208333333335 0.3592592592592593 0.07135416666666666 0.09351851851851851
0 0.8130208333333334 0.6269675925925926 0.07916666666666666 0.11018518518518519
0 0.65390625 0.6060185185185185 0.0640625 0.11203703703703702
0 0.5296875 0.555613425925926 0.065625 0.10185185185185183
0 0.36588541666666663 0.28408564814814813 0.06614583333333332 0.0962962962962963
0 0.321875 0.1802662037037037 0.059375 0.0824074074074074
0 0.20755208333333336 0.08969907407407407 0.07447916666666667 0.07314814814814814
0 0.10859375 0.719849537037037 0.1640625 0.14907407407407408