2 0.7763020833333333 0.7927083333333333 0.04010416666666666 0.06666666666666667
0 0.8130208333333334 0.6447916666666667 0.05416666666666666 0.08333333333333333
0 0.787890625 0.513599537037037 0.03828125 0.07407407407407407
0 0.6106770833333333 0.5800925925925926 0.033854166666666664 0.06018518518518519
0 0.6200520833333333 0.6506944444444445 0.043229166666666666 0.06388888888888888
0 0.57734375 0.7074074074074075 0.0484375 0.07731481481481481
0 0.5946614583333333 0.8160300925925925 0.06432291666666666 0.07268518518518519
0 0.6022135416666667 0.8872685185185185 0.07942708333333333 0.12453703703703703
0 0.18307291666666664 0.7758101851851852 0.056770833333333326 0.05787037037037037
3 0.7848958333333333 0.611400462962963 0.057291666666666664 0.07592592592592592
3 0.39114583333333336 0.7447916666666667 0.05416666666666666 0.05833333333333333