3 0.4409722222222222 0.6644097222222223 0.04444444444444444 0.04444444444444444
0 0.40347222222222223 0.6195987654320987 0.04444444444444444 0.06419753086419752
0 0.3736111111111111 0.6513503086419753 0.04722222222222222 0.08395061728395062
0 0.4102430555555555 0.7474151234567901 0.0611111111111111 0.11358024691358024
0 0.30989583333333337 0.969020061728395 0.06666666666666667 0.05679012345679012
0 0.4135416666666667 0.9563657407407407 0.05833333333333333 0.08148148148148147
0 0.2659722222222222 0.7541473765432098 0.05694444444444444 0.08641975308641975
0 0.11510416666666665 0.7362268518518518 0.07083333333333333 0.1037037037037037
0 0.20625 0.6758487654320987 0.05 0.06419753086419752
0 0.40399305555555554 0.5402391975308641 0.03611111111111111 0.06172839506172839
0 0.3715277777777778 0.429050925925926 0.03055555555555555 0.05185185185185185
0 0.30833333333333335 0.5549768518518519 0.05416666666666666 0.1037037037037037
0 0.23559027777777777 0.2969714506172839 0.018055555555555554 0.0345679012345679
0 0.19027777777777777 0.31902006172839503 0.043055555555555555 0.05679012345679012
0 0.10208333333333333 0.2106288580246914 0.029166666666666664 0.04938271604938271