3 0.7854166666666667 0.12494212962962963 0.03958333333333333 0.04675925925925926
3 0.8026041666666666 0.6646412037037037 0.04895833333333333 0.0824074074074074
3 0.7490885416666667 0.7105902777777777 0.03567708333333333 0.05555555555555556
3 0.729296875 0.7840277777777778 0.04609375 0.06805555555555555
3 0.6733072916666667 0.6601273148148148 0.021614583333333333 0.04212962962962963
3 0.7220052083333333 0.5506365740740741 0.025260416666666664 0.04814814814814815
3 0.60078125 0.7891203703703703 0.0390625 0.04074074074074074
3 0.604296875 0.6163194444444444 0.02734375 0.03888888888888888
3 0.5217447916666667 0.5387731481481481 0.03723958333333333 0.046296296296296294
3 0.573828125 0.3957175925925926 0.03828125 0.06018518518518519
3 0.5427083333333333 0.3107638888888889 0.03229166666666666 0.05277777777777778
3 0.27278645833333337 0.5891782407407408 0.03307291666666666 0.05648148148148148
3 0.182421875 0.33998842592592593 0.03046875 0.039351851851851846
3 0.2576822916666667 0.31244212962962964 0.02786458333333333 0.03425925925925925
3 0.21028645833333334 0.2872106481481481 0.04244791666666666 0.046296296296296294