0 0.14427083333333332 0.38917824074074076 0.04791666666666666 0.06898148148148148
0 0.28046875 0.20995370370370373 0.0421875 0.05740740740740741
0 0.554296875 0.07019675925925925 0.03046875 0.05601851851851851
0 0.70703125 0.228125 0.0578125 0.0875
0 0.760546875 0.38547453703703705 0.07734375 0.12407407407407407
0 0.8016927083333334 0.5037037037037038 0.08463541666666666 0.1199074074074074
0 0.23098958333333336 0.8862268518518519 0.033854166666666664 0.0537037037037037
0 0.3609375 0.954398148148148 0.040625 0.07129629629629629
0 0.4997395833333333 0.7971643518518519 0.04010416666666666 0.0662037037037037
0 0.6690104166666667 0.5845486111111111 0.04427083333333333 0.08472222222222223
0 0.71015625 0.8663194444444444 0.0703125 0.12638888888888888
0 0.8591145833333333 0.8083912037037037 0.08385416666666666 0.1324074074074074
0 0.8830729166666667 0.967650462962963 0.08177083333333332 0.06342592592592591
0 0.8466145833333334 0.5407407407407407 0.06197916666666666 0.09398148148148147