3 0.4196614583333333 0.8983217592592594 0.03307291666666666 0.04351851851851852
0 0.859375 0.9214699074074074 0.034375 0.052314814814814814
0 0.8006510416666666 0.679224537037037 0.029427083333333333 0.06157407407407407
0 0.7583333333333333 0.6741319444444445 0.026041666666666664 0.05138888888888889
0 0.6373697916666667 0.909375 0.04348958333333333 0.075
0 0.6985677083333333 0.43553240740740745 0.025260416666666664 0.03981481481481482
0 0.6498697916666667 0.40370370370370373 0.024739583333333332 0.04490740740740741
0 0.653515625 0.30214120370370373 0.02265625 0.05740740740740741
0 0.6442708333333333 0.225 0.019791666666666666 0.0375
0 0.5915364583333333 0.1837962962962963 0.020572916666666666 0.04259259259259259
0 0.6015625 0.23333333333333334 0.021875 0.05416666666666666
0 0.6354166666666667 0.15792824074074074 0.02395833333333333 0.043981481481481476
0 0.49375 0.25625 0.028125 0.0625
0 0.4576822916666667 0.49484953703703705 0.03098958333333333 0.07407407407407407
0 0.302734375 0.8109375 0.02734375 0.0625
0 0.37421875 0.5836805555555555 0.0359375 0.0611111111111111
0 0.3634114583333333 0.9635416666666666 0.054947916666666666 0.07083333333333333
0 0.18723958333333332 0.8861689814814815 0.05572916666666666 0.07546296296296295
0 0.17630208333333333 0.6143518518518518 0.04635416666666666 0.0662037037037037
0 0.28815104166666666 0.45428240740740744 0.04505208333333333 0.06481481481481481
0 0.17369791666666665 0.4625 0.05052083333333333 0.075