3 0.5373697916666667 0.3804398148148148 0.05598958333333333 0.06712962962962962
0 0.32122395833333334 0.2550925925925926 0.017447916666666667 0.03518518518518519
0 0.37526041666666665 0.3238425925925926 0.025520833333333333 0.03518518518518519
0 0.29049479166666664 0.3157986111111111 0.021614583333333333 0.034722222222222224
0 0.18463541666666666 0.9721643518518519 0.04739583333333333 0.0537037037037037
3 0.29830729166666664 0.43657407407407406 0.04973958333333333 0.035648148148148144
3 0.252734375 0.4892361111111111 0.05546875 0.08472222222222223
0 0.21197916666666666 0.5083912037037037 0.042708333333333334 0.05740740740740741
0 0.883203125 0.8700810185185185 0.06015625 0.08703703703703704
0 0.859765625 0.5612847222222223 0.08828125 0.13194444444444445
0 0.6703125 0.36701388888888886 0.06875 0.07777777777777777
0 0.7364583333333333 0.35572916666666665 0.04791666666666666 0.08333333333333333
0 0.5997395833333333 0.3875 0.06510416666666666 0.0625
0 0.6985677083333333 0.428587962962963 0.04088541666666666 0.050925925925925916
0 0.380859375 0.461574074074074 0.03671875 0.04814814814814815
0 0.4524739583333333 0.4453125 0.04869791666666666 0.0625
0 0.493359375 0.5644097222222222 0.06796875 0.10694444444444444
0 0.5796875 0.6186342592592593 0.084375 0.11851851851851851