0 0.3578125 0.14461805555555557 0.0875 0.11111111111111112
0 0.38402777777777775 0.3439814814814815 0.09305555555555554 0.16296296296296295
1 0.8194444444444444 0.24403935185185185 0.07638888888888888 0.1037037037037037
1 0.7418402777777777 0.3553819444444445 0.09305555555555554 0.08888888888888888
1 0.5059027777777778 0.9132908950617283 0.15555555555555553 0.12345679012345678
1 0.8416666666666666 0.8483410493827159 0.08333333333333333 0.16543209876543208
1 0.5793402777777777 0.4359375 0.043055555555555555 0.2
3 0.6930555555555555 0.5234760802469136 0.0736111111111111 0.09382716049382715
3 0.7513888888888889 0.4797260802469136 0.07777777777777777 0.09382716049382715
3 0.9027777777777779 0.4220100308641975 0.08055555555555555 0.12839506172839504
3 0.8557291666666667 0.33391203703703703 0.05833333333333333 0.07407407407407407
3 0.15416666666666667 0.04583333333333333 0.04583333333333333 0.06666666666666667
3 0.45451388888888894 0.14245756172839505 0.04027777777777777 0.05679012345679012
3 0.6118055555555555 0.21145833333333336 0.04861111111111111 0.06666666666666667