0 0.13055555555555556 0.13736496913580248 0.04861111111111111 0.07160493827160494
0 0.42413194444444446 0.07743055555555556 0.07638888888888888 0.11111111111111112
0 0.29149305555555555 0.5076195987654322 0.0736111111111111 0.1308641975308642
0 0.5378472222222223 0.48813657407407407 0.09444444444444444 0.14814814814814814
0 0.9503472222222221 0.05225694444444444 0.04444444444444444 0.08888888888888888
0 0.9208333333333334 0.11788194444444444 0.041666666666666664 0.08888888888888888
0 0.8857638888888889 0.19330632716049384 0.05277777777777778 0.12098765432098765
0 0.943576388888889 0.4525848765432099 0.05277777777777778 0.08641975308641975
0 0.4032986111111111 0.28325617283950616 0.034722222222222224 0.07901234567901234
3 0.34131944444444445 0.19197530864197532 0.05138888888888889 0.08395061728395062
3 0.48888888888888893 0.21969521604938272 0.06527777777777778 0.09876543209876543
3 0.63125 0.250462962962963 0.0875 0.1259259259259259
3 0.5307291666666667 0.8451003086419753 0.07083333333333333 0.08395061728395062
3 0.7769097222222222 0.8852430555555555 0.08194444444444444 0.11111111111111112
3 0.5333333333333333 0.9437114197530864 0.09166666666666666 0.10617283950617282
3 0.11788194444444444 0.9102430555555555 0.07638888888888888 0.11111111111111112
3 0.20972222222222223 0.5826003086419753 0.04444444444444444 0.08395061728395062
3 0.15069444444444444 0.6763503086419753 0.06388888888888888 0.08395061728395062
3 0.22864583333333335 0.7211612654320987 0.05416666666666666 0.06419753086419752