0 0.8354166666666666 0.5235146604938271 0.12083333333333332 0.1876543209876543
0 0.6644097222222223 0.44290123456790126 0.08194444444444444 0.13580246913580246
0 0.5826388888888889 0.7876350308641975 0.07777777777777777 0.12839506172839504
0 0.6368055555555555 0.8881365740740741 0.08611111111111111 0.14814814814814814
0 0.47152777777777777 0.9585841049382717 0.05555555555555556 0.0765432098765432
0 0.41944444444444445 0.969020061728395 0.05138888888888889 0.05679012345679012
0 0.4838541666666667 0.7771026234567902 0.05833333333333333 0.11358024691358024
0 0.5239583333333333 0.536304012345679 0.05416666666666666 0.09135802469135802
0 0.546701388888889 0.4454282407407407 0.05277777777777778 0.08148148148148147
0 0.8092013888888889 0.8861111111111111 0.3402777777777778 0.22222222222222224
3 0.7869791666666667 0.6456211419753086 0.08333333333333333 0.1506172839506173
3 0.775 0.8763888888888889 0.1 0.17777777777777776
3 0.8989583333333334 0.8768904320987655 0.10416666666666666 0.19753086419753085