0 0.27057291666666666 0.7416666666666667 0.05364583333333332 0.08333333333333333
0 0.9880208333333333 0.3408564814814815 0.022916666666666665 0.08796296296296295
0 0.8015625 0.4010416666666667 0.0625 0.08333333333333333
0 0.7182291666666667 0.5506944444444445 0.05833333333333333 0.08888888888888888
0 0.625 0.7824074074074074 0.059375 0.08981481481481482
0 0.6755208333333333 0.6913773148148148 0.06041666666666666 0.07962962962962963
0 0.5171875 0.5661458333333333 0.065625 0.11666666666666665
0 0.32786458333333335 0.7667824074074074 0.07760416666666667 0.11481481481481481
3 0.8700520833333334 0.4604166666666667 0.043229166666666666 0.05833333333333333
3 0.7953125 0.522800925925926 0.06875 0.10185185185185183
3 0.7291666666666667 0.3900462962962963 0.03958333333333333 0.09259259259259259
3 0.5377604166666667 0.963136574074074 0.056770833333333326 0.07314814814814814
3 0.50625 0.635474537037037 0.05625 0.07407407407407407
3 0.30234375 0.6824074074074075 0.0703125 0.08981481481481482