1 0.4203125 0.6413773148148147 0.040625 0.06712962962962962
3 0.484765625 0.459375 0.02265625 0.0375
3 0.69921875 0.8969328703703704 0.0359375 0.04074074074074074
1 0.84296875 0.8304976851851851 0.0578125 0.05787037037037037
3 0.7790364583333333 0.9346064814814815 0.07994791666666666 0.07546296296296295
3 0.78046875 0.6869791666666667 0.0484375 0.08333333333333333
3 0.7026041666666667 0.6601273148148148 0.06145833333333332 0.10462962962962963
3 0.58671875 0.5490162037037037 0.0328125 0.04490740740740741
3 0.5244791666666667 0.5967013888888889 0.055208333333333325 0.07777777777777777
3 0.5154947916666667 0.8184606481481481 0.03723958333333333 0.05879629629629629
3 0.28658854166666664 0.9175925925925925 0.04192708333333333 0.04768518518518518