3 0.824609375 0.6244212962962963 0.02109375 0.08009259259259259
3 0.6174479166666667 0.03553240740740741 0.025520833333333333 0.06481481481481481
3 0.4940104166666667 0.42326388888888894 0.034895833333333334 0.05277777777777778
3 0.17161458333333332 0.6850694444444445 0.04635416666666666 0.06388888888888888
0 0.19921875 0.6367476851851852 0.0515625 0.08287037037037036
0 0.13138020833333333 0.7390625 0.03463541666666666 0.0625
0 0.5352864583333333 0.27060185185185187 0.029947916666666664 0.0537037037037037
0 0.33203125 0.8007523148148149 0.0359375 0.06712962962962962
0 0.4076822916666667 0.7549768518518518 0.04348958333333333 0.07870370370370369
0 0.55390625 0.716550925925926 0.0359375 0.05185185185185185
0 0.5764322916666667 0.5714699074074074 0.052864583333333326 0.08981481481481482
0 0.6130208333333333 0.5044560185185185 0.051041666666666666 0.07453703703703704
0 0.6138020833333333 0.4211226851851852 0.043229166666666666 0.07037037037037037
0 0.53828125 0.3722800925925926 0.0421875 0.07268518518518519
0 0.36770833333333336 0.23136574074074073 0.029166666666666664 0.05648148148148148
0 0.23177083333333334 0.23489583333333336 0.029166666666666664 0.041666666666666664
0 0.14609375 0.4630208333333333 0.0296875 0.05416666666666666
0 0.10078125 0.54375 0.0359375 0.05
0 0.034895833333333334 0.563425925925926 0.03854166666666666 0.05185185185185185