0 0.2647569444444445 0.591820987654321 0.06388888888888888 0.10864197530864197
0 0.0328125 0.08333333333333333 0.05 0.06666666666666667
0 0.07013888888888889 0.20596064814814813 0.05277777777777778 0.0962962962962963
1 0.7666666666666667 0.8093942901234568 0.10833333333333332 0.24691358024691357
1 0.7078125 0.551929012345679 0.075 0.09135802469135802
1 0.3529513888888889 0.35474537037037035 0.06527777777777778 0.14074074074074075
3 0.21527777777777776 0.41886574074074073 0.06805555555555555 0.08148148148148147
3 0.18420138888888887 0.48317901234567906 0.06527777777777778 0.09135802469135802
3 0.7159722222222222 0.7979166666666667 0.06944444444444445 0.13333333333333333
3 0.8251736111111111 0.7734953703703704 0.08472222222222223 0.14074074074074075
3 0.8387152777777779 0.923070987654321 0.06805555555555555 0.10864197530864197
3 0.8458333333333334 0.47141203703703705 0.041666666666666664 0.07407407407407407
3 0.9666666666666666 0.3666473765432099 0.05833333333333333 0.08641975308641975
3 0.06163194444444444 0.6413966049382716 0.05138888888888889 0.0765432098765432
3 0.04565972222222222 0.32337962962962963 0.04444444444444444 0.059259259259259255