0 0.8526041666666666 0.3816550925925926 0.03958333333333333 0.07268518518518519
0 0.21197916666666666 0.5842592592592593 0.02395833333333333 0.04351851851851852
0 0.18151041666666667 0.578587962962963 0.02239583333333333 0.050925925925925916
0 0.24518229166666666 0.498900462962963 0.01848958333333333 0.050925925925925916
0 0.5268229166666667 0.15758101851851852 0.028645833333333332 0.062037037037037036
0 0.4983072916666667 0.37505787037037036 0.03098958333333333 0.053240740740740734
0 0.5182291666666667 0.39305555555555555 0.03333333333333333 0.04861111111111111
0 0.49375 0.47442129629629626 0.0375 0.06759259259259259
0 0.4415364583333333 0.603125 0.039322916666666666 0.075
0 0.3709635416666667 0.6012731481481481 0.04505208333333333 0.07129629629629629
0 0.3578125 0.694386574074074 0.046875 0.09814814814814814
0 0.5026041666666667 0.09444444444444444 0.02708333333333333 0.03888888888888888
0 0.442578125 0.11579861111111112 0.02578125 0.04722222222222222
0 0.28828125 0.4220486111111111 0.0265625 0.04722222222222222
0 0.34140625 0.4223958333333333 0.0265625 0.05416666666666666