3 0.363671875 0.8141782407407406 0.04921875 0.09398148148148147
3 0.4055989583333333 0.10966435185185186 0.045572916666666664 0.0662037037037037
0 0.533203125 0.3875 0.04140625 0.0625
0 0.5248697916666667 0.5291087962962963 0.04348958333333333 0.08009259259259259
0 0.5986979166666667 0.6936342592592593 0.05364583333333332 0.09351851851851851
0 0.5302083333333333 0.05324074074074074 0.05416666666666666 0.09398148148148147
0 0.36393229166666663 0.7219907407407408 0.046614583333333334 0.08148148148148147
0 0.38229166666666664 0.8930555555555555 0.04583333333333333 0.09861111111111111
0 0.30416666666666664 0.8870949074074075 0.05208333333333333 0.10231481481481482
0 0.21575520833333334 0.9391782407407406 0.047135416666666666 0.09398148148148147
0 0.18776041666666665 0.8164351851851851 0.05052083333333333 0.08287037037037036
0 0.173828125 0.2618055555555555 0.04140625 0.0736111111111111
0 0.087109375 0.4966435185185185 0.04296875 0.062037037037037036
2 0.27005208333333336 0.1509837962962963 0.04010416666666666 0.04259259259259259