0 0.32586805555555554 0.3182291666666667 0.08611111111111111 0.13333333333333333
0 0.3875 0.22621527777777778 0.1125 0.15555555555555553
0 0.40798611111111105 0.34816743827160496 0.08472222222222223 0.14320987654320988
0 0.4814236111111111 0.3204475308641975 0.09722222222222222 0.12839506172839504
0 0.48246527777777776 0.21475694444444446 0.06805555555555555 0.08888888888888888
0 0.49288194444444444 0.45244984567901236 0.11388888888888889 0.1580246913580247
0 0.5644097222222222 0.3414158950617284 0.08194444444444444 0.12345679012345678
0 0.5081597222222223 0.14699074074074076 0.06944444444444445 0.08148148148148147
0 0.4300347222222222 0.10825617283950617 0.05694444444444444 0.07901234567901234
0 0.6270833333333333 0.39174382716049383 0.06666666666666667 0.12098765432098765
0 0.6123263888888889 0.44855324074074077 0.06527777777777778 0.08148148148148147
0 0.6161458333333333 0.5494020061728395 0.06666666666666667 0.14567901234567898
0 0.670138888888889 0.5173996913580247 0.06527777777777778 0.11604938271604937
0 0.711111111111111 0.510570987654321 0.04722222222222222 0.10864197530864197
0 0.6920138888888889 0.4117091049382716 0.05277777777777778 0.0765432098765432
0 0.6786458333333333 0.34131944444444445 0.05416666666666666 0.08888888888888888
0 0.7470486111111111 0.8674382716049382 0.09722222222222222 0.20987654320987653
0 0.6149305555555555 0.9414930555555555 0.11111111111111112 0.11111111111111112
0 0.5923611111111111 0.6930941358024691 0.10972222222222221 0.20493827160493824
0 0.3782986111111111 0.5276427469135803 0.13472222222222222 0.22716049382716047
0 0.4265625 0.7278742283950617 0.1 0.19012345679012346
0 0.31232638888888886 0.8623649691358025 0.15277777777777776 0.2716049382716049
1 0.08072916666666666 0.2492283950617284 0.10833333333333332 0.12345679012345678
1 0.09305555555555556 0.14303626543209877 0.11111111111111112 0.06419753086419752
3 0.10555555555555556 0.5540895061728395 0.09861111111111111 0.14567901234567898
3 0.17760416666666665 0.8500385802469136 0.17083333333333334 0.2938271604938271
3 0.40746527777777775 0.8391975308641975 0.06805555555555555 0.12839506172839504
3 0.673611111111111 0.8942901234567902 0.05972222222222222 0.11358024691358024