3 0.8307291666666666 0.026504629629629628 0.04583333333333333 0.04675925925925926
3 0.7985677083333333 0.28587962962962965 0.04088541666666666 0.07175925925925926
3 0.91640625 0.3891203703703704 0.0484375 0.06574074074074074
3 0.7346354166666667 0.8105324074074074 0.056770833333333326 0.08981481481481482
3 0.35794270833333336 0.8905671296296296 0.04088541666666666 0.04675925925925926
3 0.17916666666666664 0.9303819444444444 0.07083333333333333 0.10138888888888889
3 0.29908854166666665 0.625462962962963 0.02630208333333333 0.06342592592592591
1 0.4083333333333333 0.6208333333333333 0.041666666666666664 0.15416666666666665
1 0.08111979166666666 0.7027199074074074 0.06536458333333332 0.17731481481481481
3 0.03098958333333333 0.5105902777777778 0.049479166666666664 0.06805555555555555
3 0.18932291666666667 0.41707175925925927 0.04427083333333333 0.05601851851851851