3 0.30052083333333335 0.21140046296296297 0.019791666666666666 0.025925925925925925
3 0.375390625 0.5662615740740741 0.02265625 0.035648148148148144
1 0.38893229166666665 0.422974537037037 0.024739583333333332 0.024074074074074074
0 0.5869791666666667 0.42667824074074073 0.03958333333333333 0.06898148148148148
3 0.808984375 0.6483796296296296 0.04296875 0.059259259259259255
3 0.8296875 0.3171875 0.05625 0.075
3 0.8888020833333334 0.199537037037037 0.033854166666666664 0.04907407407407407
1 0.8819010416666666 0.2502314814814815 0.08255208333333333 0.06296296296296296
3 0.5161458333333333 0.36215277777777777 0.029166666666666664 0.043055555555555555
3 0.5591145833333333 0.14450231481481482 0.018229166666666664 0.029629629629629627
3 0.6635416666666667 0.16446759259259258 0.03333333333333333 0.04768518518518518
3 0.8126302083333334 0.06435185185185185 0.03463541666666666 0.0412037037037037