3 0.28385416666666663 0.9466435185185185 0.03020833333333333 0.04953703703703703
1 0.286328125 0.8403356481481481 0.04453125 0.08379629629629629
1 0.32330729166666666 0.7612847222222222 0.046614583333333334 0.05694444444444444
3 0.32447916666666665 0.5890046296296296 0.03958333333333333 0.04675925925925926
3 0.24049479166666665 0.685300925925926 0.052864583333333326 0.06435185185185185
3 0.5013020833333333 0.6982060185185185 0.033854166666666664 0.062037037037037036
3 0.6317708333333333 0.4609375 0.03229166666666666 0.05
1 0.5087239583333333 0.2523726851851852 0.020572916666666666 0.02037037037037037
0 0.573828125 0.25787037037037036 0.02265625 0.04074074074074074
3 0.571875 0.04600694444444444 0.034375 0.06388888888888888
0 0.4317708333333333 0.04236111111111111 0.035416666666666666 0.05972222222222222