2 0.4065104166666667 0.518287037037037 0.03177083333333333 0.04907407407407407
2 0.32395833333333335 0.545775462962963 0.026041666666666664 0.050925925925925916
3 0.26809895833333336 0.5092592592592593 0.04869791666666666 0.04351851851851852
0 0.07799479166666666 0.17233796296296294 0.02786458333333333 0.038425925925925926
0 0.08893229166666666 0.21041666666666664 0.03411458333333333 0.04583333333333333
0 0.14296875 0.09594907407407408 0.0265625 0.04814814814814815
0 0.16875 0.07528935185185184 0.021875 0.0412037037037037
0 0.193359375 0.08767361111111112 0.02109375 0.04722222222222222
0 0.274609375 0.02725694444444444 0.02109375 0.03888888888888888
0 0.24440104166666665 0.05532407407407407 0.02317708333333333 0.04814814814814815
0 0.3240885416666667 0.20688657407407404 0.029427083333333333 0.06064814814814814
0 0.36614583333333334 0.1528935185185185 0.029166666666666664 0.04953703703703703
0 0.39739583333333334 0.1466435185185185 0.026041666666666664 0.04953703703703703
0 0.38606770833333337 0.22847222222222224 0.03463541666666666 0.05694444444444444
0 0.28255208333333337 0.3337384259259259 0.03072916666666666 0.06435185185185185
0 0.4450520833333333 0.4502314814814815 0.06197916666666666 0.06296296296296296
0 0.2813802083333333 0.9587962962962964 0.07838541666666667 0.08009259259259259