0 0.2439236111111111 0.6284336419753086 0.09722222222222222 0.1506172839506173
0 0.36736111111111114 0.4387924382716049 0.08472222222222223 0.14320987654320988
0 0.40347222222222223 0.32939814814814816 0.05694444444444444 0.0962962962962963
0 0.4645833333333333 0.322241512345679 0.041666666666666664 0.09135802469135802
0 0.5090277777777777 0.34544753086419755 0.05555555555555556 0.12839506172839504
0 0.5831597222222222 0.38665123456790124 0.05694444444444444 0.13580246913580246
0 0.5522569444444445 0.7759066358024691 0.11388888888888889 0.20493827160493824
0 0.5041666666666667 0.11631944444444445 0.04583333333333333 0.08888888888888888
0 0.5793402777777777 0.1306327160493827 0.043055555555555555 0.09876543209876543
0 0.6220486111111111 0.22166280864197532 0.034722222222222224 0.08395061728395062
3 0.5375 0.9282600308641975 0.1 0.12839506172839504