0 0.094921875 0.057291666666666664 0.02734375 0.04583333333333333
0 0.7911458333333333 0.11510416666666665 0.03854166666666666 0.05833333333333333
0 0.7513020833333333 0.18350694444444443 0.04010416666666666 0.06388888888888888
0 0.81796875 0.3819444444444445 0.0359375 0.06388888888888888
0 0.7153645833333333 0.2617476851851852 0.04010416666666666 0.07037037037037037
0 0.6951822916666667 0.18958333333333333 0.03411458333333333 0.05416666666666666
0 0.6177083333333333 0.3578125 0.035416666666666666 0.0625
3 0.853125 0.34108796296296295 0.046875 0.07592592592592592
0 0.470703125 0.5976851851851852 0.04140625 0.05787037037037037
0 0.8470052083333334 0.784375 0.04401041666666666 0.075
0 0.491796875 0.751736111111111 0.04296875 0.07222222222222222
0 0.291015625 0.702025462962963 0.05078125 0.07592592592592592
0 0.19401041666666669 0.5934027777777777 0.04739583333333333 0.06805555555555555