0 0.484375 0.96953125 0.0875 0.0609375
0 0.721484375 0.7389467592592592 0.05859375 0.08101851851851852
0 0.353125 0.721412037037037 0.053125 0.09907407407407406
0 0.094140625 0.739525462962963 0.06640625 0.08842592592592592
0 0.12747395833333333 0.9325231481481481 0.09244791666666666 0.13379629629629627
0 0.20325520833333335 0.8778935185185185 0.07213541666666666 0.12453703703703703
0 0.37239583333333337 0.5543981481481481 0.035416666666666666 0.046296296296296294
0 0.4291666666666667 0.5502893518518518 0.03020833333333333 0.0412037037037037
0 0.4319010416666667 0.5170138888888889 0.02317708333333333 0.04027777777777777
0 0.7455729166666667 0.3680555555555555 0.028645833333333332 0.04861111111111111
0 0.7861979166666667 0.35833333333333334 0.028645833333333332 0.041666666666666664
3 0.33541666666666664 0.5288194444444445 0.03333333333333333 0.03888888888888888
3 0.5860677083333333 0.5505787037037038 0.04088541666666666 0.05740740740740741
0 0.7651041666666667 0.5372685185185185 0.042708333333333334 0.04953703703703703