2 0.7493489583333333 0.3263888888888889 0.039322916666666666 0.06527777777777778
0 0.35247395833333334 0.8028356481481481 0.045572916666666664 0.08379629629629629
0 0.4154947916666667 0.9098958333333333 0.052864583333333326 0.10416666666666666
0 0.248046875 0.9721643518518519 0.04921875 0.0537037037037037
0 0.2859375 0.865914351851852 0.05625 0.07870370370370369
3 0.896484375 0.4971643518518518 0.04921875 0.0662037037037037
3 0.491015625 0.9511574074074074 0.06328125 0.08981481481481482
3 0.12200520833333332 0.7299768518518518 0.06276041666666667 0.1037037037037037
0 0.125390625 0.08518518518518518 0.05078125 0.09537037037037036
0 0.39283854166666665 0.6758680555555555 0.038802083333333334 0.0736111111111111
0 0.27734375 0.3318287037037037 0.0359375 0.04490740740740741
0 0.475 0.34895833333333337 0.0375 0.06666666666666667
0 0.948046875 0.4184606481481482 0.05546875 0.08379629629629629
0 0.86171875 0.9625 0.0703125 0.075
0 0.9166666666666666 0.07158564814814813 0.05208333333333333 0.05879629629629629