0 0.28107638888888886 0.44938271604938274 0.06527777777777778 0.09876543209876543
0 0.19861111111111113 0.3045524691358025 0.05972222222222222 0.07160493827160494
0 0.10885416666666665 0.4647569444444445 0.05833333333333333 0.08888888888888888
0 0.8489583333333334 0.5278549382716049 0.06666666666666667 0.14320987654320988
0 0.8796875 0.655150462962963 0.075 0.1259259259259259
0 0.9215277777777778 0.4486689814814815 0.10555555555555556 0.16296296296296295
0 0.9708333333333334 0.28312114197530863 0.05416666666666666 0.1506172839506173
0 0.5053819444444445 0.7163194444444445 0.03888888888888888 0.08888888888888888
0 0.44704861111111105 0.819945987654321 0.04722222222222222 0.10864197530864197
0 0.675 0.1482253086419753 0.0375 0.08395061728395062
0 0.28385416666666663 0.18234953703703702 0.04583333333333333 0.07407407407407407
0 0.2625 0.24048996913580245 0.0375 0.07160493827160494