0 0.20677083333333335 0.22150848765432096 0.06666666666666667 0.10864197530864197
0 0.2375 0.3891203703703704 0.0625 0.14074074074074075
0 0.15347222222222223 0.6471064814814815 0.09444444444444444 0.16296296296296295
0 0.10347222222222223 0.4842592592592593 0.08194444444444444 0.11851851851851851
1 0.65 0.5170331790123457 0.1375 0.22469135802469134
1 0.23541666666666666 0.8409336419753087 0.09583333333333333 0.1506172839506173
1 0.3402777777777778 0.567091049382716 0.05555555555555556 0.16543209876543208
1 0.30833333333333335 0.7055748456790123 0.05416666666666666 0.1580246913580247
3 0.42829861111111106 0.8018325617283951 0.1222222222222222 0.2567901234567901
3 0.39166666666666666 0.9668016975308642 0.08333333333333333 0.06172839506172839
3 0.37256944444444445 0.4921489197530864 0.05138888888888889 0.10617283950617282
3 0.22447916666666665 0.6428047839506172 0.05833333333333333 0.10123456790123457