0 0.7122395833333333 0.8258680555555555 0.04010416666666666 0.0736111111111111
0 0.549609375 0.44861111111111107 0.02734375 0.04722222222222222
0 0.5864583333333333 0.30341435185185184 0.026041666666666664 0.0412037037037037
0 0.5688802083333333 0.32557870370370373 0.025260416666666664 0.032407407407407406
0 0.4966145833333333 0.3324074074074074 0.027604166666666662 0.052314814814814814
0 0.5319010416666667 0.5069444444444444 0.029427083333333333 0.05138888888888889
0 0.3846354166666667 0.7397569444444445 0.025520833333333333 0.05138888888888889
0 0.344140625 0.675 0.02890625 0.05
0 0.30703125 0.6304976851851852 0.0203125 0.05787037037037037
0 0.24674479166666666 0.7204282407407407 0.021614583333333333 0.043981481481481476
0 0.20169270833333336 0.8087962962962963 0.031510416666666666 0.055092592592592596
0 0.19270833333333331 0.7715856481481482 0.026041666666666664 0.05879629629629629
0 0.7759114583333333 0.8852430555555555 0.06744791666666666 0.09861111111111111
0 0.5319010416666667 0.7856481481481482 0.038802083333333334 0.046296296296296294
0 0.391015625 0.9423032407407407 0.05703125 0.08148148148148147
0 0.3848958333333333 0.868460648148148 0.041666666666666664 0.07129629629629629