0 0.5336805555555555 0.8475694444444445 0.1361111111111111 0.28888888888888886
0 0.4838541666666667 0.4721064814814815 0.09583333333333333 0.16296296296296295
0 0.6222222222222222 0.4760609567901234 0.10694444444444444 0.18024691358024691
0 0.5534722222222223 0.35943287037037036 0.09444444444444444 0.14074074074074075
0 0.6078125 0.23778935185185185 0.075 0.1037037037037037
0 0.6670138888888889 0.2584297839506173 0.06527777777777778 0.10123456790123457
0 0.7592013888888889 0.3721836419753086 0.10277777777777777 0.1506172839506173
0 0.7815972222222223 0.5199652777777778 0.11944444444444444 0.15555555555555553
0 0.9081597222222222 0.44077932098765427 0.11944444444444444 0.17530864197530863
0 0.9019097222222221 0.6235918209876543 0.11944444444444444 0.17530864197530863
0 0.7387152777777778 0.0894483024691358 0.09305555555555554 0.1382716049382716
3 0.6654513888888889 0.8042824074074074 0.11527777777777777 0.2148148148148148
3 0.804861111111111 0.7032021604938271 0.1222222222222222 0.1876543209876543