0 0.28402777777777777 0.4525462962962963 0.09305555555555554 0.1925925925925926
0 0.35659722222222223 0.7755208333333333 0.13194444444444445 0.26666666666666666
0 0.23697916666666666 0.18688271604938272 0.05833333333333333 0.09876543209876543
0 0.1736111111111111 0.27949459876543215 0.05972222222222222 0.1308641975308642
0 0.0736111111111111 0.44417438271604937 0.13472222222222222 0.23209876543209873
0 0.06614583333333332 0.8114197530864198 0.12916666666666665 0.37283950617283945
0 0.5980902777777778 0.28344907407407405 0.08055555555555555 0.14814814814814814
0 0.6479166666666667 0.09799382716049383 0.04583333333333333 0.12098765432098765
1 0.5394097222222223 0.49799382716049384 0.11944444444444444 0.12098765432098765
1 0.5114583333333333 0.6846836419753086 0.09166666666666666 0.1506172839506173
1 0.9546875 0.34693287037037035 0.0875 0.14074074074074075
3 0.4326388888888889 0.3093364197530864 0.05277777777777778 0.10617283950617282