0 0.5772569444444444 0.5073688271604938 0.07638888888888888 0.12098765432098765
0 0.6958333333333333 0.36051311728395063 0.07916666666666666 0.16790123456790124
0 0.5256944444444445 0.666087962962963 0.08888888888888888 0.1259259259259259
0 0.6460069444444445 0.5499614197530864 0.08888888888888888 0.10617283950617282
0 0.4604166666666667 0.7925154320987654 0.10833333333333332 0.19753086419753085
0 0.7368055555555555 0.7015432098765432 0.09861111111111111 0.1530864197530864
0 0.7880208333333333 0.8752507716049382 0.11666666666666665 0.20987654320987653
0 0.9154513888888889 0.8005787037037037 0.14027777777777778 0.2074074074074074
2 0.959201388888889 0.5675733024691357 0.07777777777777777 0.1382716049382716
3 0.5828125 0.7501350308641975 0.1 0.12839506172839504
3 0.6810763888888889 0.7895447530864198 0.10277777777777777 0.1728395061728395