0 0.09496527777777777 0.36257716049382716 0.11805555555555555 0.1876543209876543
0 0.15555555555555556 0.2567901234567901 0.0736111111111111 0.11358024691358024
0 0.26875 0.5485725308641975 0.075 0.12839506172839504
0 0.3993055555555555 0.3819637345679012 0.0611111111111111 0.13580246913580246
0 0.17083333333333334 0.5642168209876542 0.11666666666666665 0.17530864197530863
0 0.07378472222222222 0.725829475308642 0.14444444444444443 0.21728395061728395
0 0.40086805555555555 0.04633487654320988 0.0611111111111111 0.08641975308641975
0 0.45 0.11304012345679011 0.0625 0.11358024691358024
0 0.5006944444444444 0.15578703703703703 0.03888888888888888 0.07407407407407407
1 0.6645833333333333 0.47150848765432096 0.09166666666666666 0.10864197530864197
1 0.8944444444444445 0.34988425925925926 0.07638888888888888 0.11851851851851851
1 0.28541666666666665 0.6845100308641976 0.05833333333333333 0.12839506172839504
1 0.3140625 0.505787037037037 0.05 0.07407407407407407
1 0.36215277777777777 0.48196373456790126 0.05555555555555556 0.13580246913580246
1 0.8333333333333334 0.27216435185185184 0.041666666666666664 0.1037037037037037
1 0.665625 0.31417824074074074 0.05 0.08148148148148147
1 0.663888888888889 0.18942901234567902 0.05277777777777778 0.09135802469135802