0 0.021354166666666667 0.864525462962963 0.03958333333333333 0.08842592592592592
3 0.5975260416666667 0.0537037037037037 0.05755208333333332 0.09490740740740741
0 0.6200520833333333 0.5905671296296295 0.043229166666666666 0.08425925925925926
0 0.49921875 0.961400462962963 0.0484375 0.07592592592592592
0 0.491796875 0.876099537037037 0.04921875 0.08657407407407407
0 0.4462239583333333 0.9229166666666666 0.04869791666666666 0.10833333333333332
0 0.4053385416666667 0.9493055555555555 0.03255208333333333 0.0611111111111111
0 0.4016927083333333 0.8347222222222221 0.04088541666666666 0.08194444444444444
0 0.4723958333333333 0.568287037037037 0.057291666666666664 0.11157407407407408
0 0.459375 0.4046875 0.053125 0.1
0 0.515625 0.3438657407407407 0.059375 0.10648148148148147
0 0.33059895833333336 0.31221064814814814 0.03619791666666666 0.07129629629629629
0 0.24921875 0.07065972222222222 0.0421875 0.06944444444444445
0 0.4102864583333333 0.10914351851851851 0.04869791666666666 0.07453703703703704