2 0.306640625 0.3050925925925926 0.03203125 0.03518518518518519
0 0.6045572916666667 0.421412037037037 0.024739583333333332 0.07407407407407407
0 0.6322916666666667 0.08101851851851852 0.03020833333333333 0.037037037037037035
1 0.723046875 0.24780092592592595 0.06171875 0.22685185185185186
2 0.9727864583333334 0.47094907407407405 0.05182291666666666 0.04814814814814815
2 0.216796875 0.17280092592592594 0.05859375 0.039351851851851846
2 0.2716145833333333 0.320775462962963 0.04635416666666666 0.038425925925925926
2 0.2852864583333333 0.277025462962963 0.045572916666666664 0.038425925925925926
3 0.22955729166666666 0.6680555555555555 0.10286458333333333 0.14861111111111108
3 0.3553385416666667 0.575462962962963 0.07942708333333333 0.10092592592592593
3 0.26328125 0.4612847222222222 0.0640625 0.06944444444444445
3 0.16380208333333332 0.21319444444444446 0.04010416666666666 0.06388888888888888
3 0.14583333333333331 0.0802662037037037 0.051041666666666666 0.0699074074074074
3 0.326171875 0.2013310185185185 0.03671875 0.04953703703703703
3 0.27434895833333334 0.15868055555555555 0.045572916666666664 0.0611111111111111
3 0.34075520833333334 0.33524305555555556 0.047135416666666666 0.0611111111111111
3 0.36002604166666663 0.4184027777777778 0.07942708333333333 0.10555555555555556
2 0.32955729166666664 0.237962962962963 0.05598958333333333 0.10092592592592593
2 0.37408854166666666 0.15862268518518519 0.051302083333333325 0.045370370370370366
3 0.5263020833333333 0.4137152777777778 0.07135416666666666 0.06805555555555555
3 0.5813802083333333 0.4931712962962963 0.06588541666666667 0.10509259259259258
3 0.4604166666666667 0.5315972222222223 0.10520833333333332 0.10694444444444444
3 0.4313802083333333 0.6304398148148148 0.10026041666666666 0.12962962962962962
3 0.5036458333333333 0.7314236111111111 0.10416666666666666 0.1597222222222222
3 0.519140625 0.6078703703703703 0.09453125 0.07824074074074074
3 0.6147135416666667 0.7020833333333333 0.10755208333333333 0.16666666666666666
3 0.65546875 0.5799189814814815 0.0609375 0.16296296296296295
3 0.6921875 0.5207175925925925 0.0875 0.1726851851851852
3 0.66171875 0.2850694444444445 0.0984375 0.15138888888888888
3 0.614453125 0.18611111111111112 0.03515625 0.1472222222222222
3 0.4985677083333333 0.13402777777777777 0.07838541666666667 0.15555555555555553
3 0.6720052083333333 0.8879050925925925 0.12213541666666665 0.22268518518518515
3 0.7227864583333333 0.8266782407407407 0.09557291666666666 0.18148148148148147
3 0.8671875 0.720949074074074 0.11875 0.18564814814814815
3 0.8515625 0.8626736111111111 0.084375 0.10972222222222221
3 0.9279947916666667 0.914988425925926 0.07161458333333333 0.08935185185185185
3 0.9303385416666666 0.806712962962963 0.05442708333333333 0.1384259259259259
3 0.658203125 0.103125 0.08515625 0.1125
3 0.75546875 0.08009259259259259 0.0640625 0.08518518518518518
3 0.6877604166666667 0.04212962962962963 0.06302083333333333 0.04675925925925926