3 0.6768229166666667 0.33153935185185185 0.06614583333333332 0.0912037037037037
3 0.759375 0.6109375 0.090625 0.1375
2 0.728515625 0.32644675925925926 0.03515625 0.04351851851851852
2 0.8369791666666666 0.3115740740740741 0.03958333333333333 0.04814814814814815
2 0.9200520833333334 0.4606481481481482 0.05260416666666666 0.05879629629629629
2 0.9346354166666666 0.1657986111111111 0.04427083333333333 0.04722222222222222
2 0.4196614583333333 0.21307870370370371 0.029947916666666664 0.032407407407407406
2 0.47578125 0.22505787037037037 0.0265625 0.02824074074074074
2 0.5188802083333333 0.19652777777777777 0.019010416666666665 0.03055555555555555
2 0.55 0.1960648148148148 0.025 0.029629629629629627
2 0.574609375 0.20057870370370373 0.02109375 0.032407407407407406
2 0.6110677083333333 0.22268518518518515 0.031510416666666666 0.045370370370370366
2 0.606640625 0.35746527777777776 0.02890625 0.043055555555555555
2 0.5516927083333333 0.35497685185185185 0.025260416666666664 0.0412037037037037
2 0.38828125 0.3539351851851852 0.0328125 0.03287037037037037
2 0.4334635416666667 0.3668402777777778 0.02317708333333333 0.03055555555555555
2 0.494921875 0.35462962962962963 0.02734375 0.03425925925925925
2 0.4740885416666667 0.4305555555555555 0.02630208333333333 0.03611111111111111
2 0.435546875 0.4330439814814815 0.03046875 0.03796296296296296
2 0.409375 0.429050925925926 0.028125 0.039351851851851846
2 0.36940104166666665 0.4775462962962963 0.04505208333333333 0.055092592592592596
2 0.4282552083333333 0.5087962962962963 0.037760416666666664 0.055092592592592596
2 0.5393229166666667 0.5247685185185185 0.04114583333333333 0.062037037037037036
2 0.564453125 0.4377893518518518 0.03515625 0.0537037037037037
2 0.6044270833333333 0.4382523148148148 0.033854166666666664 0.054629629629629625
2 0.3084635416666667 0.38883101851851853 0.029427083333333333 0.037037037037037035
2 0.32161458333333337 0.4409722222222222 0.03072916666666666 0.04444444444444444
2 0.265625 0.44311342592592595 0.03125 0.039351851851851846
2 0.31888020833333336 0.3438657407407407 0.03463541666666666 0.043981481481481476
2 0.06614583333333332 0.4921875 0.035416666666666666 0.0375
2 0.17565104166666667 0.39328703703703705 0.03255208333333333 0.03657407407407407
2 0.21614583333333334 0.44230324074074073 0.03229166666666666 0.043981481481481476
2 0.23489583333333336 0.40300925925925923 0.029166666666666664 0.04351851851851852
2 0.26497395833333337 0.4052662037037037 0.02682291666666666 0.04490740740740741
2 0.215234375 0.4994791666666667 0.03046875 0.04583333333333333
2 0.27955729166666665 0.49415509259259255 0.024739583333333332 0.04768518518518518
2 0.35872395833333337 0.5574074074074075 0.03619791666666666 0.06481481481481481
2 0.13541666666666669 0.48686342592592596 0.03958333333333333 0.039351851851851846
2 0.404296875 0.5385416666666667 0.03671875 0.05833333333333333
2 0.4274739583333333 0.578587962962963 0.03619791666666666 0.050925925925925916
2 0.428125 0.6511574074074075 0.040625 0.06481481481481481
2 0.5299479166666667 0.703298611111111 0.04739583333333333 0.07222222222222222
2 0.5157552083333333 0.6535300925925925 0.037760416666666664 0.04768518518518518
2 0.6643229166666667 0.7268518518518519 0.04427083333333333 0.07870370370370369
2 0.678125 0.5194444444444445 0.034375 0.05138888888888889
2 0.6805989583333333 0.8403356481481481 0.054947916666666666 0.0962962962962963
2 0.5934895833333333 0.8725694444444445 0.05572916666666666 0.10138888888888889
2 0.5360677083333333 0.8694444444444445 0.05651041666666666 0.10138888888888889
2 0.4751302083333333 0.929513888888889 0.05651041666666666 0.07777777777777777
2 0.4223958333333333 0.7328125 0.03229166666666666 0.0625
2 0.14036458333333332 0.6798032407407407 0.05260416666666666 0.06898148148148148
2 0.279296875 0.6381365740740741 0.04609375 0.08564814814814814
2 0.3171875 0.6701967592592593 0.046875 0.08101851851851852
2 0.34908854166666664 0.7460069444444445 0.060677083333333326 0.08888888888888888
2 0.4188802083333333 0.8044560185185186 0.047135416666666666 0.07453703703703704
2 0.68046875 0.45850694444444445 0.0296875 0.03888888888888888