2 0.88671875 0.3523148148148148 0.0828125 0.10462962962962963
2 0.7 0.12065972222222224 0.059375 0.06944444444444445
2 0.6865885416666667 0.5677662037037037 0.06380208333333333 0.0824074074074074
2 0.5450520833333333 0.4820023148148148 0.04635416666666666 0.07962962962962963
2 0.8026041666666666 0.1708912037037037 0.06770833333333333 0.0699074074074074
2 0.4923177083333333 0.40017361111111105 0.031510416666666666 0.04722222222222222
2 0.5106770833333333 0.7212962962962963 0.06822916666666666 0.11759259259259258
2 0.3296875 0.6847222222222222 0.053125 0.09444444444444444
2 0.441015625 0.3601851851851852 0.03203125 0.05787037037037037
2 0.9666666666666666 0.7179976851851853 0.055208333333333325 0.09537037037037036
2 0.6701822916666667 0.655787037037037 0.06536458333333332 0.09907407407407406
2 0.31080729166666665 0.2615162037037037 0.03723958333333333 0.04490740740740741
2 0.24453125 0.4212962962962963 0.0390625 0.055092592592592596