0 0.4412760416666667 0.6435185185185185 0.029427083333333333 0.062037037037037036
0 0.28606770833333334 0.04658564814814815 0.07213541666666666 0.08379629629629629
0 0.405859375 0.10827546296296295 0.04609375 0.08842592592592592
0 0.4459635416666667 0.2114583333333333 0.06380208333333333 0.10416666666666666
0 0.6358072916666667 0.3011574074074074 0.02786458333333333 0.06481481481481481
0 0.7694010416666667 0.36550925925925926 0.02005208333333333 0.04351851851851852
0 0.840234375 0.36244212962962963 0.01796875 0.02175925925925926
0 0.8908854166666667 0.43981481481481477 0.02239583333333333 0.029629629629629627
0 0.9 0.33796296296296297 0.01875 0.025925925925925925
0 0.96171875 0.41909722222222223 0.0265625 0.03194444444444444
0 0.9911458333333334 0.33072916666666663 0.016666666666666666 0.03333333333333333
0 0.69453125 0.5330439814814815 0.0390625 0.050462962962962966
0 0.7587239583333333 0.49861111111111106 0.03619791666666666 0.07222222222222222