2 0.4528645833333333 0.19074074074074074 0.04635416666666666 0.06898148148148148
2 0.60859375 0.8070023148148149 0.0796875 0.15462962962962962
2 0.5513020833333333 0.6647569444444444 0.07760416666666667 0.11388888888888889
2 0.5041666666666667 0.6152777777777778 0.03958333333333333 0.06805555555555555
2 0.532421875 0.757349537037037 0.07421875 0.11157407407407408
2 0.47578125 0.8631365740740741 0.0796875 0.14814814814814814
2 0.7161458333333333 0.9685185185185186 0.06354166666666666 0.062037037037037036
2 0.6977864583333333 0.896412037037037 0.08307291666666666 0.14907407407407408
2 0.8802083333333334 0.802025462962963 0.06354166666666666 0.1384259259259259
2 0.8100260416666666 0.7529513888888889 0.06692708333333333 0.11527777777777777
2 0.719921875 0.610474537037037 0.06796875 0.08657407407407407
2 0.7140625 0.5347222222222222 0.071875 0.09444444444444444
2 0.7053385416666667 0.3514467592592593 0.051302083333333325 0.08101851851851852
2 0.658203125 0.379224537037037 0.05390625 0.08657407407407407
2 0.64140625 0.2462384259259259 0.0421875 0.06435185185185185
2 0.5860677083333333 0.3017361111111111 0.047135416666666666 0.08472222222222223
2 0.4020833333333333 0.13721064814814815 0.035416666666666666 0.046296296296296294
2 0.441015625 0.10983796296296296 0.03203125 0.050925925925925916
2 0.5358072916666667 0.09508101851851851 0.04036458333333333 0.062037037037037036
2 0.35768229166666665 0.21261574074074074 0.04036458333333333 0.05648148148148148
2 0.8283854166666667 0.03402777777777778 0.05052083333333333 0.05555555555555556
2 0.7411458333333333 0.12488425925925925 0.041666666666666664 0.05601851851851851
3 0.96171875 0.3933449074074074 0.0765625 0.17731481481481481
3 0.6915364583333333 0.15347222222222223 0.07994791666666666 0.10694444444444444
2 0.37083333333333335 0.7026041666666667 0.057291666666666664 0.10833333333333332
2 0.4209635416666667 0.7079282407407408 0.07942708333333333 0.11898148148148147
2 0.497265625 0.3523726851851852 0.06015625 0.05787037037037037
2 0.5330729166666667 0.4723958333333333 0.056770833333333326 0.06666666666666667
2 0.50078125 0.5349537037037038 0.0640625 0.0824074074074074
2 0.4145833333333333 0.4473958333333333 0.051041666666666666 0.06666666666666667
2 0.4470052083333333 0.5781828703703704 0.06276041666666667 0.10324074074074074
2 0.371484375 0.5561921296296296 0.04921875 0.07175925925925926
2 0.36627604166666666 0.5053819444444445 0.04505208333333333 0.07638888888888888
2 0.335546875 0.48234953703703703 0.06484375 0.07407407407407407
2 0.391015625 0.2578125 0.04765625 0.075
2 0.798828125 0.24247685185185186 0.04765625 0.07870370370370369
2 0.11080729166666665 0.36846064814814816 0.05598958333333333 0.07129629629629629
2 0.26848958333333334 0.25121527777777775 0.04635416666666666 0.06805555555555555
2 0.058203125 0.5849537037037037 0.04453125 0.0824074074074074
2 0.18854166666666666 0.5669560185185185 0.06145833333333332 0.09953703703703703