3 0.648046875 0.44809027777777777 0.04609375 0.06805555555555555
0 0.79375 0.7934027777777778 0.046875 0.09305555555555554
0 0.7227864583333333 0.857349537037037 0.054947916666666666 0.11157407407407408
0 0.7705729166666667 0.9501736111111111 0.04427083333333333 0.09722222222222222
0 0.5985677083333333 0.833912037037037 0.053385416666666664 0.09907407407407406
0 0.64140625 0.7422453703703704 0.0671875 0.10324074074074074
0 0.32317708333333334 0.5669560185185185 0.04010416666666666 0.062037037037037036
0 0.4177083333333333 0.7712962962962963 0.03854166666666666 0.08009259259259259
0 0.504296875 0.5561921296296296 0.04921875 0.08425925925925926
0 0.4618489583333333 0.4140046296296296 0.03307291666666666 0.059259259259259255
0 0.5091145833333333 0.30873842592592593 0.04635416666666666 0.07685185185185185
0 0.3546875 0.4789351851851852 0.040625 0.05787037037037037
0 0.037890625 0.9601851851851851 0.03828125 0.07037037037037037
0 0.11302083333333332 0.6661458333333333 0.04791666666666666 0.07916666666666666