2 0.8677083333333334 0.7669560185185185 0.07916666666666666 0.11203703703703702
1 0.9209635416666666 0.5291087962962963 0.11692708333333332 0.08009259259259259
2 0.962890625 0.3464699074074074 0.07265625 0.10231481481481482
2 0.6770833333333333 0.6201388888888889 0.14166666666666666 0.20277777777777778
2 0.7565104166666667 0.6309606481481481 0.08489583333333332 0.14629629629629629
2 0.7591145833333333 0.7661458333333333 0.10885416666666665 0.12916666666666665
2 0.9303385416666666 0.6658564814814815 0.05442708333333333 0.06296296296296296
2 0.27083333333333337 0.28425925925925927 0.04791666666666666 0.0685185185185185
2 0.4239583333333333 0.33425925925925926 0.04791666666666666 0.08101851851851852
2 0.39752604166666666 0.900173611111111 0.09817708333333333 0.19722222222222222
2 0.3734375 0.37800925925925927 0.05 0.08101851851851852
2 0.35013020833333336 0.32881944444444444 0.05651041666666666 0.07638888888888888
2 0.310546875 0.3943287037037037 0.06171875 0.0699074074074074
2 0.07213541666666666 0.4140625 0.06614583333333332 0.075
2 0.20638020833333334 0.38917824074074076 0.047135416666666666 0.043981481481481476
2 0.208203125 0.4174189814814815 0.05078125 0.06296296296296296
2 0.22018229166666664 0.4434606481481482 0.05598958333333333 0.046296296296296294
2 0.934765625 0.19403935185185187 0.05390625 0.0662037037037037
2 0.940234375 0.2585648148148148 0.05234375 0.06712962962962962