2 0.01484375 0.7492476851851853 0.0265625 0.07037037037037037
1 0.242578125 0.25225694444444446 0.04453125 0.03888888888888888
2 0.83046875 0.04762731481481482 0.0328125 0.054629629629629625
2 0.2078125 0.42876157407407406 0.05625 0.08564814814814814
2 0.17591145833333333 0.41932870370370373 0.014322916666666666 0.04490740740740741
1 0.5118489583333333 0.2905671296296296 0.10182291666666665 0.059259259259259255
1 0.24049479166666665 0.19375 0.052864583333333326 0.05
2 0.5149739583333333 0.7223379629629629 0.07057291666666667 0.10092592592592593
2 0.5131510416666667 0.6629050925925926 0.07005208333333332 0.08518518518518518
2 0.45703125 0.44334490740740745 0.0390625 0.052314814814814814
2 0.25494791666666666 0.9564236111111111 0.06927083333333332 0.08472222222222223
2 0.34544270833333335 0.5813078703703703 0.031510416666666666 0.053240740740740734
2 0.285546875 0.21846064814814814 0.01484375 0.021296296296296296
2 0.778515625 0.32372685185185185 0.04453125 0.0412037037037037
2 0.15 0.344849537037037 0.021875 0.011574074074074073
2 0.13776041666666666 0.5517361111111111 0.04739583333333333 0.04722222222222222
2 0.27239583333333334 0.3539351851851852 0.035416666666666666 0.03287037037037037