2 0.6291666666666667 0.584375 0.11458333333333333 0.2
2 0.953125 0.869386574074074 0.09375 0.26064814814814813
2 0.83515625 0.45 0.1015625 0.1125
2 0.746484375 0.16180555555555556 0.07109375 0.08611111111111111
2 0.9330729166666666 0.2662037037037037 0.056770833333333326 0.0699074074074074
2 0.124609375 0.1544560185185185 0.04921875 0.062037037037037036
2 0.27643229166666666 0.16452546296296297 0.07786458333333332 0.10092592592592593
2 0.3846354166666667 0.07980324074074074 0.07552083333333333 0.08148148148148147
2 0.01796875 0.44797453703703705 0.0296875 0.09907407407407406
2 0.8966145833333334 0.12887731481481482 0.11822916666666665 0.15462962962962962
2 0.6013020833333333 0.17847222222222223 0.09010416666666667 0.09444444444444444
2 0.8134114583333334 0.2458912037037037 0.08932291666666667 0.1074074074074074
2 0.5328125 0.9208912037037036 0.178125 0.15740740740740738