2 0.917578125 0.6220052083333333 0.03515625 0.03776041666666667
2 0.819677734375 0.6505208333333333 0.04248046875 0.04166666666666667
2 0.827490234375 0.6809244791666667 0.04248046875 0.046223958333333336
2 0.718115234375 0.6819010416666667 0.04248046875 0.048177083333333336
2 0.949609375 0.6419921875 0.04296875 0.068359375
2 0.86259765625 0.7222005208333333 0.0439453125 0.06315104166666667
2 0.78056640625 0.8047526041666666 0.0361328125 0.06575520833333334
2 0.628662109375 0.9388671875 0.03857421875 0.052734375
2 0.55751953125 0.9396484375 0.0400390625 0.060546875
2 0.59296875 0.9674479166666666 0.0390625 0.059895833333333336
2 0.670849609375 0.98046875 0.03857421875 0.0390625
3 0.927734375 0.9645182291666666 0.04296875 0.06966145833333334
3 0.947265625 0.8970703125 0.05078125 0.072265625
2 0.916455078125 0.9296875 0.02978515625 0.0625
3 0.89599609375 0.9165364583333334 0.0419921875 0.06119791666666667
2 0.8525390625 0.9759114583333334 0.033203125 0.04557291666666667
2 0.76044921875 0.36725260416666666 0.0302734375 0.034505208333333336
2 0.7166015625 0.34895833333333337 0.033203125 0.026041666666666668
2 0.744140625 0.34720052083333336 0.03515625 0.03190104166666667
2 0.63876953125 0.27962239583333337 0.0244140625 0.027994791666666668
2 0.636962890625 0.31901041666666663 0.02392578125 0.028645833333333336
2 0.6791015625 0.36751302083333337 0.033203125 0.03190104166666667
2 0.659814453125 0.35494791666666664 0.02587890625 0.028645833333333336
2 0.649609375 0.394921875 0.02734375 0.02734375
2 0.551904296875 0.319921875 0.02880859375 0.02734375
2 0.5171875 0.4268880208333333 0.03125 0.03190104166666667
2 0.5408203125 0.4117838541666667 0.025390625 0.042317708333333336
2 0.807568359375 0.28444010416666665 0.03076171875 0.050130208333333336
2 0.77685546875 0.3983072916666667 0.0380859375 0.040364583333333336
2 0.826953125 0.38971354166666666 0.03515625 0.048177083333333336
2 0.382373046875 0.7340494791666667 0.03662109375 0.046223958333333336
3 0.938232421875 0.2713541666666667 0.04833984375 0.06770833333333334
3 0.315576171875 0.7168619791666667 0.04052734375 0.061848958333333336