2 0.2998046875 0.7822916666666667 0.037109375 0.036458333333333336
2 0.129638671875 0.7482421875 0.02490234375 0.021484375
2 0.15048828125 0.7676432291666667 0.0322265625 0.022786458333333336
2 0.05302734375 0.7399739583333333 0.0341796875 0.029947916666666668
2 0.0470703125 0.7680989583333333 0.041015625 0.029947916666666668
3 0.168994140625 0.8313802083333334 0.04736328125 0.03776041666666667
3 0.0888671875 0.7228515625 0.037109375 0.033203125
3 0.897265625 0.834765625 0.08203125 0.06640625
3 0.36015625 0.959375 0.0703125 0.046875
3 0.063818359375 0.7945963541666667 0.04638671875 0.026692708333333336
0 0.4099609375 0.7151041666666667 0.044921875 0.08333333333333334
2 0.125390625 0.6944661458333333 0.01953125 0.020182291666666668
0 0.114306640625 0.7279296875 0.03173828125 0.037109375
3 0.057861328125 0.7158203125 0.03759765625 0.025390625