0 0.728515625 0.3043402777777778 0.02578125 0.05555555555555556
0 0.16341145833333331 0.5936342592592593 0.02682291666666666 0.05601851851851851
0 0.8153645833333334 0.20277777777777778 0.027604166666666662 0.043055555555555555
1 0.315625 0.55625 0.05 0.05
0 0.23828125 0.725636574074074 0.0546875 0.12314814814814815
0 0.394140625 0.719849537037037 0.02578125 0.04907407407407407
0 0.4350260416666667 0.6615740740740741 0.06380208333333333 0.09814814814814814
0 0.2359375 0.5147569444444444 0.053125 0.07638888888888888
0 0.26614583333333336 0.3954861111111111 0.057291666666666664 0.08472222222222223
0 0.3296875 0.4000578703703703 0.021875 0.04074074074074074
0 0.44765625 0.4461226851851852 0.0265625 0.045370370370370366
0 0.4303385416666667 0.42795138888888895 0.02317708333333333 0.02777777777777778
0 0.706640625 0.13385416666666666 0.03203125 0.04583333333333333
0 0.908203125 0.3851851851851852 0.04765625 0.07037037037037037
0 0.851171875 0.171875 0.02421875 0.05