2 0.452734375 0.5719328703703703 0.03359375 0.053240740740740734
2 0.8088541666666667 0.5678240740740741 0.05208333333333333 0.035648148148148144
2 0.66640625 0.5571180555555555 0.0421875 0.0611111111111111
2 0.607421875 0.5913773148148148 0.04609375 0.06712962962962962
3 0.96953125 0.77265625 0.0609375 0.1546875
2 0.83984375 0.944039351851852 0.0609375 0.1037037037037037
2 0.768359375 0.7148726851851852 0.05234375 0.05787037037037037
2 0.7091145833333333 0.7044560185185185 0.06822916666666666 0.08703703703703704
2 0.6708333333333333 0.9527777777777778 0.07291666666666666 0.09305555555555554
2 0.6071614583333333 0.9325231481481481 0.07369791666666667 0.10879629629629628
2 0.6084635416666667 0.7232638888888889 0.05442708333333333 0.07777777777777777
2 0.5654947916666667 0.7543402777777778 0.06223958333333333 0.08055555555555555
2 0.51328125 0.8200810185185186 0.0453125 0.08703703703703704
2 0.4877604166666667 0.8895833333333334 0.05989583333333333 0.09166666666666666
2 0.45390625 0.9616319444444444 0.0734375 0.07638888888888888
2 0.5798177083333333 0.5072916666666667 0.037760416666666664 0.04583333333333333
2 0.7171875 0.44652777777777775 0.03125 0.043055555555555555
2 0.73671875 0.48692129629629627 0.0484375 0.04259259259259259
2 0.6958333333333333 0.4708333333333333 0.035416666666666666 0.05416666666666666
2 0.5529947916666667 0.44670138888888894 0.03411458333333333 0.02777777777777778
2 0.5041666666666667 0.47152777777777777 0.03958333333333333 0.05555555555555556
0 0.38932291666666663 0.3620949074074074 0.034895833333333334 0.052314814814814814