2 0.716015625 0.8868634259259259 0.04453125 0.10185185185185183
2 0.20416666666666666 0.6655092592592593 0.03020833333333333 0.031018518518518518
2 0.30911458333333336 0.8467013888888889 0.05260416666666666 0.06527777777777778
2 0.553125 0.978125 0.01875 0.04375
2 0.5481770833333333 0.7322916666666667 0.043229166666666666 0.07083333333333333
2 0.7390625 0.9296875 0.0625 0.1125
2 0.30794270833333337 0.9879050925925925 0.047135416666666666 0.022685185185185183
1 0.4938802083333333 0.5103009259259259 0.09713541666666667 0.11435185185185184
1 0.10390625 0.68125 0.1078125 0.1
2 0.16341145833333331 0.8026041666666666 0.04869791666666666 0.03333333333333333
1 0.6704427083333333 0.3273148148148148 0.037760416666666664 0.029629629629629627