2 0.5829427083333333 0.9755787037037036 0.047135416666666666 0.04490740740740741
2 0.465625 0.9697916666666666 0.071875 0.05833333333333333
2 0.748828125 0.9592592592592591 0.05703125 0.08101851851851852
2 0.71484375 0.8831018518518519 0.0640625 0.07870370370370369
2 0.58515625 0.9346643518518519 0.0421875 0.0412037037037037
2 0.589453125 0.8671875 0.06328125 0.1125
2 0.4221354166666667 0.8738425925925926 0.07239583333333333 0.13518518518518519
2 0.5682291666666667 0.7480324074074074 0.06770833333333333 0.10231481481481482
2 0.930859375 0.38263888888888886 0.04921875 0.06527777777777778
3 0.86796875 0.3791087962962963 0.0796875 0.1300925925925926
2 0.7774739583333333 0.4134837962962963 0.03619791666666666 0.055092592592592596
2 0.702734375 0.41157407407407404 0.04609375 0.07314814814814814
2 0.73671875 0.5255208333333333 0.0546875 0.07916666666666666
2 0.7899739583333333 0.5322337962962963 0.05182291666666666 0.06759259259259259
2 0.9110677083333334 0.6673611111111111 0.047135416666666666 0.07222222222222222
2 0.7213541666666667 0.6710069444444444 0.06458333333333333 0.10138888888888889
2 0.10221354166666667 0.386400462962963 0.038802083333333334 0.06342592592592591
2 0.18658854166666666 0.40046296296296297 0.04505208333333333 0.050925925925925916
2 0.17591145833333333 0.33055555555555555 0.029947916666666664 0.0611111111111111
2 0.24609375 0.47777777777777775 0.0453125 0.06805555555555555
2 0.27174479166666665 0.42384259259259255 0.04348958333333333 0.06018518518518519
2 0.3143229166666667 0.42789351851851853 0.04114583333333333 0.062037037037037036
2 0.373828125 0.4057291666666667 0.04140625 0.05833333333333333
2 0.38046875 0.3423611111111111 0.0421875 0.05972222222222222
2 0.319140625 0.4911458333333333 0.04453125 0.05416666666666666
2 0.34322916666666664 0.44392361111111106 0.042708333333333334 0.04722222222222222
2 0.39700520833333336 0.491724537037037 0.04401041666666666 0.06157407407407407
2 0.3416666666666667 0.5700810185185186 0.04895833333333333 0.062037037037037036
2 0.040234375 0.5365162037037037 0.05546875 0.0699074074074074
2 0.06549479166666666 0.6370949074074075 0.05598958333333333 0.06481481481481481
2 0.13606770833333331 0.5401041666666667 0.05026041666666666 0.05833333333333333
2 0.05638020833333333 0.42818287037037034 0.04401041666666666 0.07824074074074074
2 0.19895833333333332 0.5289930555555555 0.057291666666666664 0.0736111111111111
2 0.34986979166666665 0.789525462962963 0.04973958333333333 0.10092592592592593
2 0.482421875 0.3721064814814815 0.05234375 0.050462962962962966
2 0.4966145833333333 0.4025462962962963 0.04010416666666666 0.04259259259259259
2 0.541796875 0.3990162037037037 0.03671875 0.04490740740740741
2 0.4852864583333333 0.44600694444444444 0.03619791666666666 0.05138888888888889
2 0.44609375 0.5287615740740741 0.0421875 0.06064814814814814
2 0.52265625 0.5008680555555556 0.0453125 0.0736111111111111
2 0.5669270833333333 0.5092592592592593 0.043229166666666666 0.0685185185185185
2 0.6153645833333333 0.49432870370370374 0.043229166666666666 0.05740740740740741
2 0.4704427083333333 0.5604166666666667 0.05963541666666666 0.08333333333333333
2 0.5639322916666667 0.6212384259259259 0.059114583333333325 0.08935185185185185
2 0.5291666666666667 0.6629050925925926 0.05833333333333333 0.08518518518518518
2 0.46875 0.6829861111111111 0.05625 0.09722222222222222
2 0.8985677083333334 0.5722800925925926 0.04088541666666666 0.04768518518518518
2 0.411328125 0.3983217592592593 0.04765625 0.04351851851851852
2 0.39739583333333334 0.4384837962962963 0.041666666666666664 0.04259259259259259
2 0.7513020833333333 0.2169560185185185 0.03697916666666666 0.062037037037037036
2 0.5782552083333333 0.19675925925925924 0.031510416666666666 0.04351851851851852
2 0.5020833333333333 0.17228009259259258 0.035416666666666666 0.04768518518518518
2 0.7890625 0.1369212962962963 0.028125 0.04259259259259259
2 0.6298177083333333 0.16493055555555555 0.031510416666666666 0.03611111111111111
2 0.76171875 0.06672453703703704 0.0328125 0.04907407407407407
2 0.6688802083333333 0.1710648148148148 0.028385416666666663 0.04212962962962963
2 0.6984375 0.17193287037037036 0.028125 0.04074074074074074
2 0.38346354166666663 0.17228009259259258 0.038802083333333334 0.04768518518518518
2 0.31471354166666665 0.28269675925925924 0.029427083333333333 0.04351851851851852