2 0.36796875 0.34652777777777777 0.0234375 0.043055555555555555
2 0.3399739583333333 0.295775462962963 0.023697916666666666 0.038425925925925926
2 0.318359375 0.29971064814814813 0.03046875 0.046296296296296294
2 0.37864583333333335 0.4374421296296296 0.035416666666666666 0.03425925925925925
3 0.3265625 0.4179976851851852 0.0625 0.07037037037037037
2 0.517578125 0.3740740740740741 0.02890625 0.035648148148148144
2 0.5372395833333333 0.3170138888888889 0.027604166666666662 0.04027777777777777
2 0.5071614583333333 0.41255787037037034 0.03619791666666666 0.04074074074074074
2 0.4295572916666667 0.540798611111111 0.05598958333333333 0.05972222222222222
2 0.548046875 0.5198495370370371 0.03359375 0.04907407407407407
2 0.400390625 0.6199652777777778 0.04453125 0.06805555555555555
2 0.35247395833333334 0.6653935185185185 0.04244791666666666 0.062037037037037036
2 0.5817708333333333 0.5641203703703703 0.03854166666666666 0.06574074074074074
2 0.6981770833333333 0.7605324074074075 0.049479166666666664 0.07731481481481481
2 0.6545572916666667 0.7577546296296296 0.03411458333333333 0.04675925925925926
2 0.5502604166666667 0.7435185185185185 0.04114583333333333 0.07453703703703704
2 0.5135416666666667 0.7806712962962963 0.05833333333333333 0.09259259259259259
1 0.6578125 0.6201967592592592 0.05 0.05601851851851851
2 0.5591145833333333 0.44832175925925927 0.03697916666666666 0.04351851851851852
2 0.484375 0.6303819444444445 0.053125 0.06388888888888888
2 0.34231770833333336 0.5682291666666667 0.04401041666666666 0.07083333333333333
2 0.8958333333333334 0.22442129629629629 0.035416666666666666 0.055092592592592596
2 0.10833333333333332 0.3939814814814815 0.029166666666666664 0.03796296296296296
2 0.21263020833333335 0.3788773148148148 0.028385416666666663 0.029629629629629627
2 0.25846354166666663 0.4609953703703703 0.03567708333333333 0.053240740740740734
2 0.9087239583333334 0.5332175925925926 0.04869791666666666 0.06018518518518519
2 0.9268229166666666 0.595775462962963 0.04739583333333333 0.06342592592592591
2 0.8889322916666667 0.6681134259259259 0.052864583333333326 0.07685185185185185
2 0.8372395833333334 0.6265046296296296 0.04635416666666666 0.059259259259259255
3 0.8147135416666667 0.48611111111111105 0.060677083333333326 0.07222222222222222
2 0.9803385416666666 0.9252893518518519 0.038802083333333334 0.1037037037037037
2 0.19895833333333332 0.5694444444444444 0.04791666666666666 0.06388888888888888
2 0.2375 0.5923611111111111 0.04375 0.05972222222222222
2 0.08502604166666666 0.7475694444444445 0.05755208333333332 0.07638888888888888
2 0.07552083333333333 0.6359953703703703 0.03854166666666666 0.053240740740740734