2 0.3634114583333333 0.26197916666666665 0.11432291666666665 0.15833333333333333
2 0.28619791666666666 0.6293402777777778 0.056770833333333326 0.09305555555555554
2 0.16328125 0.48709490740740746 0.0703125 0.11481481481481481
2 0.18580729166666665 0.13275462962962964 0.07473958333333333 0.10925925925925925
2 0.4345052083333333 0.4031828703703704 0.08463541666666666 0.12824074074074074
2 0.551953125 0.39537037037037037 0.06953125 0.12824074074074074
2 0.5263020833333333 0.4780671296296296 0.06197916666666666 0.10925925925925925
2 0.4665364583333333 0.8625 0.07682291666666666 0.15
2 0.056901041666666666 0.7445601851851852 0.08255208333333333 0.14537037037037037
2 0.08346354166666667 0.5798032407407407 0.07630208333333333 0.11898148148148147
3 0.259765625 0.19340277777777776 0.12890625 0.21805555555555553