2 0.4497395833333333 0.880150462962963 0.07447916666666667 0.1384259259259259
2 0.4483072916666667 0.2140625 0.04348958333333333 0.075
2 0.4069010416666667 0.25538194444444445 0.04817708333333333 0.07638888888888888
2 0.35716145833333335 0.3008101851851852 0.04244791666666666 0.07037037037037037
2 0.8196614583333334 0.18420138888888887 0.07057291666666667 0.07777777777777777
3 0.7752604166666667 0.24317129629629627 0.12552083333333333 0.1300925925925926
2 0.696484375 0.5302662037037037 0.08984375 0.1324074074074074
2 0.876953125 0.5538773148148148 0.09453125 0.11712962962962963
2 0.6647135416666667 0.889525462962963 0.11067708333333333 0.16342592592592592
2 0.55703125 0.6348958333333333 0.0796875 0.12916666666666665
2 0.30247395833333335 0.4283564814814815 0.06432291666666666 0.08796296296296295
2 0.16315104166666666 0.5314814814814814 0.06380208333333333 0.12546296296296294
2 0.8981770833333333 0.04207175925925925 0.06822916666666666 0.0685185185185185
2 0.5328125 0.19913194444444443 0.05 0.07638888888888888
2 0.9763020833333333 0.9191550925925925 0.04635416666666666 0.16018518518518518