2 0.5119791666666667 0.48344907407407406 0.055208333333333325 0.09814814814814814
1 0.6200520833333333 0.3663194444444445 0.09010416666666667 0.07638888888888888
2 0.5029947916666667 0.6117476851851852 0.06536458333333332 0.08287037037037036
2 0.96015625 0.828125 0.0796875 0.16875
2 0.5276041666666667 0.5603587962962963 0.05208333333333333 0.08009259259259259
2 0.7481770833333333 0.48182870370370373 0.058854166666666666 0.0824074074074074
2 0.6899739583333333 0.410474537037037 0.06744791666666666 0.08657407407407407
2 0.7997395833333333 0.29971064814814813 0.058854166666666666 0.07129629629629629
2 0.7263020833333333 0.30190972222222223 0.058854166666666666 0.05694444444444444
2 0.4296875 0.934375 0.115625 0.13125
2 0.587890625 0.75625 0.11328125 0.15
2 0.4598958333333333 0.47586805555555556 0.10104166666666665 0.14861111111111108
2 0.4571614583333333 0.835474537037037 0.07682291666666666 0.12407407407407407
2 0.507421875 0.7926504629629629 0.07421875 0.1384259259259259
2 0.9850260416666666 0.6650462962962963 0.029427083333333333 0.09259259259259259
2 0.984375 0.75234375 0.03125 0.0890625
2 0.6220052083333333 0.19386574074074076 0.037760416666666664 0.05648148148148148
2 0.12994791666666666 0.359375 0.04739583333333333 0.075
2 0.16197916666666665 0.40509259259259256 0.055208333333333325 0.07268518518518519
2 0.7244791666666667 0.23964120370370373 0.06458333333333333 0.0699074074074074
2 0.098828125 0.4390625 0.06328125 0.075
2 0.03424479166666666 0.34942129629629626 0.05598958333333333 0.08009259259259259