2 0.5329427083333333 0.7593171296296296 0.04088541666666666 0.07175925925925926
2 0.669140625 0.5657986111111111 0.04453125 0.05972222222222222
2 0.5395833333333333 0.5501736111111111 0.03229166666666666 0.04722222222222222
2 0.63828125 0.9269097222222221 0.0953125 0.14444444444444443
2 0.8044270833333333 0.9367476851851851 0.06510416666666666 0.09537037037037036
2 0.7927083333333333 0.7543402777777778 0.05416666666666666 0.11805555555555555
2 0.7022135416666667 0.7237847222222222 0.060677083333333326 0.10694444444444444
2 0.714453125 0.8630208333333333 0.06015625 0.11666666666666665
2 0.54296875 0.8798032407407407 0.0515625 0.08148148148148147
2 0.480859375 0.7465277777777778 0.04296875 0.06805555555555555
2 0.6436197916666667 0.35694444444444445 0.03098958333333333 0.03888888888888888
2 0.914453125 0.40763888888888894 0.04453125 0.06527777777777778
2 0.8118489583333334 0.28738425925925926 0.03307291666666666 0.05601851851851851
2 0.702734375 0.45109953703703703 0.03984375 0.06157407407407407
2 0.5833333333333333 0.469386574074074 0.029166666666666664 0.04814814814814815
2 0.9513020833333334 0.45642361111111107 0.06197916666666666 0.07222222222222222
2 0.4729166666666667 0.929050925925926 0.04895833333333333 0.08935185185185185
2 0.4453125 0.6693287037037037 0.034375 0.05740740740740741
2 0.4087239583333333 0.6086226851851853 0.029947916666666664 0.05787037037037037