0 0.7973958333333333 0.6434606481481481 0.07291666666666666 0.10879629629629628
2 0.9377604166666667 0.7394097222222222 0.06927083333333332 0.08194444444444444
2 0.96796875 0.8265625 0.0640625 0.11875
2 0.8833333333333334 0.7693287037037038 0.06979166666666667 0.0699074074074074
2 0.97578125 0.71171875 0.0484375 0.0953125
2 0.8782552083333334 0.7006365740740741 0.05963541666666666 0.07314814814814814
2 0.871484375 0.9429398148148149 0.08046875 0.07962962962962963
2 0.6438802083333333 0.47436342592592595 0.037760416666666664 0.05185185185185185
2 0.622265625 0.5913194444444445 0.04765625 0.05138888888888889
2 0.5567708333333333 0.5859953703703703 0.04479166666666666 0.06574074074074074
2 0.5223958333333333 0.5691550925925926 0.04479166666666666 0.03518518518518519
2 0.3859375 0.6265625 0.03125 0.0625
2 0.39348958333333334 0.586400462962963 0.03697916666666666 0.038425925925925926
2 0.4674479166666667 0.6065972222222222 0.04427083333333333 0.04444444444444444
2 0.4736979166666667 0.7194444444444444 0.04739583333333333 0.08888888888888888
2 0.4838541666666667 0.78125 0.06145833333333332 0.075
2 0.7546875 0.95703125 0.06875 0.0859375
3 0.4736979166666667 0.48888888888888893 0.07864583333333333 0.09027777777777776
3 0.5524739583333333 0.678125 0.08932291666666667 0.125
2 0.8032552083333334 0.3907407407407407 0.04088541666666666 0.043981481481481476
2 0.4817708333333333 0.927662037037037 0.06979166666666667 0.09907407407407406
2 0.86796875 0.4096064814814815 0.0421875 0.050462962962962966
2 0.6680989583333333 0.5603587962962963 0.045572916666666664 0.055092592592592596
2 0.6201822916666667 0.5368055555555555 0.03723958333333333 0.0611111111111111
2 0.744140625 0.8828125 0.05703125 0.0875
2 0.3419270833333333 0.3472800925925926 0.03072916666666666 0.04768518518518518
2 0.26809895833333336 0.3168402777777778 0.03619791666666666 0.043055555555555555
2 0.5305989583333333 0.28645833333333337 0.02682291666666666 0.041666666666666664
2 0.755859375 0.29097222222222224 0.03359375 0.04444444444444444
2 0.7108072916666667 0.33958333333333335 0.03411458333333333 0.041666666666666664