3 0.4510416666666667 0.8646412037037037 0.10208333333333333 0.1324074074074074
0 0.88671875 0.9109375 0.1140625 0.178125
3 0.63046875 0.459375 0.0390625 0.05
2 0.5397135416666667 0.9495370370370371 0.051302083333333325 0.07407407407407407
2 0.5856770833333333 0.9590277777777778 0.058854166666666666 0.08055555555555555
2 0.6602864583333333 0.9298032407407406 0.06432291666666666 0.08148148148148147
2 0.6486979166666667 0.8536458333333334 0.05989583333333333 0.09166666666666666
2 0.7044270833333333 0.8613425925925926 0.049479166666666664 0.08518518518518518
2 0.6428385416666667 0.7487268518518518 0.04817708333333333 0.0662037037037037
2 0.77109375 0.5731481481481482 0.0390625 0.046296296296296294
2 0.8404947916666666 0.5744212962962962 0.03723958333333333 0.04259259259259259
2 0.66484375 0.5487847222222222 0.0359375 0.04444444444444444
2 0.6897135416666667 0.4763310185185185 0.03567708333333333 0.037037037037037035
2 0.458984375 0.547048611111111 0.02734375 0.04722222222222222
2 0.4276041666666667 0.6454282407407408 0.03020833333333333 0.05648148148148148
2 0.53125 0.6268518518518518 0.04375 0.0537037037037037
2 0.9842447916666666 0.5879050925925926 0.03098958333333333 0.04768518518518518
2 0.9828125 0.5222800925925926 0.028125 0.03518518518518519
2 0.7110677083333333 0.9397569444444445 0.047135416666666666 0.07638888888888888
2 0.546875 0.5465856481481481 0.040625 0.05879629629629629