3 0.47578125 0.6471643518518518 0.0390625 0.0537037037037037
3 0.7359375 0.2495949074074074 0.034375 0.052314814814814814
3 0.5697916666666667 0.0738425925925926 0.03020833333333333 0.03518518518518519
3 0.4393229166666667 0.1450810185185185 0.02239583333333333 0.037037037037037035
3 0.4921875 0.06961805555555556 0.040625 0.04861111111111111
3 0.3458333333333333 0.5721064814814815 0.035416666666666666 0.050462962962962966
3 0.26041666666666663 0.5528356481481482 0.03645833333333333 0.046296296296296294
3 0.24765625 0.4924189814814815 0.0296875 0.03796296296296296
3 0.17955729166666667 0.5308449074074074 0.03098958333333333 0.03981481481481482
3 0.08411458333333333 0.38935185185185184 0.03072916666666666 0.0412037037037037
3 0.596484375 0.791087962962963 0.05859375 0.08842592592592592