3 0.16731770833333331 0.4813078703703703 0.05026041666666666 0.06574074074074074
3 0.35455729166666666 0.1872685185185185 0.04973958333333333 0.07453703703703704
3 0.45 0.08113425925925925 0.065625 0.11851851851851851
3 0.35416666666666663 0.34380787037037036 0.04895833333333333 0.07824074074074074
3 0.39283854166666665 0.35497685185185185 0.04192708333333333 0.1037037037037037
3 0.4450520833333333 0.381712962962963 0.07447916666666667 0.1259259259259259
3 0.6026041666666667 0.07008101851851851 0.07708333333333332 0.137037037037037
3 0.7063802083333333 0.1646412037037037 0.12838541666666664 0.1199074074074074
3 0.6227864583333333 0.22291666666666665 0.07994791666666666 0.13333333333333333
3 0.5973958333333333 0.4811921296296296 0.06979166666666667 0.12175925925925926
3 0.643359375 0.5571759259259259 0.06796875 0.13935185185185184
2 0.25846354166666663 0.6210648148148148 0.05755208333333332 0.054629629629629625
3 0.306640625 0.6668981481481482 0.05390625 0.07129629629629629
2 0.6018229166666667 0.6517361111111111 0.056770833333333326 0.07222222222222222
3 0.8888020833333334 0.569386574074074 0.08697916666666666 0.08564814814814814
3 0.87109375 0.6726273148148147 0.1046875 0.16712962962962963