1 0.5091145833333333 0.30983796296296295 0.10885416666666665 0.07592592592592592
1 0.16809895833333333 0.3023148148148148 0.07682291666666666 0.054629629629629625
2 0.7389322916666667 0.26122685185185185 0.052864583333333326 0.0412037037037037
2 0.23541666666666666 0.3158564814814815 0.017708333333333333 0.025462962962962958
2 0.18020833333333333 0.3949074074074074 0.03854166666666666 0.027314814814814813
2 0.267578125 0.47488425925925926 0.05078125 0.04351851851851852
2 0.4356770833333333 0.6984375 0.03072916666666666 0.075
2 0.17122395833333331 0.7784722222222222 0.054947916666666666 0.06944444444444445
2 0.6524739583333333 0.759085648148148 0.07369791666666667 0.10879629629629628
2 0.631640625 0.7052662037037037 0.06953125 0.1074074074074074
2 0.50546875 0.49432870370370374 0.0453125 0.05740740740740741
2 0.21979166666666666 0.5927662037037037 0.06458333333333333 0.1074074074074074
2 0.18216145833333333 0.5744212962962962 0.04244791666666666 0.09259259259259259
2 0.10091145833333333 0.5223958333333333 0.03619791666666666 0.029166666666666664