2 0.08528645833333333 0.6069444444444445 0.039322916666666666 0.05138888888888889
2 0.5432291666666667 0.3381365740740741 0.02395833333333333 0.035648148148148144
2 0.5235677083333333 0.39068287037037036 0.028385416666666663 0.02824074074074074
2 0.5075520833333333 0.4296875 0.03072916666666666 0.0375
2 0.4006510416666667 0.6167824074074074 0.04817708333333333 0.06481481481481481
2 0.35286458333333337 0.656423611111111 0.03697916666666666 0.05972222222222222
2 0.34505208333333337 0.5637152777777777 0.043229166666666666 0.06805555555555555
2 0.4325520833333333 0.5502893518518518 0.05260416666666666 0.0537037037037037
2 0.48125 0.6348958333333333 0.05 0.05416666666666666
2 0.5424479166666667 0.5345486111111111 0.04114583333333333 0.04722222222222222
2 0.5768229166666667 0.5817129629629629 0.03802083333333333 0.06342592592592591
2 0.53984375 0.7539930555555555 0.0421875 0.0736111111111111
2 0.50546875 0.7887731481481481 0.0578125 0.0962962962962963
3 0.33098958333333334 0.4226273148148148 0.06822916666666666 0.07962962962962963
2 0.5591145833333333 0.46290509259259255 0.04010416666666666 0.04768518518518518
2 0.385546875 0.4404513888888889 0.03359375 0.04027777777777777
2 0.3302083333333333 0.3009837962962963 0.029166666666666664 0.04259259259259259
2 0.35182291666666665 0.29953703703703705 0.02239583333333333 0.03657407407407407
2 0.37838541666666664 0.35277777777777775 0.02239583333333333 0.043055555555555555
2 0.26809895833333336 0.4517939814814815 0.03307291666666666 0.050462962962962966
2 0.21041666666666664 0.32586805555555554 0.02395833333333333 0.03611111111111111
2 0.1265625 0.3809606481481481 0.03125 0.033796296296296297
2 0.22708333333333336 0.37083333333333335 0.029166666666666664 0.029166666666666664
2 0.21354166666666666 0.5605902777777778 0.03645833333333333 0.06805555555555555
2 0.24231770833333335 0.577488425925926 0.04401041666666666 0.06435185185185185
2 0.14609375 0.687673611111111 0.0515625 0.05972222222222222
2 0.093359375 0.7127893518518518 0.05234375 0.0662037037037037
2 0.896484375 0.5806712962962963 0.04609375 0.055092592592592596
2 0.9106770833333334 0.6440972222222222 0.04635416666666666 0.06944444444444445
2 0.8337239583333333 0.6648148148148147 0.05807291666666666 0.06712962962962962
2 0.8734375 0.7092592592592593 0.053125 0.08101851851851852
2 0.9631510416666667 0.9566550925925925 0.060677083333333326 0.08518518518518518
2 0.6829427083333333 0.7798611111111111 0.04401041666666666 0.07222222222222222
2 0.6395833333333333 0.7754050925925926 0.03229166666666666 0.04768518518518518
1 0.6451822916666667 0.6424768518518518 0.03723958333333333 0.0537037037037037
3 0.8087239583333334 0.5263888888888889 0.061197916666666664 0.09027777777777776
2 0.9009114583333334 0.2726273148148148 0.03307291666666666 0.054629629629629625