2 0.4639322916666667 0.11527777777777777 0.04036458333333333 0.05555555555555556
2 0.4549479166666667 0.17378472222222224 0.04114583333333333 0.05694444444444444
2 0.32734375 0.15277777777777776 0.0421875 0.08055555555555555
2 0.2674479166666667 0.11631944444444445 0.03177083333333333 0.06388888888888888
2 0.27252604166666666 0.24947916666666664 0.05755208333333332 0.08333333333333333
2 0.22604166666666664 0.21261574074074074 0.04895833333333333 0.06898148148148148
2 0.32513020833333334 0.45138888888888895 0.047135416666666666 0.07777777777777777
2 0.27903645833333335 0.5344328703703705 0.045572916666666664 0.10324074074074074
2 0.29361979166666663 0.5982060185185185 0.05598958333333333 0.09953703703703703
2 0.23828125 0.5241898148148147 0.0703125 0.09212962962962963
2 0.5462239583333333 0.13738425925925926 0.04244791666666666 0.05601851851851851
2 0.7661458333333333 0.18987268518518519 0.051041666666666666 0.07037037037037037
2 0.6213541666666667 0.21828703703703703 0.055208333333333325 0.07407407407407407
2 0.6516927083333333 0.29542824074074076 0.05651041666666666 0.08148148148148147
2 0.5786458333333333 0.2734375 0.06354166666666666 0.0875
2 0.4923177083333333 0.222337962962963 0.047135416666666666 0.08842592592592592
2 0.4013020833333333 0.30538194444444444 0.06822916666666666 0.07638888888888888
2 0.4619791666666667 0.4293402777777778 0.06145833333333332 0.06805555555555555
2 0.4294270833333333 0.5072337962962963 0.06822916666666666 0.09259259259259259
2 0.38020833333333337 0.5806712962962963 0.07291666666666666 0.11759259259259258
2 0.66328125 0.41527777777777775 0.0765625 0.10555555555555556
2 0.6795572916666667 0.49930555555555556 0.07786458333333332 0.08611111111111111
2 0.37200520833333334 0.747800925925926 0.09088541666666666 0.15185185185185185
2 0.446875 0.6041087962962963 0.05 0.09259259259259259
2 0.505859375 0.624074074074074 0.08046875 0.13564814814814813
2 0.5029947916666667 0.7396990740740741 0.07786458333333332 0.13564814814814813
2 0.5893229166666667 0.7545717592592592 0.08489583333333332 0.18101851851851852
2 0.45859375 0.8944444444444445 0.0921875 0.1638888888888889
2 0.7296875 0.8912037037037036 0.065625 0.09490740740740741
2 0.7028645833333333 0.8119212962962964 0.09635416666666666 0.16759259259259257
2 0.7796875 0.9421875 0.065625 0.115625
2 0.9515625 0.8474537037037037 0.071875 0.1324074074074074
2 0.8486979166666666 0.7614583333333333 0.056770833333333326 0.07916666666666666
2 0.8748697916666666 0.6237847222222223 0.07786458333333332 0.14444444444444443
2 0.7893229166666667 0.6057870370370371 0.07239583333333333 0.14907407407407408
2 0.9686197916666666 0.13559027777777777 0.06223958333333333 0.06805555555555555
3 0.8955729166666666 0.16267361111111112 0.11614583333333332 0.17222222222222222
3 0.5828125 0.040451388888888884 0.096875 0.07777777777777777
2 0.70234375 0.0833912037037037 0.0484375 0.0824074074074074
2 0.8221354166666666 0.28339120370370374 0.07239583333333333 0.1074074074074074
2 0.11875 0.2933449074074074 0.053125 0.08981481481481482
2 0.039713541666666664 0.5869791666666667 0.04505208333333333 0.09583333333333333
2 0.06940104166666666 0.7044560185185185 0.08255208333333333 0.137037037037037