0 0.37942708333333336 0.32355324074074077 0.04635416666666666 0.06898148148148148
0 0.8171875 0.05532407407407407 0.06875 0.09814814814814814
0 0.718359375 0.19560185185185186 0.04609375 0.0662037037037037
0 0.5997395833333333 0.2205439814814815 0.043229166666666666 0.07546296296296295
0 0.5546875 0.3122685185185185 0.040625 0.07453703703703704
0 0.619140625 0.5744212962962962 0.04453125 0.09259259259259259
0 0.7106770833333333 0.42453703703703705 0.06822916666666666 0.12407407407407407
0 0.7546875 0.8510416666666666 0.08125 0.15833333333333333
0 0.8376302083333333 0.7889467592592593 0.10338541666666665 0.1560185185185185
0 0.95 0.9501736111111111 0.096875 0.09722222222222222
3 0.97578125 0.32829861111111114 0.0484375 0.10972222222222221