2 0.5513020833333333 0.43518518518518523 0.03072916666666666 0.045370370370370366
2 0.36875 0.4447337962962963 0.034375 0.04259259259259259
2 0.35403645833333336 0.3501736111111111 0.02682291666666666 0.04722222222222222
1 0.6625 0.5971643518518518 0.04375 0.0537037037037037
3 0.31119791666666663 0.4293981481481482 0.07239583333333333 0.07129629629629629
3 0.8174479166666666 0.4447337962962963 0.05989583333333333 0.08009259259259259
2 0.33528645833333337 0.5851851851851853 0.04244791666666666 0.07037037037037037
2 0.34986979166666665 0.6791087962962963 0.03723958333333333 0.06759259259259259
2 0.401171875 0.628125 0.04921875 0.075
2 0.4856770833333333 0.630150462962963 0.04635416666666666 0.06342592592592591
2 0.5213541666666667 0.786400462962963 0.06145833333333332 0.10092592592592593
2 0.5557291666666667 0.741550925925926 0.04583333333333333 0.07685185185185185
2 0.580859375 0.5522569444444445 0.03984375 0.06388888888888888
2 0.6639322916666667 0.7430555555555556 0.03098958333333333 0.04861111111111111
2 0.711328125 0.7428819444444444 0.05078125 0.08888888888888888
2 0.424609375 0.5434027777777778 0.05546875 0.05555555555555556
2 0.54453125 0.5094907407407407 0.0390625 0.043981481481481476
2 0.5251302083333333 0.3037037037037037 0.025260416666666664 0.04490740740740741
2 0.5115885416666667 0.3653356481481481 0.029427083333333333 0.033796296296296297
2 0.4998697916666667 0.40410879629629626 0.04036458333333333 0.04259259259259259
2 0.9091145833333334 0.4846643518518518 0.049479166666666664 0.0662037037037037
2 0.8973958333333334 0.6185185185185185 0.057291666666666664 0.08703703703703704
2 0.8447916666666666 0.5872685185185185 0.04583333333333333 0.07453703703703704
2 0.30104166666666665 0.3122685185185185 0.03333333333333333 0.04953703703703703
2 0.3221354166666667 0.3027199074074074 0.02239583333333333 0.03981481481481482
2 0.8854166666666666 0.16799768518518518 0.03645833333333333 0.045370370370370366
2 0.226171875 0.6234375 0.04609375 0.0625
2 0.19466145833333331 0.5976851851851852 0.045572916666666664 0.07037037037037037
2 0.08645833333333333 0.4292824074074074 0.035416666666666666 0.03981481481481482
2 0.19479166666666667 0.40219907407407407 0.03333333333333333 0.035648148148148144
2 0.25533854166666664 0.44832175925925927 0.03255208333333333 0.04351851851851852
2 0.24153645833333334 0.48159722222222223 0.04244791666666666 0.05694444444444444
2 0.073046875 0.8001157407407407 0.05546875 0.08148148148148147