2 0.7020833333333333 0.37957175925925923 0.05416666666666666 0.05601851851851851
2 0.14583333333333331 0.5368055555555555 0.04791666666666666 0.04861111111111111
2 0.24713541666666666 0.8174768518518519 0.034895833333333334 0.07870370370370369
2 0.064453125 0.6558449074074074 0.07578125 0.11481481481481481
2 0.022786458333333332 0.647337962962963 0.020572916666666666 0.050925925925925916
2 0.7412760416666667 0.06099537037037037 0.038802083333333334 0.053240740740740734
2 0.37044270833333337 0.6001157407407407 0.04401041666666666 0.06898148148148148
2 0.4578125 0.8578125 0.0625 0.0875
2 0.4565104166666667 0.9420138888888889 0.08177083333333332 0.11527777777777777
2 0.16627604166666668 0.0629050925925926 0.03567708333333333 0.022685185185185183
1 0.4256510416666667 0.3922453703703704 0.11067708333333333 0.06574074074074074
1 0.10364583333333333 0.33402777777777776 0.07291666666666666 0.05555555555555556
1 0.055078125 0.08530092592592593 0.05703125 0.039351851851851846