0 0.78828125 0.7251157407407407 0.0203125 0.043981481481481476
0 0.6802083333333333 0.42795138888888895 0.016666666666666666 0.02777777777777778
3 0.49765625 0.1962962962962963 0.0296875 0.055092592592592596
3 0.5645833333333333 0.7502314814814814 0.041666666666666664 0.06296296296296296
3 0.4944010416666667 0.8196180555555556 0.03567708333333333 0.04861111111111111
3 0.48359375 0.771238425925926 0.0234375 0.05185185185185185
3 0.4979166666666667 0.733738425925926 0.017708333333333333 0.039351851851851846
0 0.6505208333333333 0.5293981481481482 0.035416666666666666 0.07129629629629629
0 0.751171875 0.4608217592592593 0.01796875 0.031018518518518518
0 0.7102864583333333 0.13628472222222224 0.020572916666666666 0.03194444444444444
3 0.7473958333333333 0.2950231481481481 0.026041666666666664 0.033796296296296297