0 0.8509114583333334 0.9784143518518519 0.06432291666666666 0.0412037037037037
0 0.93671875 0.7101273148148148 0.0703125 0.11712962962962963
0 0.7087239583333333 0.5309606481481481 0.054947916666666666 0.0962962962962963
0 0.6494791666666667 0.507349537037037 0.05208333333333333 0.08657407407407407
0 0.4735677083333333 0.41863425925925923 0.05963541666666666 0.11851851851851851
0 0.421484375 0.2822337962962963 0.03046875 0.030092592592592594
0 0.35208333333333336 0.16296296296296295 0.04791666666666666 0.08842592592592592
1 0.32682291666666663 0.23703703703703702 0.03177083333333333 0.04907407407407407
0 0.23151041666666666 0.6042824074074075 0.08489583333333332 0.1398148148148148
0 0.16236979166666665 0.7408564814814815 0.05598958333333333 0.11296296296296296
0 0.07408854166666666 0.9646412037037037 0.07317708333333332 0.0699074074074074
0 0.5598958333333333 0.38402777777777775 0.041666666666666664 0.10555555555555556