2 0.561328125 0.6017939814814814 0.04765625 0.07546296296296295
2 0.523828125 0.9462962962962964 0.06640625 0.10509259259259258
2 0.6009114583333333 0.937673611111111 0.061197916666666664 0.1222222222222222
2 0.8967447916666667 0.9164930555555555 0.11223958333333332 0.12361111111111109
2 0.8358072916666666 0.8153356481481481 0.08411458333333333 0.13379629629629627
2 0.4591145833333333 0.5892939814814815 0.043229166666666666 0.06296296296296296
2 0.4154947916666667 0.6808449074074074 0.05598958333333333 0.08981481481481482
2 0.44375 0.6989004629629629 0.059375 0.07592592592592592
2 0.3885416666666667 0.8102430555555555 0.042708333333333334 0.08611111111111111
2 0.470703125 0.759837962962963 0.05078125 0.10092592592592593
2 0.5162760416666667 0.6777777777777778 0.05755208333333332 0.09305555555555554
2 0.882421875 0.5820023148148148 0.07421875 0.11712962962962963
2 0.6859375 0.4679976851851852 0.040625 0.08287037037037036
2 0.6942708333333333 0.5492476851851852 0.057291666666666664 0.09537037037037036
2 0.65 0.46290509259259255 0.04375 0.07268518518518519
2 0.7606770833333333 0.39618055555555554 0.04635416666666666 0.0611111111111111