2 0.02239583333333333 0.6023148148148147 0.026041666666666664 0.017129629629629627
2 0.03841145833333333 0.7981481481481482 0.061197916666666664 0.046296296296296294
2 0.596875 0.7148148148148148 0.028125 0.054629629629629625
2 0.4459635416666667 0.9313657407407406 0.05755208333333332 0.09398148148148147
2 0.05377604166666666 0.7001736111111111 0.016927083333333332 0.04722222222222222
2 0.7006510416666667 0.46336805555555555 0.04817708333333333 0.04861111111111111
2 0.25091145833333334 0.8718171296296295 0.03619791666666666 0.07175925925925926
2 0.18333333333333332 0.42378472222222224 0.019791666666666666 0.01944444444444444
2 0.163671875 0.5971643518518518 0.05546875 0.0412037037037037
2 0.7424479166666667 0.1511574074074074 0.04114583333333333 0.052314814814814814
2 0.37252604166666664 0.6699074074074074 0.04192708333333333 0.06481481481481481
2 0.4421875 0.9734375 0.071875 0.053125
2 0.08893229166666666 0.7065972222222222 0.06848958333333333 0.10694444444444444
1 0.130078125 0.3931134259259259 0.06015625 0.06435185185185185
1 0.4334635416666667 0.47777777777777775 0.09817708333333333 0.06805555555555555
2 0.19869791666666667 0.13194444444444445 0.034895833333333334 0.02638888888888889
1 0.09309895833333333 0.15625 0.04244791666666666 0.05