3 0.4544270833333333 0.6526620370370371 0.09322916666666667 0.12407407407407407
2 0.6471354166666667 0.6694444444444445 0.05989583333333333 0.07638888888888888
2 0.6990885416666667 0.6895833333333333 0.05442708333333333 0.09166666666666666
2 0.6518229166666667 0.7444444444444445 0.06302083333333333 0.07638888888888888
2 0.5723958333333333 0.7630787037037037 0.041666666666666664 0.0824074074074074
2 0.533984375 0.7446759259259259 0.05234375 0.06435185185185185
2 0.4734375 0.818287037037037 0.053125 0.07407407407407407
0 0.87109375 0.7519675925925926 0.0953125 0.16018518518518518
2 0.6484375 0.5769675925925926 0.046875 0.07268518518518519
2 0.966796875 0.825462962962963 0.06171875 0.08842592592592592
3 0.5903645833333333 0.881886574074074 0.10260416666666665 0.14814814814814814
1 0.7723958333333333 0.9487268518518519 0.07604166666666666 0.07870370370370369
2 0.4962239583333333 0.9717592592592592 0.03307291666666666 0.05601851851851851
2 0.4044270833333333 0.7567708333333333 0.04010416666666666 0.06666666666666667
2 0.37473958333333335 0.8085069444444445 0.04010416666666666 0.05138888888888889
3 0.6552083333333333 0.29791666666666666 0.04479166666666666 0.05833333333333333