2 0.09791666666666667 0.32621527777777776 0.02395833333333333 0.018055555555555554
1 0.18111979166666664 0.17673611111111112 0.06536458333333332 0.04722222222222222
1 0.4653645833333333 0.21666666666666665 0.10260416666666665 0.05833333333333333
2 0.22760416666666666 0.31174768518518514 0.05208333333333333 0.03287037037037037
2 0.233203125 0.19282407407407406 0.01640625 0.023148148148148147
2 0.13932291666666669 0.3861111111111111 0.01614583333333333 0.034722222222222224
2 0.17708333333333331 0.38917824074074076 0.06041666666666666 0.08148148148148147
2 0.33919270833333337 0.49496527777777777 0.031510416666666666 0.05555555555555556
2 0.512890625 0.5371527777777778 0.06640625 0.08055555555555555
2 0.5201822916666667 0.5803819444444445 0.06848958333333333 0.08888888888888888
2 0.29427083333333337 0.8637152777777779 0.08541666666666667 0.13055555555555556
2 0.70859375 0.215625 0.0453125 0.0375
2 0.184765625 0.21927083333333336 0.03828125 0.016666666666666666
2 0.113671875 0.5120949074074075 0.05234375 0.03981481481481482
2 0.4317708333333333 0.36006944444444444 0.041666666666666664 0.05138888888888889