2 0.642578125 0.5589699074074075 0.05390625 0.07731481481481481
2 0.6313802083333333 0.6498842592592593 0.06901041666666666 0.10601851851851851
2 0.515234375 0.4422453703703703 0.04921875 0.06574074074074074
2 0.8912760416666666 0.4965277777777778 0.05755208333333332 0.09305555555555554
2 0.7950520833333333 0.417650462962963 0.049479166666666664 0.07592592592592592
2 0.6645833333333333 0.4619791666666667 0.04479166666666666 0.07083333333333333
2 0.5696614583333333 0.6931712962962963 0.06744791666666666 0.08009259259259259
2 0.4401041666666667 0.7691550925925925 0.055208333333333325 0.08518518518518518
2 0.538671875 0.8194444444444444 0.07109375 0.11388888888888889
2 0.9096354166666666 0.7659143518518519 0.07239583333333333 0.1162037037037037
2 0.8006510416666666 0.6037037037037037 0.07630208333333333 0.1199074074074074
2 0.740234375 0.560300925925926 0.05234375 0.08935185185185185
2 0.6885416666666667 0.5381944444444444 0.055208333333333325 0.08888888888888888
2 0.5522135416666667 0.4761574074074074 0.05442708333333333 0.06481481481481481
2 0.50625 0.6064814814814815 0.059375 0.10046296296296295
2 0.8203125 0.5268518518518518 0.05 0.0662037037037037
2 0.7182291666666667 0.352199074074074 0.04583333333333333 0.06064814814814814
2 0.71953125 0.30190972222222223 0.0328125 0.05694444444444444
2 0.5884114583333333 0.2382523148148148 0.045572916666666664 0.06712962962962962
2 0.4475260416666667 0.362962962962963 0.04505208333333333 0.06342592592592591
2 0.22942708333333334 0.5200231481481482 0.04635416666666666 0.08379629629629629
2 0.05078125 0.4838541666666667 0.0421875 0.05833333333333333
2 0.051302083333333325 0.7309606481481482 0.058854166666666666 0.08379629629629629
2 0.09557291666666666 0.7630787037037037 0.05364583333333332 0.0824074074074074
2 0.4772135416666667 0.26001157407407405 0.04192708333333333 0.06064814814814814