0 0.3958984375 0.7848958333333333 0.032421875 0.04791666666666666
2 0.6009765625 0.8940972222222221 0.039453125 0.025694444444444443
2 0.5732421875 0.8916666666666666 0.027734375 0.020833333333333332
2 0.0583984375 0.7526041666666667 0.032421875 0.02708333333333333
2 0.1861328125 0.9130208333333334 0.041015625 0.029166666666666664
2 0.27109375 0.9340277777777779 0.0296875 0.03055555555555555
2 0.616796875 0.7956597222222223 0.03046875 0.025694444444444443
2 0.377734375 0.8229166666666666 0.03046875 0.02708333333333333
2 0.119921875 0.7237847222222222 0.02421875 0.025694444444444443
2 0.4962890625 0.8550347222222221 0.026953125 0.03194444444444444
2 0.232421875 0.9026041666666667 0.03671875 0.03333333333333333
2 0.1279296875 0.9119791666666666 0.033984375 0.04583333333333333
2 0.4712890625 0.9534722222222222 0.039453125 0.03194444444444444
2 0.3236328125 0.9638888888888889 0.044140625 0.05277777777777778
3 0.0771484375 0.853125 0.038671875 0.025
3 0.0640625 0.8262152777777778 0.034375 0.043055555555555555
2 0.0787109375 0.8267361111111111 0.029296875 0.01597222222222222
2 0.4015625 0.7456597222222222 0.034375 0.03194444444444444
2 0.5677734375 0.8322916666666667 0.026171875 0.02708333333333333
2 0.4294921875 0.9848958333333334 0.037109375 0.029166666666666664
2 0.3689453125 0.9241319444444445 0.034765625 0.03263888888888889
2 0.3392578125 0.8005208333333333 0.034765625 0.035416666666666666
2 0.2158203125 0.8168402777777779 0.028515625 0.03680555555555555
2 0.56328125 0.7157986111111111 0.0265625 0.034722222222222224
2 0.5255859375 0.7668402777777777 0.035546875 0.024305555555555556