0 0.7190104166666667 0.8422453703703704 0.03177083333333333 0.07824074074074074
0 0.19401041666666669 0.12453703703703703 0.04114583333333333 0.06157407407407407
0 0.4287760416666667 0.22129629629629627 0.03255208333333333 0.04259259259259259
3 0.464453125 0.8043402777777778 0.05703125 0.05555555555555556
3 0.8044270833333333 0.8943287037037037 0.10572916666666665 0.1449074074074074
0 0.50625 0.6791666666666667 0.071875 0.10833333333333332
0 0.490625 0.7867476851851852 0.040625 0.05787037037037037
1 0.4587239583333333 0.7586226851851852 0.039322916666666666 0.045370370370370366
1 0.3731770833333333 0.8892939814814815 0.04010416666666666 0.050462962962962966
3 0.090234375 0.5045717592592592 0.04296875 0.0685185185185185
0 0.8125 0.6704282407407407 0.04375 0.06898148148148148