2 0.9255208333333333 0.8887731481481481 0.06041666666666666 0.0962962962962963
2 0.859375 0.538599537037037 0.05 0.06157407407407407
2 0.8734375 0.5905671296296295 0.046875 0.059259259259259255
2 0.8397135416666666 0.6596643518518518 0.04817708333333333 0.0662037037037037
2 0.7966145833333333 0.6256944444444444 0.04635416666666666 0.06388888888888888
2 0.6604166666666667 0.7622106481481482 0.04583333333333333 0.07129629629629629
2 0.5541666666666667 0.5865162037037037 0.03958333333333333 0.0699074074074074
3 0.7768229166666667 0.4965856481481482 0.056770833333333326 0.07129629629629629
2 0.6194010416666667 0.7598958333333333 0.029427083333333333 0.041666666666666664
2 0.4907552083333333 0.795949074074074 0.053385416666666664 0.07314814814814814
2 0.52421875 0.7532986111111111 0.0453125 0.07222222222222222
1 0.625390625 0.6305555555555555 0.04140625 0.04861111111111111
2 0.6544270833333333 0.7900462962962963 0.05572916666666666 0.055092592592592596
2 0.5645833333333333 0.6879050925925926 0.04791666666666666 0.06018518518518519
2 0.51015625 0.5275462962962962 0.0359375 0.04259259259259259
2 0.858984375 0.23819444444444446 0.03359375 0.05138888888888889
2 0.3673177083333333 0.48564814814814816 0.025260416666666664 0.046296296296296294
2 0.516796875 0.3602430555555555 0.02734375 0.04861111111111111
3 0.31588541666666664 0.4727430555555555 0.06614583333333332 0.0736111111111111
2 0.30755208333333334 0.6393518518518518 0.033854166666666664 0.0537037037037037
2 0.33450520833333336 0.6078125 0.04088541666666666 0.0625
2 0.30703125 0.36006944444444444 0.0265625 0.03888888888888888
2 0.32760416666666664 0.3524305555555555 0.020833333333333332 0.03611111111111111
2 0.35598958333333336 0.39895833333333336 0.021354166666666667 0.041666666666666664
2 0.112109375 0.47089120370370374 0.02734375 0.04490740740740741
2 0.1234375 0.4130787037037037 0.028125 0.04490740740740741