2 0.6756510416666667 0.376099537037037 0.038802083333333334 0.06157407407407407
2 0.4798177083333333 0.4131944444444445 0.028385416666666663 0.03888888888888888
2 0.5134114583333333 0.45763888888888893 0.03619791666666666 0.05277777777777778
2 0.565625 0.4695601851851852 0.053125 0.08287037037037036
2 0.6140625 0.42795138888888895 0.0375 0.06527777777777778
2 0.8484375 0.6241898148148148 0.065625 0.09212962962962963
2 0.79140625 0.887962962962963 0.0921875 0.1384259259259259
2 0.7571614583333333 0.7582175925925926 0.05807291666666666 0.12268518518518519
2 0.7127604166666667 0.7559027777777778 0.05364583333333332 0.09305555555555554
2 0.4600260416666667 0.9491319444444445 0.060677083333333326 0.10138888888888889
2 0.430078125 0.687326388888889 0.04453125 0.05277777777777778
2 0.4720052083333333 0.6162037037037037 0.05026041666666666 0.05740740740740741
2 0.4563802083333333 0.3787037037037037 0.025260416666666664 0.032407407407407406