3 0.5927083333333333 0.967650462962963 0.09791666666666667 0.06342592592592591
2 0.6377604166666667 0.6878472222222223 0.04427083333333333 0.06944444444444445
2 0.6938802083333333 0.8006944444444445 0.047135416666666666 0.08888888888888888
2 0.6411458333333333 0.7891203703703703 0.057291666666666664 0.07824074074074074
2 0.6515625 0.8637152777777779 0.0625 0.08055555555555555
2 0.5727864583333333 0.8876736111111111 0.04869791666666666 0.08472222222222223
2 0.5317708333333333 0.872800925925926 0.051041666666666666 0.06435185185185185
2 0.46953125 0.9527199074074074 0.0484375 0.07731481481481481
3 0.4442708333333333 0.7826967592592593 0.08854166666666666 0.1310185185185185
0 0.8716145833333334 0.8549768518518519 0.09010416666666667 0.1662037037037037
2 0.95859375 0.9310185185185185 0.0609375 0.08703703703703704
0 0.698046875 0.9230324074074074 0.02109375 0.052314814814814814
2 0.4623697916666667 0.4793981481481482 0.03098958333333333 0.046296296296296294
2 0.8412760416666666 0.5275462962962962 0.03567708333333333 0.055092592592592596
2 0.7729166666666667 0.5296875 0.03958333333333333 0.05
3 0.6350260416666667 0.40428240740740745 0.038802083333333334 0.052314814814814814