2 0.6424479166666667 0.6331597222222223 0.05052083333333333 0.06944444444444445
1 0.689453125 0.8534143518518519 0.05078125 0.0537037037037037
1 0.7721354166666667 0.852662037037037 0.08177083333333332 0.06157407407407407
1 0.932421875 0.7543402777777778 0.13359375 0.08055555555555555
2 0.9091145833333334 0.802488425925926 0.04010416666666666 0.07685185185185185
2 0.8270833333333334 0.7463541666666667 0.05416666666666666 0.07083333333333333
2 0.7796875 0.6829282407407408 0.053125 0.06898148148148148
2 0.6610677083333333 0.9273726851851851 0.05026041666666666 0.08287037037037036
2 0.9130208333333334 0.9667824074074074 0.07604166666666666 0.06481481481481481
2 0.672265625 0.7073495370370371 0.04140625 0.06157407407407407
2 0.6912760416666667 0.5424189814814815 0.04192708333333333 0.06296296296296296
2 0.7278645833333333 0.728587962962963 0.024479166666666666 0.038425925925925926
2 0.7171875 0.9095486111111111 0.04375 0.08472222222222223
2 0.4623697916666667 0.695775462962963 0.03723958333333333 0.06342592592592591