2 0.6252604166666667 0.5817708333333333 0.09427083333333333 0.15416666666666665
2 0.521875 0.8923032407407406 0.10625 0.18148148148148147
2 0.481640625 0.95 0.11328125 0.1
2 0.16393229166666665 0.5742476851851852 0.10911458333333332 0.14537037037037037
0 0.8484375 0.5819444444444445 0.11875 0.17638888888888887
0 0.4740885416666667 0.3207175925925926 0.10755208333333333 0.1476851851851852
2 0.95078125 0.9646412037037037 0.0546875 0.0699074074074074
2 0.8526041666666666 0.725462962962963 0.06458333333333333 0.06342592592592591
2 0.330078125 0.2777199074074074 0.04765625 0.07731481481481481
2 0.8040364583333334 0.3804398148148148 0.03307291666666666 0.054629629629629625
2 0.7783854166666667 0.3612268518518519 0.01927083333333333 0.0412037037037037
2 0.442578125 0.4971064814814815 0.05078125 0.08796296296296295
2 0.5641927083333333 0.4351273148148148 0.05026041666666666 0.04212962962962963
2 0.8260416666666666 0.844675925925926 0.08958333333333332 0.13935185185185184
2 0.7325520833333333 0.35028935185185184 0.033854166666666664 0.0537037037037037
2 0.734375 0.4677083333333333 0.046875 0.06666666666666667
2 0.567578125 0.6742476851851852 0.04140625 0.045370370370370366
2 0.5309895833333333 0.6688078703703704 0.033854166666666664 0.06574074074074074
2 0.4608072916666667 0.6056134259259259 0.04348958333333333 0.07685185185185185
2 0.4576822916666667 0.4166666666666667 0.03723958333333333 0.04583333333333333
2 0.5338541666666667 0.580150462962963 0.042708333333333334 0.07592592592592592
2 0.609375 0.8541666666666666 0.05 0.09583333333333333
2 0.5673177083333333 0.7820023148148147 0.05963541666666666 0.10462962962962963
2 0.26536458333333335 0.8201967592592592 0.058854166666666666 0.09351851851851851
2 0.18658854166666666 0.9254050925925925 0.051302083333333325 0.06018518518518519
2 0.09075520833333332 0.8393518518518519 0.07213541666666666 0.1037037037037037
2 0.07825520833333333 0.6029513888888889 0.06588541666666667 0.09027777777777776
2 0.07669270833333333 0.5206597222222222 0.06901041666666666 0.05694444444444444
2 0.069140625 0.43246527777777777 0.06328125 0.06805555555555555
2 0.18098958333333331 0.3524305555555555 0.05260416666666666 0.0611111111111111
2 0.36458333333333337 0.5929398148148148 0.08854166666666666 0.11712962962962963