2 0.4567708333333333 0.10092592592592593 0.03854166666666666 0.06435185185185185
2 0.4510416666666667 0.16493055555555555 0.04583333333333333 0.0611111111111111
2 0.2875 0.06984953703703703 0.04375 0.06157407407407407
2 0.25625 0.25005787037037036 0.053125 0.09074074074074073
2 0.39375 0.017592592592592594 0.04375 0.03518518518518519
2 0.248046875 0.10532407407407407 0.03359375 0.06064814814814814
2 0.31549479166666666 0.14600694444444445 0.04973958333333333 0.07638888888888888
2 0.208203125 0.21568287037037037 0.05703125 0.06574074074074074
2 0.7298177083333333 0.8530671296296296 0.10338541666666665 0.17175925925925925
2 0.8828125 0.7858217592592592 0.0625 0.08101851851851852
2 0.8149739583333334 0.960763888888889 0.07369791666666667 0.07777777777777777
2 0.7584635416666667 0.9363425925925926 0.08255208333333333 0.11018518518518519
2 0.5454427083333333 0.129224537037037 0.05026041666666666 0.07407407407407407
2 0.4919270833333333 0.21047453703703703 0.05572916666666666 0.09907407407407406
2 0.397265625 0.3045717592592593 0.06640625 0.08101851851851852
2 0.658203125 0.2894675925925926 0.06640625 0.07268518518518519
2 0.62578125 0.20908564814814815 0.0609375 0.08379629629629629
2 0.5830729166666667 0.2695023148148148 0.06927083333333332 0.09212962962962963
2 0.31549479166666666 0.4685763888888889 0.059114583333333325 0.07777777777777777
2 0.28489583333333335 0.6239583333333333 0.057291666666666664 0.10416666666666666
2 0.265234375 0.5643518518518518 0.05234375 0.1037037037037037
2 0.225 0.5486689814814815 0.075 0.10046296296296295
2 0.694921875 0.5096064814814815 0.08046875 0.08796296296296295
2 0.675390625 0.41909722222222223 0.08515625 0.11944444444444444
2 0.462109375 0.43929398148148147 0.06171875 0.07546296296296295
2 0.4305989583333333 0.5212962962962963 0.07369791666666667 0.10509259259259258
2 0.38151041666666663 0.6033564814814815 0.08177083333333332 0.12546296296296294
2 0.37395833333333334 0.7782986111111111 0.09791666666666667 0.1597222222222222
2 0.5115885416666667 0.771238425925926 0.08567708333333332 0.13935185185185184
2 0.515234375 0.646412037037037 0.08671875 0.14907407407407408
2 0.4641927083333333 0.9212962962962964 0.09713541666666667 0.1550925925925926
2 0.6065104166666667 0.7774305555555555 0.08802083333333333 0.1861111111111111
2 0.9108072916666666 0.6328703703703703 0.09348958333333332 0.15324074074074073
2 0.8157552083333334 0.610474537037037 0.08463541666666666 0.14907407407407408
2 0.776953125 0.18055555555555555 0.05703125 0.0736111111111111
3 0.9104166666666667 0.14641203703703703 0.12083333333333332 0.17407407407407408
2 0.8421875 0.26730324074074074 0.05625 0.09398148148148147
2 0.7055989583333333 0.06458333333333333 0.054947916666666666 0.07916666666666666
2 0.06354166666666666 0.5022569444444445 0.042708333333333334 0.07638888888888888
2 0.019010416666666665 0.6138310185185185 0.034895833333333334 0.09953703703703703
2 0.04348958333333333 0.7548032407407408 0.08385416666666666 0.16898148148148145
2 0.09518229166666667 0.2997685185185185 0.04973958333333333 0.08703703703703704