2 0.81328125 0.9702546296296296 0.0703125 0.059259259259259255
2 0.51640625 0.9428819444444445 0.0703125 0.11388888888888889
2 0.5111979166666667 0.7858217592592592 0.056770833333333326 0.09351851851851851
2 0.5009114583333333 0.7163194444444445 0.045572916666666664 0.08888888888888888
2 0.4138020833333333 0.6118055555555555 0.04010416666666666 0.0611111111111111
2 0.418359375 0.5695023148148148 0.03671875 0.04212962962962963
2 0.445703125 0.5341435185185185 0.04140625 0.062037037037037036
2 0.4958333333333333 0.591087962962963 0.04479166666666666 0.050925925925925916
2 0.555859375 0.553125 0.04921875 0.0375
2 0.5895833333333333 0.5748263888888889 0.04791666666666666 0.06527777777777778
2 0.6583333333333333 0.5804398148148148 0.057291666666666664 0.054629629629629625
3 0.5868489583333333 0.6628472222222223 0.08619791666666667 0.11944444444444444
3 0.4990885416666667 0.47528935185185184 0.08255208333333333 0.0912037037037037
2 0.6787760416666667 0.45821759259259254 0.038802083333333334 0.06018518518518519
0 0.855078125 0.6413773148148147 0.09140625 0.12962962962962962
2 0.938671875 0.7140625 0.06796875 0.075
2 0.6661458333333333 0.5247106481481482 0.051041666666666666 0.07129629629629629
2 0.7102864583333333 0.5453125 0.04869791666666666 0.0625
2 0.791015625 0.2598958333333333 0.03828125 0.041666666666666664
2 0.5595052083333333 0.25277777777777777 0.028385416666666663 0.043055555555555555
2 0.28802083333333334 0.2846064814814815 0.03229166666666666 0.03796296296296296
2 0.8483072916666666 0.36840277777777775 0.04348958333333333 0.043055555555555555
2 0.367578125 0.3144675925925926 0.03828125 0.04768518518518518