2 0.29010416666666666 0.5124421296296295 0.02395833333333333 0.03425925925925925
2 0.2984375 0.4852430555555555 0.028125 0.02361111111111111
2 0.6985677083333333 0.6559606481481481 0.05026041666666666 0.05879629629629629
2 0.356640625 0.48715277777777777 0.02890625 0.03055555555555555
2 0.5348958333333333 0.6468171296296296 0.051041666666666666 0.07175925925925926
2 0.640234375 0.7173611111111111 0.07109375 0.08472222222222223
3 0.369921875 0.409837962962963 0.05546875 0.06342592592592591
0 0.5932291666666667 0.4611689814814815 0.04895833333333333 0.07546296296296295
2 0.6884114583333333 0.5359375 0.04869791666666666 0.0625
2 0.71640625 0.47563657407407406 0.0421875 0.04814814814814815
2 0.6807291666666667 0.5000578703703703 0.03958333333333333 0.04074074074074074
2 0.6453125 0.5232060185185186 0.0375 0.037037037037037035
2 0.6345052083333333 0.45243055555555556 0.03463541666666666 0.04861111111111111
2 0.6455729166666667 0.49537037037037035 0.03802083333333333 0.04074074074074074
2 0.6149739583333333 0.6164930555555556 0.045572916666666664 0.03611111111111111
2 0.577734375 0.6358217592592592 0.03671875 0.05601851851851851
2 0.4252604166666667 0.45931712962962956 0.034895833333333334 0.04675925925925926
2 0.473046875 0.4580439814814815 0.03984375 0.03796296296296296
2 0.353515625 0.6683449074074075 0.04765625 0.06481481481481481
2 0.35794270833333336 0.5909143518518518 0.037760416666666664 0.0412037037037037
2 0.35572916666666665 0.5561342592592593 0.03645833333333333 0.05601851851851851
2 0.3985677083333333 0.4560763888888889 0.031510416666666666 0.02777777777777778
2 0.7544270833333333 0.5816550925925925 0.058854166666666666 0.07268518518518519
2 0.7430989583333333 0.7076967592592592 0.061197916666666664 0.08101851851851852
2 0.4809895833333333 0.4200231481481482 0.033854166666666664 0.046296296296296294
2 0.537109375 0.6051504629629629 0.04296875 0.050925925925925916
2 0.5122395833333333 0.4295138888888889 0.033854166666666664 0.04027777777777777
2 0.8217447916666666 0.8027199074074074 0.07473958333333333 0.12731481481481483
2 0.6859375 0.9355902777777778 0.05625 0.09305555555555554
2 0.971875 0.959375 0.05625 0.08125
2 0.903515625 0.771701388888889 0.06640625 0.06527777777777778
2 0.7548177083333333 0.9697916666666666 0.05651041666666666 0.05833333333333333