2 0.5973958333333333 0.21828703703703703 0.06354166666666666 0.07407407407407407
2 0.4692708333333333 0.2949074074074074 0.06041666666666666 0.07731481481481481
2 0.4811197916666667 0.35237268518518516 0.06536458333333332 0.08287037037037036
2 0.9227864583333334 0.3154513888888889 0.12682291666666665 0.15277777777777776
2 0.8134114583333334 0.6366319444444445 0.13307291666666665 0.18888888888888888
2 0.7819010416666667 0.34444444444444444 0.08880208333333332 0.08888888888888888
2 0.6796875 0.40295138888888893 0.0375 0.04027777777777777
2 0.6319010416666667 0.4137152777777778 0.03255208333333333 0.043055555555555555
2 0.5145833333333333 0.42517361111111107 0.04791666666666666 0.05972222222222222
2 0.29908854166666665 0.25364583333333335 0.051302083333333325 0.05416666666666666
2 0.3243489583333333 0.3482638888888889 0.07057291666666667 0.09027777777777776
2 0.326953125 0.45144675925925926 0.07890625 0.09351851851851851
2 0.03359375 0.6706018518518518 0.0640625 0.1787037037037037