2 0.32135416666666666 0.24079861111111112 0.05208333333333333 0.05972222222222222
2 0.6196614583333333 0.10763888888888888 0.061197916666666664 0.06527777777777778
2 0.56171875 0.25254629629629627 0.0484375 0.06759259259259259
2 0.869140625 0.9150462962962964 0.12578125 0.16759259259259257
2 0.280859375 0.4258680555555555 0.06171875 0.09861111111111111
2 0.442578125 0.4293981481481482 0.06328125 0.0962962962962963
2 0.27513020833333335 0.25017361111111114 0.03463541666666666 0.04722222222222222
2 0.30442708333333335 0.487962962962963 0.07447916666666667 0.07592592592592592
2 0.4165364583333333 0.5052662037037037 0.061197916666666664 0.1074074074074074
2 0.379296875 0.5049768518518518 0.04296875 0.0412037037037037
2 0.26653645833333334 0.5444444444444445 0.03307291666666666 0.05138888888888889