2 0.962109375 0.3754050925925926 0.05859375 0.07268518518518519
2 0.6541666666666667 0.3976273148148148 0.05208333333333333 0.06712962962962962
2 0.82421875 0.7714699074074074 0.0703125 0.11481481481481481
2 0.6444010416666667 0.8501157407407407 0.06380208333333333 0.06898148148148148
2 0.6186197916666667 0.6939814814814815 0.07473958333333333 0.11296296296296296
2 0.7930989583333333 0.6325810185185186 0.07994791666666666 0.09953703703703703
2 0.778125 0.36163194444444446 0.05 0.06388888888888888
2 0.8072916666666666 0.43107638888888894 0.03958333333333333 0.04027777777777777
2 0.8325520833333334 0.35677083333333337 0.027604166666666662 0.041666666666666664
2 0.5994791666666667 0.46342592592592596 0.03020833333333333 0.039351851851851846
2 0.65546875 0.4895833333333333 0.0265625 0.029166666666666664
2 0.7166666666666667 0.5088541666666667 0.04583333333333333 0.04583333333333333
2 0.6186197916666667 0.27748842592592593 0.052864583333333326 0.05185185185185185
2 0.3 0.2743055555555555 0.05 0.04861111111111111
2 0.5161458333333333 0.2975115740740741 0.04479166666666666 0.04814814814814815