2 0.28606770833333334 0.22060185185185185 0.053385416666666664 0.0537037037037037
2 0.23216145833333335 0.23350694444444448 0.054947916666666666 0.06388888888888888
2 0.24440104166666665 0.39641203703703703 0.060677083333333326 0.08657407407407407
2 0.4046875 0.40625 0.0625 0.0875
2 0.7766927083333333 0.857638888888889 0.09713541666666667 0.15277777777777776
2 0.516015625 0.23877314814814815 0.04140625 0.05879629629629629
2 0.5790364583333333 0.10329861111111112 0.054947916666666666 0.05972222222222222
2 0.23294270833333336 0.5116319444444445 0.03463541666666666 0.05138888888888889
2 0.37473958333333335 0.48125 0.06822916666666666 0.1
2 0.33671875 0.475 0.0421875 0.05
2 0.2671875 0.4653356481481482 0.071875 0.08379629629629629