0 0.107421875 0.8397569444444445 0.05859375 0.07638888888888888
3 0.578515625 0.5537037037037037 0.04765625 0.0699074074074074
0 0.15559895833333331 0.3560763888888889 0.045572916666666664 0.07777777777777777
0 0.3734375 0.41626157407407405 0.046875 0.08564814814814814
0 0.437109375 0.5575810185185185 0.05234375 0.08703703703703704
0 0.355078125 0.674537037037037 0.05390625 0.09907407407407406
0 0.19401041666666666 0.8500578703703704 0.05052083333333333 0.09074074074074073
0 0.27200520833333336 0.9510416666666666 0.05651041666666666 0.09583333333333333
2 0.4143229166666667 0.1072337962962963 0.025520833333333333 0.04259259259259259
2 0.466796875 0.05642361111111112 0.02734375 0.04722222222222222
2 0.7674479166666667 0.6604745370370371 0.03177083333333333 0.04907407407407407
2 0.821484375 0.5879050925925926 0.06484375 0.09768518518518518
2 0.8493489583333333 0.49074074074074076 0.04869791666666666 0.05648148148148148
2 0.7634114583333333 0.4416087962962963 0.054947916666666666 0.09259259259259259
2 0.6524739583333333 0.5526041666666667 0.03307291666666666 0.04583333333333333