2 0.7251302083333333 0.10225694444444444 0.07526041666666666 0.08888888888888888
2 0.5484375 0.06574074074074074 0.05625 0.08148148148148147
2 0.8045572916666666 0.7376157407407408 0.059114583333333325 0.09398148148148147
2 0.475390625 0.6848958333333333 0.08515625 0.14166666666666666
2 0.35130208333333335 0.6650462962962963 0.06197916666666666 0.10509259259259258
2 0.4678385416666667 0.34907407407407404 0.06692708333333333 0.09814814814814814
2 0.8609375 0.6048032407407408 0.0625 0.05648148148148148
2 0.6381510416666667 0.10862268518518518 0.038802083333333334 0.05787037037037037
2 0.7059895833333333 0.16024305555555557 0.06197916666666666 0.08611111111111111
2 0.20520833333333335 0.11788194444444444 0.04479166666666666 0.06388888888888888
2 0.98125 0.8421875 0.0375 0.18125