2 0.6092447916666667 0.5043981481481482 0.052864583333333326 0.05879629629629629
2 0.382421875 0.22980324074074074 0.05859375 0.05648148148148148
2 0.75234375 0.43576388888888895 0.0921875 0.10277777777777777
2 0.7604166666666667 0.24785879629629629 0.06458333333333333 0.055092592592592596
2 0.91015625 0.41857638888888893 0.0796875 0.10277777777777777
2 0.8984375 0.3167824074074074 0.04375 0.03981481481481482
2 0.41484375 0.2977430555555555 0.0421875 0.03611111111111111
2 0.39283854166666665 0.26666666666666666 0.03255208333333333 0.04583333333333333
2 0.9380208333333334 0.6764467592592592 0.12291666666666665 0.1560185185185185
2 0.4373697916666667 0.5023726851851852 0.046614583333333334 0.07037037037037037
2 0.81953125 0.24288194444444447 0.0359375 0.03888888888888888
2 0.9299479166666667 0.17233796296296294 0.07552083333333333 0.06342592592592591
2 0.6032552083333333 0.4052083333333333 0.037760416666666664 0.05416666666666666
2 0.8479166666666667 0.3029513888888889 0.03958333333333333 0.05277777777777778
2 0.6272135416666667 0.32152777777777775 0.03255208333333333 0.03055555555555555
2 0.6971354166666667 0.3236111111111111 0.05052083333333333 0.034722222222222224
2 0.19752604166666665 0.5186921296296296 0.07942708333333333 0.09675925925925925