2 0.73515625 0.9014467592592592 0.0390625 0.0685185185185185
2 0.7329427083333333 0.9563657407407407 0.05026041666666666 0.08148148148148147
2 0.6708333333333333 0.9546875 0.057291666666666664 0.075
2 0.73203125 0.650636574074074 0.0296875 0.06064814814814814
2 0.7053385416666667 0.6773726851851852 0.038802083333333334 0.07037037037037037
2 0.4634114583333333 0.9069444444444444 0.061197916666666664 0.10138888888888889
2 0.4735677083333333 0.8425925925925926 0.047135416666666666 0.08518518518518518
2 0.6368489583333333 0.8353587962962964 0.06744791666666666 0.09259259259259259
2 0.677734375 0.681423611111111 0.02734375 0.05972222222222222
2 0.6477864583333333 0.5942708333333333 0.04244791666666666 0.041666666666666664
2 0.8854166666666666 0.4292824074074074 0.03645833333333333 0.052314814814814814