2 0.4817708333333333 0.4078703703703703 0.057291666666666664 0.07824074074074074
2 0.38997395833333337 0.685763888888889 0.05807291666666666 0.09027777777777776
2 0.5036458333333333 0.6903356481481481 0.08229166666666667 0.13379629629629627
2 0.8055989583333334 0.685474537037037 0.054947916666666666 0.07407407407407407
2 0.97265625 0.7546875 0.0546875 0.153125
2 0.5442708333333333 0.17071759259259262 0.05416666666666666 0.06018518518518519
2 0.702734375 0.1869212962962963 0.05859375 0.08009259259259259
2 0.5420572916666667 0.24265046296296297 0.05598958333333333 0.07592592592592592
2 0.6947916666666667 0.24403935185185185 0.03958333333333333 0.0662037037037037
2 0.6490885416666667 0.23819444444444446 0.04505208333333333 0.03888888888888888
2 0.7016927083333333 0.29930555555555555 0.05026041666666666 0.04861111111111111
2 0.59921875 0.3350694444444445 0.0328125 0.03888888888888888
2 0.402734375 0.16788194444444443 0.03046875 0.02638888888888889
2 0.9119791666666666 0.4700810185185185 0.06770833333333333 0.07453703703703704
2 0.975390625 0.49444444444444446 0.04765625 0.06388888888888888
2 0.8473958333333333 0.5789351851851852 0.057291666666666664 0.045370370370370366
2 0.6149739583333333 0.5730902777777778 0.04869791666666666 0.043055555555555555
2 0.5641927083333333 0.053298611111111116 0.047135416666666666 0.04722222222222222
2 0.79375 0.07181712962962963 0.040625 0.04675925925925926
2 0.23372395833333334 0.24033564814814815 0.045572916666666664 0.05879629629629629