2 0.8272135416666666 0.9329861111111111 0.02630208333333333 0.034722222222222224
2 0.7522135416666667 0.7507523148148147 0.02317708333333333 0.029629629629629627
2 0.6807291666666667 0.7233796296296295 0.02395833333333333 0.03425925925925925
3 0.4932291666666667 0.8032407407407407 0.05208333333333333 0.08148148148148147
3 0.4643229166666667 0.6458912037037037 0.04427083333333333 0.05740740740740741
3 0.769140625 0.49074074074074076 0.02890625 0.043981481481481476
3 0.9403645833333334 0.5050925925925925 0.04635416666666666 0.06018518518518519
3 0.6204427083333333 0.621875 0.031510416666666666 0.0375
2 0.453125 0.8404513888888889 0.028125 0.04027777777777777
2 0.7662760416666667 0.914525462962963 0.029427083333333333 0.050925925925925916
2 0.8579427083333334 0.842476851851852 0.028385416666666663 0.0412037037037037
2 0.789453125 0.9304976851851852 0.02578125 0.03287037037037037
2 0.7126302083333333 0.9570023148148149 0.03463541666666666 0.04212962962962963
2 0.5981770833333333 0.8774305555555555 0.03072916666666666 0.03611111111111111
2 0.874609375 0.9324074074074075 0.03359375 0.052314814814814814
2 0.9384114583333334 0.5721643518518518 0.029947916666666664 0.028703703703703703
1 0.856640625 0.6847800925925925 0.06328125 0.04768518518518518
2 0.76328125 0.7034722222222223 0.0328125 0.04444444444444444