3 0.5328125 0.9564236111111111 0.05625 0.08472222222222223
3 0.501171875 0.7719907407407407 0.04296875 0.05648148148148148
3 0.6615885416666667 0.747974537037037 0.03255208333333333 0.04907407407407407
1 0.912109375 0.8421875 0.07421875 0.0625
2 0.801171875 0.9104166666666667 0.03046875 0.03333333333333333
2 0.8662760416666666 0.8973958333333334 0.02317708333333333 0.029166666666666664
2 0.84453125 0.868460648148148 0.0234375 0.033796296296296297
2 0.866015625 0.859548611111111 0.01640625 0.02222222222222222
2 0.7670572916666667 0.867361111111111 0.01848958333333333 0.04722222222222222
2 0.8076822916666666 0.882175925925926 0.01536458333333333 0.039351851851851846
2 0.8139322916666666 0.8471643518518519 0.02786458333333333 0.0412037037037037
2 0.8290364583333334 0.8842592592592593 0.017447916666666667 0.04351851851851852
2 0.7782552083333333 0.8296875 0.019010416666666665 0.025
3 0.815625 0.6038194444444445 0.034375 0.05138888888888889
3 0.98671875 0.63046875 0.0265625 0.0484375