2 0.453125 0.9360532407407407 0.040625 0.08148148148148147
2 0.49765625 0.9282986111111111 0.0421875 0.08472222222222223
2 0.3963541666666667 0.7349537037037037 0.04583333333333333 0.0699074074074074
2 0.400390625 0.6870949074074074 0.03203125 0.03981481481481482
2 0.399609375 0.6074652777777778 0.03046875 0.043055555555555555
2 0.5162760416666667 0.552951388888889 0.03255208333333333 0.05277777777777778
2 0.6013020833333333 0.5532407407407407 0.043229166666666666 0.043981481481481476
2 0.57578125 0.4222800925925926 0.0265625 0.03518518518518519
2 0.6962239583333333 0.5123842592592592 0.03619791666666666 0.031018518518518518
2 0.70078125 0.5457175925925926 0.0265625 0.03518518518518519
2 0.469921875 0.9583333333333334 0.03046875 0.05416666666666666
2 0.9274739583333333 0.47870370370370374 0.03307291666666666 0.04490740740740741