2 0.6520833333333333 0.35086805555555556 0.07291666666666666 0.0611111111111111
2 0.4825520833333333 0.3833912037037037 0.04010416666666666 0.04490740740740741
2 0.84296875 0.4054398148148148 0.0546875 0.06712962962962962
2 0.5453125 0.49537037037037035 0.05 0.06574074074074074
2 0.749609375 0.7336805555555556 0.08984375 0.12361111111111109
2 0.8216145833333334 0.9002893518518519 0.09322916666666667 0.1412037037037037
2 0.564453125 0.899074074074074 0.10078125 0.14814814814814814
2 0.493359375 0.5902199074074075 0.03671875 0.052314814814814814
2 0.559765625 0.5932291666666667 0.03828125 0.03333333333333333
2 0.713671875 0.4875 0.03984375 0.05
2 0.71875 0.3984375 0.0375 0.05
2 0.6697916666666667 0.4260416666666667 0.05833333333333333 0.05833333333333333
2 0.6432291666666667 0.5980324074074075 0.05833333333333333 0.06481481481481481
2 0.884375 0.17731481481481481 0.0375 0.054629629629629625
2 0.07018229166666666 0.4547453703703703 0.05598958333333333 0.053240740740740734
2 0.36484375 0.4233796296296296 0.0546875 0.059259259259259255