2 0.458984375 0.31724537037037037 0.05859375 0.07824074074074074
2 0.4942708333333333 0.5679976851851852 0.08229166666666667 0.13287037037037036
2 0.3690104166666667 0.5824074074074075 0.056770833333333326 0.08981481481481482
2 0.7950520833333333 0.5184606481481482 0.05572916666666666 0.07129629629629629
2 0.9677083333333334 0.548148148148148 0.06354166666666666 0.14629629629629629
2 0.6549479166666667 0.4293402777777778 0.07239583333333333 0.06805555555555555
2 0.8286458333333334 0.41857638888888893 0.04791666666666666 0.05277777777777778
2 0.534765625 0.9005208333333334 0.04140625 0.06666666666666667
2 0.898046875 0.3284722222222222 0.03671875 0.04444444444444444
2 0.9796875 0.37482638888888886 0.040625 0.04027777777777777
2 0.19921875 0.20057870370370373 0.0421875 0.05740740740740741
2 0.6680989583333333 0.09895833333333333 0.054947916666666666 0.05416666666666666
2 0.5108072916666667 0.1052662037037037 0.04973958333333333 0.0699074074074074