3 0.3690104166666667 0.828125 0.06302083333333333 0.1125
3 0.4666666666666667 0.6038773148148148 0.05208333333333333 0.07962962962962963
3 0.441796875 0.4847800925925926 0.04296875 0.04768518518518518
3 0.28841145833333337 0.6169560185185186 0.029947916666666664 0.04953703703703703
3 0.6014322916666667 0.47280092592592593 0.04036458333333333 0.05185185185185185
1 0.57265625 0.9456597222222222 0.0546875 0.10694444444444444
0 0.6018229166666667 0.778125 0.04427083333333333 0.075
2 0.6893229166666667 0.9277777777777778 0.04739583333333333 0.06805555555555555
2 0.656640625 0.821238425925926 0.04140625 0.05185185185185185
2 0.4287760416666667 0.6363425925925925 0.02317708333333333 0.03518518518518519
2 0.8666666666666666 0.8460069444444445 0.03645833333333333 0.05138888888888889
2 0.8158854166666666 0.8204282407407406 0.04739583333333333 0.05648148148148148
2 0.9305989583333334 0.9038194444444445 0.04244791666666666 0.06388888888888888
3 0.9197916666666666 0.34050925925925923 0.055208333333333325 0.04351851851851852
3 0.7506510416666667 0.35596064814814815 0.03255208333333333 0.046296296296296294
1 0.83515625 0.49496527777777777 0.0546875 0.043055555555555555
2 0.7458333333333333 0.690162037037037 0.03229166666666666 0.04907407407407407
2 0.7674479166666667 0.6994212962962962 0.025520833333333333 0.030092592592592594
2 0.9794270833333334 0.608738425925926 0.04010416666666666 0.039351851851851846
2 0.8372395833333334 0.6210069444444445 0.033854166666666664 0.03888888888888888
2 0.7377604166666667 0.5483217592592593 0.025520833333333333 0.031018518518518518
2 0.732421875 0.5662615740740741 0.02421875 0.023148148148148147