2 0.7553385416666667 0.9893518518518519 0.0013020833333333333 0.0037037037037037034
2 0.8826822916666666 0.7450231481481481 0.11223958333333332 0.12129629629629628
2 0.702734375 0.28836805555555556 0.04609375 0.04861111111111111
2 0.4544270833333333 0.44375 0.049479166666666664 0.05
2 0.703515625 0.6076967592592593 0.07265625 0.08101851851851852
2 0.552734375 0.8210648148148149 0.07421875 0.07962962962962963
2 0.4868489583333333 0.7028356481481481 0.09244791666666666 0.10879629629629628
2 0.5528645833333333 0.30497685185185186 0.04635416666666666 0.0412037037037037
2 0.4126302083333333 0.521701388888889 0.031510416666666666 0.04027777777777777
2 0.3890625 0.38883101851851853 0.03125 0.024537037037037034
2 0.5381510416666667 0.5427083333333333 0.038802083333333334 0.05416666666666666
2 0.60234375 0.32690972222222225 0.0390625 0.03194444444444444
2 0.5533854166666667 0.35381944444444446 0.028645833333333332 0.03888888888888888
2 0.598046875 0.37916666666666665 0.02734375 0.03333333333333333
2 0.4647135416666667 0.5065972222222223 0.038802083333333334 0.04444444444444444