2 0.7194010416666667 0.7311921296296295 0.03567708333333333 0.059259259259259255
2 0.7192708333333333 0.7828703703703703 0.041666666666666664 0.09074074074074073
2 0.7216145833333333 0.5032986111111111 0.027604166666666662 0.05972222222222222
2 0.6641927083333333 0.5336805555555555 0.022135416666666664 0.04861111111111111
2 0.5610677083333333 0.46875 0.04088541666666666 0.0625
2 0.444921875 0.7441550925925926 0.06171875 0.08518518518518518
2 0.45625 0.6809606481481482 0.05 0.08379629629629629
2 0.5614583333333333 0.9118055555555555 0.06041666666666666 0.08611111111111111
2 0.794140625 0.8800925925925925 0.06328125 0.09768518518518518
2 0.6578125 0.9218171296296296 0.0625 0.09675925925925925
2 0.7014322916666667 0.9605324074074074 0.059114583333333325 0.07731481481481481
2 0.6427083333333333 0.8444444444444444 0.05416666666666666 0.07638888888888888
2 0.6526041666666667 0.7836805555555555 0.05208333333333333 0.0736111111111111
2 0.6192708333333333 0.6763888888888889 0.06979166666666667 0.09027777777777776
2 0.6915364583333333 0.5308449074074074 0.039322916666666666 0.06481481481481481
2 0.6346354166666667 0.4444444444444445 0.04739583333333333 0.05138888888888889
2 0.8796875 0.28778935185185184 0.034375 0.0537037037037037
2 0.272265625 0.6100694444444444 0.05078125 0.07638888888888888