2 0.7671875 0.7622685185185185 0.021875 0.037037037037037035
2 0.8052083333333334 0.7657407407407407 0.026041666666666664 0.03148148148148148
2 0.8548177083333334 0.7608217592592592 0.028385416666666663 0.04351851851851852
2 0.9794270833333334 0.6662037037037037 0.04010416666666666 0.04490740740740741
0 0.9173177083333334 0.4373263888888889 0.028385416666666663 0.02777777777777778
0 0.606640625 0.8496527777777778 0.03515625 0.06805555555555555
2 0.7380208333333333 0.5945023148148147 0.026041666666666664 0.029629629629629627
2 0.7334635416666667 0.616087962962963 0.02630208333333333 0.025925925925925925
2 0.8104166666666666 0.8935185185185185 0.03333333333333333 0.04953703703703703
2 0.6604166666666667 0.8965856481481481 0.03333333333333333 0.046296296296296294
2 0.6942708333333333 0.7935763888888889 0.035416666666666666 0.04027777777777777
2 0.7483072916666667 0.7553819444444445 0.03098958333333333 0.05138888888888889
2 0.4321614583333333 0.701099537037037 0.023697916666666666 0.03657407407407407
3 0.6029947916666667 0.5083912037037037 0.03723958333333333 0.04490740740740741
3 0.7481770833333333 0.38310185185185186 0.04010416666666666 0.0537037037037037
3 0.9184895833333334 0.3767361111111111 0.04635416666666666 0.04722222222222222
3 0.4407552083333333 0.5349537037037038 0.047135416666666666 0.05740740740740741
3 0.4696614583333333 0.6662037037037037 0.054947916666666666 0.0824074074074074
3 0.38606770833333337 0.9052083333333334 0.047135416666666666 0.10416666666666666
1 0.83515625 0.5471643518518519 0.0578125 0.0412037037037037
2 0.8369791666666666 0.6816550925925926 0.03333333333333333 0.03518518518518519
2 0.578515625 0.7331597222222223 0.02578125 0.03194444444444444
2 0.7059895833333333 0.5848958333333333 0.021354166666666667 0.041666666666666664
2 0.858984375 0.8423032407407407 0.03046875 0.05648148148148148
2 0.867578125 0.922511574074074 0.03828125 0.04814814814814815
2 0.6240885416666667 0.42465277777777777 0.02630208333333333 0.03055555555555555
3 0.5313802083333333 0.4822916666666667 0.037760416666666664 0.05833333333333333