2 0.4234375 0.313599537037037 0.065625 0.08657407407407407
2 0.4190104166666667 0.40949074074074077 0.07864583333333333 0.08148148148148147
2 0.5739583333333333 0.27569444444444446 0.06354166666666666 0.07638888888888888
2 0.7104166666666667 0.21956018518518516 0.08020833333333333 0.08287037037037036
2 0.9333333333333333 0.7259837962962963 0.13229166666666664 0.21759259259259256
2 0.5848958333333333 0.33587962962962964 0.06666666666666667 0.08425925925925926
2 0.6157552083333333 0.4302083333333333 0.05026041666666666 0.041666666666666664
2 0.7420572916666667 0.4359375 0.03723958333333333 0.0375
2 0.7986979166666667 0.4335069444444445 0.04114583333333333 0.03888888888888888
2 0.9432291666666666 0.3999421296296296 0.05208333333333333 0.07175925925925926
2 0.4006510416666667 0.21163194444444447 0.04505208333333333 0.03888888888888888
2 0.39518229166666663 0.2598958333333333 0.02786458333333333 0.041666666666666664
2 0.13567708333333334 0.5944444444444444 0.07447916666666667 0.07638888888888888
2 0.023307291666666667 0.7957175925925926 0.046614583333333334 0.12268518518518519